mjdmean mag dmag band
55352.94140625 15.48875617980957 0.03660130500793457 1
55352.94140625 15.191654205322266 0.0925631895661354 2
55542.46484375 15.3706636428833 0.03667091578245163 1
55542.46484375 15.234318733215332 0.11811129003763199 2
56640.87890625 15.37956428527832 0.036685239523649216 1
56640.87890625 15.228236198425293 0.13208602368831635 2
56816.33203125 15.33657455444336 0.04078684374690056 1
56816.33203125 15.138097763061523 0.13375850021839142 2
57005.83984375 15.39802074432373 0.03856029361486435 1
57005.83984375 15.05423641204834 0.11654380708932877 2
57176.6796875 15.374619483947754 0.037998512387275696 1
57176.6796875 15.21379566192627 0.12753291428089142 2
57369.23046875 15.327353477478027 0.03534925729036331 1
57369.23046875 15.009242057800293 0.10402742028236389 2
57535.484375 15.33087158203125 0.03689821809530258 1
57535.484375 15.405499458312988 0.15776638686656952 2
57733.421875 15.313183784484863 0.03866450488567352 1
57733.421875 15.064498901367188 0.1329587697982788 2
57895.99609375 15.420689582824707 0.035858623683452606 1
58098.97265625 15.267495155334473 0.037319257855415344 1
58098.97265625 15.227120399475098 0.1653594672679901 2
58256.4140625 15.3926362991333 0.03493474796414375 1
58256.4140625 15.379471778869629 0.13688193261623383 2
58464.6640625 15.32457447052002 0.03436868637800217 1
58464.6640625 15.041441917419434 0.11549943685531616 2
58623.484375 15.425095558166504 0.03719670698046684 1
58623.484375 15.191633224487305 0.12491478025913239 2
58828.91796875 15.360013961791992 0.03569089248776436 1
58828.91796875 14.924386024475098 0.1063968688249588 2
58987.68359375 15.406747817993164 0.03546280413866043 1
58987.68359375 15.051255226135254 0.10650850832462311 2
59195.5 15.409220695495605 0.07455114275217056 1
59195.5 15.530813217163086 0.41020628809928894 2
