mjdmean mag dmag band
55216.48046875 15.197702407836914 0.028349146246910095 1
55216.48046875 15.01331901550293 0.08519496023654938 2
55393.76171875 15.34639835357666 0.025609903037548065 1
55393.76171875 15.128049850463867 0.07105302810668945 2
55582.83203125 15.224889755249023 0.02682408131659031 1
55582.83203125 14.924200057983398 0.0727570429444313 2
56678.890625 15.19749641418457 0.027440417557954788 1
56678.890625 15.046638488769531 0.098686583340168 2
56857.19140625 15.20199203491211 0.024799073114991188 1
56857.2578125 15.054944038391113 0.08777342736721039 2
57043.484375 15.270919799804688 0.031370434910058975 1
57043.484375 15.011686325073242 0.09697648882865906 2
57216.05078125 15.217171669006348 0.02335904724895954 1
57216.05078125 15.025056838989258 0.08107693493366241 2
57406.3359375 15.28740119934082 0.03287970647215843 1
57406.26953125 15.078181266784668 0.1105320081114769 2
57577.71484375 15.24889850616455 0.026512764394283295 1
57577.71484375 14.937155723571777 0.08216676115989685 2
57771.9921875 15.25588607788086 0.03253314271569252 1
57771.9921875 14.803564071655273 0.09508053958415985 2
57936.8515625 15.246404647827148 0.01954229734838009 1
57936.8515625 15.03804874420166 0.07281588017940521 2
58137.71875 15.322011947631836 0.03131211921572685 1
58137.71875 15.033953666687012 0.09508243203163147 2
58298.7578125 15.249794006347656 0.02627500705420971 1
58298.7578125 14.94509220123291 0.08514582365751266 2
58505.51953125 15.246994018554688 0.02805623784661293 1
58505.51953125 15.02768325805664 0.09398674219846725 2
58662.93359375 15.21250057220459 0.026484275236725807 1
58662.93359375 14.978203773498535 0.10357365012168884 2
58867.50390625 15.340170860290527 0.028309283778071404 1
58867.50390625 15.024392127990723 0.0918632447719574 2
59028.55859375 15.338170051574707 0.027813313528895378 1
59028.55859375 15.287552833557129 0.1342046707868576 2
