mjdmean mag dmag band
55351.484375 16.357362747192383 0.3057897388935089 2
57004.4609375 17.811838150024414 0.3857205808162689 1
57175.234375 17.416059494018555 0.21123270690441132 1
57534.109375 17.699420928955078 0.2952715754508972 1
58097.6640625 17.510055541992188 0.22487077116966248 1
58463.35546875 17.12299919128418 0.19299712777137756 1
58622.04296875 17.163013458251953 0.17917625606060028 1
58827.609375 17.17353057861328 0.20038707554340363 1
58986.24609375 17.379648208618164 0.22985708713531494 1
