mjdmean mag dmag band
55231.3671875 15.413604736328125 0.027798619121313095 1
55231.3671875 15.21731948852539 0.08223164081573486 2
55410.76171875 15.43136215209961 0.02910967729985714 1
55410.76171875 15.278858184814453 0.08525986224412918 2
56694.69921875 15.429579734802246 0.03305009752511978 1
56694.69921875 15.327713966369629 0.12404260784387589 2
56874.1015625 15.47598648071289 0.029361864551901817 1
56874.1015625 15.222826957702637 0.09601244330406189 2
57060.171875 15.461182594299316 0.03408791869878769 1
57060.171875 15.350387573242188 0.12346914410591125 2
57234.41796875 15.422760009765625 0.03214830160140991 1
57234.41796875 15.131683349609375 0.09967513382434845 2
57422.06640625 15.470992088317871 0.03232849761843681 1
57422.06640625 15.167718887329102 0.09717541933059692 2
57593.27734375 15.445209503173828 0.03318217024207115 1
57593.27734375 15.181970596313477 0.10383658856153488 2
57787.97265625 15.45391845703125 0.03290296345949173 1
57787.97265625 15.244119644165039 0.11258994042873383 2
57953.74609375 15.45508098602295 0.030983377248048782 1
57953.74609375 15.195789337158203 0.10427853465080261 2
58153.6875 15.396227836608887 0.025547612458467484 1
58153.6875 15.317292213439941 0.09883928298950195 2
58316.58984375 15.437970161437988 0.030323060229420662 1
58316.58984375 15.207393646240234 0.10705431550741196 2
58519.2265625 15.47999095916748 0.032976459711790085 1
58519.2265625 15.365614891052246 0.1259421855211258 2
58681.25 15.469905853271484 0.031143441796302795 1
58681.25 15.098526954650879 0.10574421286582947 2
58883.4609375 15.463075637817383 0.033996839076280594 1
58883.4609375 15.251738548278809 0.11584166437387466 2
59045.43359375 15.366621017456055 0.02961919642984867 1
59045.43359375 15.198907852172852 0.11844125390052795 2
