mjdmean mag dmag band
55327.54296875 15.376213073730469 0.03145599365234375 1
55327.54296875 15.114229202270508 0.08466757088899612 2
55518.19140625 15.400696754455566 0.03672081604599953 1
55518.19140625 15.205613136291504 0.11245555430650711 2
56792.31640625 15.401114463806152 0.03445868194103241 1
56792.31640625 14.979653358459473 0.09127981215715408 2
56982.96484375 15.267228126525879 0.031137563288211823 1
56982.96484375 15.184212684631348 0.11674567312002182 2
57151.21875 15.388031005859375 0.03505183011293411 1
57151.21875 15.200562477111816 0.11299832910299301 2
57344.90234375 15.397509574890137 0.04073505103588104 1
57344.90234375 15.295127868652344 0.1428912878036499 2
57510.0625 15.358732223510742 0.03263425454497337 1
57510.0625 15.125446319580078 0.10048025101423264 2
57710.59375 15.329193115234375 0.03241772949695587 1
57710.52734375 15.179882049560547 0.11622470617294312 2
57873.34375 15.370220184326172 0.03352823108434677 1
57873.34375 15.1839017868042 0.10497767478227615 2
58076.05859375 15.453845024108887 0.03908976912498474 1
58232.46484375 15.382143020629883 0.027297351509332657 1
58232.46484375 15.29345989227295 0.1382327526807785 2
58440.3203125 15.377031326293945 0.036217186599969864 1
58440.3203125 15.403914451599121 0.158594012260437 2
58598.10546875 15.353283882141113 0.03491898626089096 1
58598.10546875 15.278939247131348 0.1324869692325592 2
58806.01953125 15.38048267364502 0.028565702959895134 1
58806.01953125 15.231621742248535 0.12491325289011002 2
58962.3125 15.300586700439453 0.03449414297938347 1
58962.3125 15.185555458068848 0.12916572391986847 2
59171.53515625 15.483573913574219 0.03845943883061409 1
59171.53515625 15.143722534179688 0.124063640832901 2
