oid,time,magnitude,error,band
QSO_73.50744-44.80864,55241.254,19.766986000000003,0.09248869,W1
QSO_73.50744-44.80864,55241.254,19.556058,0.14680494,W2
QSO_73.50744-44.80864,55434.48,19.796892999999997,0.11037498,W1
QSO_73.50744-44.80864,55434.48,19.585103,0.16382858,W2
QSO_73.50744-44.80864,56705.793,20.155194,0.14587966,W1
QSO_73.50744-44.80864,56705.793,20.149295,0.32837886,W2
QSO_73.50744-44.80864,56896.637,19.916885999999998,0.116651826,W1
QSO_73.50744-44.80864,56896.7,19.837676,0.2423146,W2
QSO_73.50744-44.80864,57064.992,19.933686,0.11684365,W1
QSO_73.50744-44.80864,57064.992,19.81606,0.23902881,W2
QSO_73.50744-44.80864,57258.535,19.930146,0.11668661,W1
QSO_73.50744-44.80864,57427.766,19.83491,0.105049394,W1
QSO_73.50744-44.80864,57624.105,19.895625000000003,0.11071207,W1
QSO_73.50744-44.80864,57789.703,20.012168000000003,0.0936906,W1
QSO_73.50744-44.80864,57989.66,19.754213999999997,0.1004432,W1
QSO_73.50744-44.80864,58146.844,20.087952,0.11663543,W1
QSO_73.50744-44.80864,58146.844,19.964554999999997,0.26247102,W2
QSO_73.50744-44.80864,58357.2,19.952323,0.116775975,W1
QSO_73.50744-44.80864,58357.2,19.804319,0.23789613,W2
QSO_73.50744-44.80864,58512.45,20.139871999999997,0.14145617,W1
QSO_73.50744-44.80864,58512.516,19.62193,0.21496142,W2
QSO_73.50744-44.80864,58719.492,20.052214,0.103784606,W1
QSO_73.50744-44.80864,58719.492,19.828537999999998,0.20494527,W2
QSO_73.50744-44.80864,58878.324,20.092799999999997,0.1327903,W1
QSO_73.50744-44.80864,59085.03,20.020743000000003,0.13140735,W1
QSO_73.50744-44.80864,59085.03,19.781257,0.2648921,W2
calib_s_73.641257-44.838727,55241.25390625,20.0214983215332,0.1161185055971145,W1
calib_s_73.641257-44.838727,55241.25390625,19.761430038452147,0.1768176406621933,W2
calib_s_73.641257-44.838727,55434.48046875,19.963673233032225,0.1259973794221878,W1
calib_s_73.641257-44.838727,55434.48046875,19.642743362426756,0.16957688331604,W2
calib_s_73.641257-44.838727,56705.79296875,19.831286071777342,0.1106270998716354,W1
calib_s_73.641257-44.838727,56705.79296875,19.795518173217772,0.2306923419237136,W2
calib_s_73.641257-44.838727,56896.63671875,19.810289978027342,0.111559621989727,W1
calib_s_73.641257-44.838727,56896.69921875,19.75247312927246,0.2319179475307464,W2
calib_s_73.641257-44.838727,57064.9921875,19.927513717651365,0.1144064515829086,W1
calib_s_73.641257-44.838727,57064.9921875,19.29709841156006,0.1417862474918365,W2
calib_s_73.641257-44.838727,57258.53515625,19.783747314453123,0.1037489101290702,W1
calib_s_73.641257-44.838727,57427.765625,19.991995452880857,0.1216993704438209,W1
calib_s_73.641257-44.838727,57624.10546875,20.089113830566404,0.1340881288051605,W1
calib_s_73.641257-44.838727,57624.10546875,20.060120834350585,0.2943902611732483,W2
calib_s_73.641257-44.838727,57789.703125,19.75562727355957,0.0720617696642875,W1
calib_s_73.641257-44.838727,57789.703125,19.812217010498046,0.1801008582115173,W2
calib_s_73.641257-44.838727,57989.66015625,19.97160398864746,0.1236851885914802,W1
calib_s_73.641257-44.838727,57989.66015625,19.66092802429199,0.2210809290409088,W2
calib_s_73.641257-44.838727,58146.84375,19.86327421569824,0.0967608913779258,W1
calib_s_73.641257-44.838727,58146.84375,20.29363752746582,0.3606897890567779,W2
calib_s_73.641257-44.838727,58357.19921875,19.847347854614256,0.1006040871143341,W1
calib_s_73.641257-44.838727,58512.44921875,19.78232061767578,0.1014567986130714,W1
calib_s_73.641257-44.838727,58512.515625,20.305997146606444,0.3935790359973907,W2
calib_s_73.641257-44.838727,58719.4921875,19.896202682495115,0.0888300091028213,W1
calib_s_73.641257-44.838727,58719.4921875,19.64767576599121,0.169849008321762,W2
calib_s_73.641257-44.838727,58878.32421875,19.946360229492186,0.1191220805048942,W1
calib_s_73.641257-44.838727,58878.32421875,19.554051651000975,0.2042356431484222,W2
calib_s_73.641257-44.838727,59085.03125,19.939158081054686,0.1199051514267921,W1
calib_s_73.32056-44.731138,55237.87890625,19.795746444702147,0.0954386889934539,W1
calib_s_73.32056-44.731138,55237.8125,19.619954360961913,0.159009963274002,W2
calib_s_73.32056-44.731138,55428.26171875,19.835091232299803,0.1123678758740425,W1
calib_s_73.32056-44.731138,55428.26171875,19.470277084350585,0.1470363289117813,W2
calib_s_73.32056-44.731138,56700.359375,19.6543165435791,0.0923585295677185,W1
calib_s_73.32056-44.731138,56700.359375,19.92892004394531,0.2461435347795486,W2
calib_s_73.32056-44.731138,56891.40625,19.83240377807617,0.1124369651079177,W1
calib_s_73.32056-44.731138,56891.40625,19.71401525878906,0.2263555973768234,W2
calib_s_73.32056-44.731138,57061.7109375,19.729271530151365,0.0984525680541992,W1
calib_s_73.32056-44.731138,57061.7109375,20.10393453979492,0.3080300092697143,W2
calib_s_73.32056-44.731138,57254.9921875,19.879498123168943,0.1201969161629676,W1
calib_s_73.32056-44.731138,57254.9921875,20.121968521118163,0.349344253540039,W2
calib_s_73.32056-44.731138,57421.30859375,19.796713470458982,0.1101605370640754,W1
calib_s_73.32056-44.731138,57421.30859375,19.925893081665038,0.2667427361011505,W2
calib_s_73.32056-44.731138,57620.56640625,19.566122650146482,0.082775630056858,W1
calib_s_73.32056-44.731138,57620.56640625,19.735284103393553,0.2254901230335235,W2
calib_s_73.32056-44.731138,57786.49609375,19.680515884399412,0.0690607652068138,W1
calib_s_73.32056-44.731138,57786.49609375,19.932597412109374,0.1920100599527359,W2
calib_s_73.32056-44.731138,57984.75,19.687468170166014,0.1001573950052261,W1
calib_s_73.32056-44.731138,57984.75,19.796424163818358,0.2575897574424743,W2
calib_s_73.32056-44.731138,58143.96484375,19.674543975830076,0.0779901444911956,W1
calib_s_73.32056-44.731138,58144.03125,20.04050566101074,0.2600943148136139,W2
calib_s_73.32056-44.731138,58350.359375,19.77012121582031,0.1022911891341209,W1
calib_s_73.32056-44.731138,58350.359375,19.957276596069335,0.2986059486865997,W2
calib_s_73.32056-44.731138,58509.1796875,19.77135527038574,0.1047228798270225,W1
calib_s_73.32056-44.731138,58509.1796875,19.51693083190918,0.1875298023223877,W2
calib_s_73.32056-44.731138,58716.0234375,19.76122915649414,0.0854150205850601,W1
calib_s_73.32056-44.731138,58716.0234375,19.921130432128905,0.2437787503004074,W2
calib_s_73.32056-44.731138,58876.62109375,19.731218933105467,0.1000825017690658,W1
calib_s_73.32056-44.731138,58876.62109375,19.675227416992186,0.2202392071485519,W2
calib_s_73.32056-44.731138,59081.76171875,19.866579650878904,0.1184481009840965,W1
calib_s_73.416875-44.644566,55239.46875,19.314373611450193,0.0649176314473152,W1
calib_s_73.416875-44.644566,55239.46875,19.7113030090332,0.1722275465726852,W2
calib_s_73.416875-44.644566,55433.62109375,19.277582763671873,0.0693598464131355,W1
calib_s_73.416875-44.644566,55433.62109375,19.501637710571288,0.1498392522335052,W2
calib_s_73.416875-44.644566,56704.1484375,19.355824111938475,0.0707121938467025,W1
calib_s_73.416875-44.644566,56704.1484375,19.500027908325194,0.168082132935524,W2
calib_s_73.416875-44.644566,56894.79296875,19.282703994750975,0.0663098841905593,W1
calib_s_73.416875-44.644566,56894.79296875,19.693816436767577,0.2205936461687088,W2
calib_s_73.416875-44.644566,57063.28515625,19.159258483886717,0.0587359145283699,W1
calib_s_73.416875-44.644566,57063.28515625,19.467313064575194,0.1636668741703033,W2
calib_s_73.416875-44.644566,57256.6953125,19.352066635131834,0.0721345022320747,W1
calib_s_73.416875-44.644566,57256.6953125,19.775412811279296,0.2516382336616516,W2
calib_s_73.416875-44.644566,57422.6875,19.18928968811035,0.0603968314826488,W1
calib_s_73.416875-44.644566,57422.6875,19.5742294921875,0.1866659671068191,W2
calib_s_73.416875-44.644566,57622.3359375,19.211598037719725,0.058145135641098,W1
calib_s_73.416875-44.644566,57622.3359375,19.84316564941406,0.2435532808303833,W2
calib_s_73.416875-44.644566,57788.1328125,19.173411010742186,0.0452281050384044,W1
calib_s_73.416875-44.644566,57788.1328125,19.445807708740233,0.1288693249225616,W2
calib_s_73.416875-44.644566,57987.890625,19.329064010620115,0.0681828260421752,W1
calib_s_73.416875-44.644566,57987.890625,19.569007171630858,0.2027067691087722,W2
calib_s_73.416875-44.644566,58145.33984375,19.281298278808592,0.0574409067630767,W1
calib_s_73.416875-44.644566,58145.33984375,19.453072799682616,0.1531475335359573,W2
calib_s_73.416875-44.644566,58352.0625,19.319149612426756,0.0648170709609985,W1
calib_s_73.416875-44.644566,58352.0625,19.673722518920897,0.2158665806055069,W2
calib_s_73.416875-44.644566,58510.81640625,19.256678222656248,0.0633687451481819,W1
calib_s_73.416875-44.644566,58717.72265625,19.25044119262695,0.0511466860771179,W1
calib_s_73.416875-44.644566,58717.72265625,19.54005171203613,0.1671914309263229,W2
calib_s_73.416875-44.644566,58877.66796875,19.211470245361326,0.062146246433258,W1
calib_s_73.416875-44.644566,59083.3984375,19.408800720214842,0.0746462941169738,W1
calib_s_73.416875-44.644566,59083.3984375,19.916518463134764,0.3066873550415039,W2
calib_s_73.416446-44.821232,55237.87890625,19.80602323913574,0.0979567617177963,W1
calib_s_73.416446-44.821232,55237.8125,20.047827972412108,0.2304558604955673,W2
calib_s_73.416446-44.821232,55428.26171875,19.722151397705076,0.0982928648591041,W1
calib_s_73.416446-44.821232,55428.26171875,19.80317999267578,0.1996089518070221,W2
calib_s_73.416446-44.821232,56700.359375,19.950779556274412,0.1184056550264358,W1
calib_s_73.416446-44.821232,56891.40625,19.771834014892576,0.1022690683603286,W1
calib_s_73.416446-44.821232,57061.7109375,19.63901007080078,0.0924563929438591,W1
calib_s_73.416446-44.821232,57061.7109375,20.04503561401367,0.2741947770118713,W2
calib_s_73.416446-44.821232,57254.9921875,19.664328216552732,0.0994787067174911,W1
calib_s_73.416446-44.821232,57254.9921875,19.941312088012694,0.288746029138565,W2
calib_s_73.416446-44.821232,57421.30859375,19.987381576538084,0.124080054461956,W1
calib_s_73.416446-44.821232,57421.30859375,19.74346853637695,0.2098592519760131,W2
calib_s_73.416446-44.821232,57620.56640625,19.870461105346678,0.1091551557183265,W1
calib_s_73.416446-44.821232,57786.49609375,19.851999877929686,0.0815441831946373,W1
calib_s_73.416446-44.821232,57786.49609375,20.15338064575195,0.240689218044281,W2
calib_s_73.416446-44.821232,58143.96484375,19.8526808013916,0.0917904824018478,W1
calib_s_73.416446-44.821232,58350.359375,19.764109252929686,0.0980569273233413,W1
calib_s_73.416446-44.821232,58509.1796875,19.928944229125975,0.1162832602858543,W1
calib_s_73.416446-44.821232,58716.0234375,19.706734298706053,0.078942984342575,W1
calib_s_73.416446-44.821232,58876.62109375,19.7655225982666,0.1001105904579162,W1
calib_s_73.416446-44.821232,58876.62109375,19.79675032043457,0.2349676191806793,W2
calib_s_73.416446-44.821232,59081.69921875,19.784226669311522,0.2704062461853027,W2
calib_s_73.633369-44.970102,55241.25390625,20.03211080932617,0.1191663593053817,W1
calib_s_73.633369-44.970102,55434.48046875,19.96099150085449,0.1232394203543663,W1
calib_s_73.633369-44.970102,56705.79296875,20.039663909912107,0.1320042312145233,W1
calib_s_73.633369-44.970102,56705.79296875,19.70930220031738,0.2085500508546829,W2
calib_s_73.633369-44.970102,56896.63671875,20.031529067993162,0.1331610381603241,W1
calib_s_73.633369-44.970102,56896.69921875,19.621995223999022,0.20947827398777,W2
calib_s_73.633369-44.970102,57064.9921875,19.89506018066406,0.1158101931214332,W1
calib_s_73.633369-44.970102,57064.9921875,19.701716674804686,0.2160020917654037,W2
calib_s_73.633369-44.970102,57258.53515625,20.002308486938475,0.1243431940674781,W1
calib_s_73.633369-44.970102,57258.40234375,19.88862348937988,0.2618257701396942,W2
calib_s_73.633369-44.970102,57427.765625,19.924021362304686,0.1186838373541832,W1
calib_s_73.633369-44.970102,57624.10546875,20.192595123291014,0.1432879269123077,W1
calib_s_73.633369-44.970102,57789.703125,20.062529205322264,0.094362661242485,W1
calib_s_73.633369-44.970102,57989.66015625,20.16267073059082,0.1463943868875503,W1
calib_s_73.633369-44.970102,57989.66015625,20.223273529052733,0.3666084110736847,W2
calib_s_73.633369-44.970102,58146.84375,19.70769560241699,0.0746281668543815,W1
calib_s_73.633369-44.970102,58357.19921875,19.864540695190428,0.1059110984206199,W1
calib_s_73.633369-44.970102,58512.44921875,19.948769210815428,0.1220880821347236,W1
calib_s_73.633369-44.970102,58719.4921875,19.95391905212402,0.0897982418537139,W1
calib_s_73.633369-44.970102,58878.32421875,19.81652700805664,0.1052490770816803,W1
calib_s_73.633369-44.970102,59085.03125,19.903479217529295,0.1168494150042533,W1
calib_s_73.633369-44.970102,59085.03125,19.411582244873046,0.1793312728404998,W2
calib_s_73.572069-44.789284,55241.25390625,19.350426315307615,0.0653204768896102,W1
calib_s_73.572069-44.789284,55241.25390625,19.761164916992186,0.1830706000328064,W2
calib_s_73.572069-44.789284,55434.48046875,19.194670318603514,0.0621479712426662,W1
calib_s_73.572069-44.789284,56705.79296875,19.348253845214842,0.0697672292590141,W1
calib_s_73.572069-44.789284,56896.63671875,19.45563375854492,0.0776204168796539,W1
calib_s_73.572069-44.789284,56896.69921875,19.739796890258788,0.2236894071102142,W2
calib_s_73.572069-44.789284,57064.9921875,19.235809921264647,0.0623625256121158,W1
calib_s_73.572069-44.789284,57064.9921875,19.323400749206545,0.1477291733026504,W2
calib_s_73.572069-44.789284,57258.53515625,19.235125183105467,0.0637363567948341,W1
calib_s_73.572069-44.789284,57258.40234375,19.576024307250975,0.1926101297140121,W2
calib_s_73.572069-44.789284,57427.765625,19.72314192199707,0.211261361837387,W2
calib_s_73.572069-44.789284,57624.10546875,19.305929779052732,0.0669368579983711,W1
calib_s_73.572069-44.789284,57624.10546875,19.591838134765624,0.1986224055290222,W2
calib_s_73.572069-44.789284,57789.703125,19.3176466217041,0.0489024855196476,W1
calib_s_73.572069-44.789284,57789.703125,19.73629309082031,0.1678032875061035,W2
calib_s_73.572069-44.789284,57989.66015625,19.235584854125975,0.0623671188950538,W1
calib_s_73.572069-44.789284,57989.66015625,19.498494400024413,0.1855041086673736,W2
calib_s_73.572069-44.789284,58146.84375,19.28197538757324,0.0556302368640899,W1
calib_s_73.572069-44.789284,58146.84375,19.60122801208496,0.1856583952903747,W2
calib_s_73.572069-44.789284,58357.19921875,19.296686767578123,0.0668865069746971,W1
calib_s_73.572069-44.789284,58357.19921875,19.81417967224121,0.2361183166503906,W2
calib_s_73.572069-44.789284,58512.44921875,19.354733108520506,0.0693406611680984,W1
calib_s_73.572069-44.789284,58512.515625,19.206177963256835,0.1440734267234802,W2
calib_s_73.572069-44.789284,58719.4921875,19.276053070068357,0.0504374355077743,W1
calib_s_73.572069-44.789284,58719.4921875,20.31240393066406,0.3065501451492309,W2
calib_s_73.572069-44.789284,58878.32421875,19.33605825805664,0.0650080069899559,W1
calib_s_73.572069-44.789284,58878.32421875,19.889132751464842,0.2592229843139648,W2
calib_s_73.572069-44.789284,59085.03125,19.273163436889647,0.0681274756789207,W1
calib_s_73.319187-44.907825,55237.87890625,20.445212005615232,0.1724784970283508,W1
calib_s_73.319187-44.907825,55237.8125,19.602982772827147,0.1510315835475921,W2
calib_s_73.319187-44.907825,55428.26171875,20.621891616821287,0.2347519844770431,W1
calib_s_73.319187-44.907825,55428.26171875,19.941897644042967,0.2268334925174713,W2
calib_s_73.319187-44.907825,56700.359375,20.33128416442871,0.1690472066402435,W1
calib_s_73.319187-44.907825,56891.40625,20.144526123046873,0.1531260907649994,W1
calib_s_73.319187-44.907825,56891.40625,19.337928070068358,0.1653928011655807,W2
calib_s_73.319187-44.907825,57061.7109375,19.574776901245116,0.1885899305343628,W2
calib_s_73.319187-44.907825,57254.9921875,20.028317092895506,0.1351568400859832,W1
calib_s_73.319187-44.907825,57254.9921875,19.502856506347655,0.2025444358587265,W2
calib_s_73.319187-44.907825,57421.30859375,20.101605056762693,0.1402649581432342,W1
calib_s_73.319187-44.907825,57421.30859375,19.277516616821288,0.1484231948852539,W2
calib_s_73.319187-44.907825,57620.56640625,20.260798095703123,0.1545598655939102,W1
calib_s_73.319187-44.907825,57620.56640625,20.068463577270506,0.3056176304817199,W2
calib_s_73.319187-44.907825,57786.49609375,20.204567550659178,0.1139771193265914,W1
calib_s_73.319187-44.907825,57786.49609375,19.90956427001953,0.1978646218776703,W2
calib_s_73.319187-44.907825,57984.75,20.20977842712402,0.1566126644611358,W1
calib_s_73.319187-44.907825,58143.96484375,20.19210493469238,0.1145925745368003,W1
calib_s_73.319187-44.907825,58144.03125,19.856589569091796,0.2042539864778518,W2
calib_s_73.319187-44.907825,58350.359375,19.9841505279541,0.1264393776655197,W1
calib_s_73.319187-44.907825,58509.1796875,20.230892776489256,0.1544192135334015,W1
calib_s_73.319187-44.907825,58509.1796875,19.972638381958006,0.2942052781581878,W2
calib_s_73.319187-44.907825,58716.0234375,20.06828367614746,0.118102066218853,W1
calib_s_73.319187-44.907825,58716.0234375,20.330315841674803,0.367467850446701,W2
calib_s_73.319187-44.907825,58876.62109375,20.148129104614256,0.1419260203838348,W1
calib_s_73.319187-44.907825,59081.76171875,20.174812911987303,0.1567935049533844,W1
calib_s_73.319187-44.907825,59081.69921875,19.665391220092772,0.2478540688753128,W2
calib_s_73.54104-44.83076,55241.25390625,19.237431167602537,0.0577388480305671,W1
calib_s_73.54104-44.83076,55241.25390625,19.6774895324707,0.1678987145423889,W2
calib_s_73.54104-44.83076,55434.48046875,19.20730268859863,0.0635664761066436,W1
calib_s_73.54104-44.83076,55434.48046875,19.667937530517577,0.172426238656044,W2
calib_s_73.54104-44.83076,56705.79296875,19.4137159576416,0.0734297409653663,W1
calib_s_73.54104-44.83076,56705.79296875,19.39808966064453,0.1559519171714782,W2
calib_s_73.54104-44.83076,56896.63671875,19.363548873901365,0.0729971230030059,W1
calib_s_73.54104-44.83076,56896.69921875,19.77035070800781,0.2317677140235901,W2
calib_s_73.54104-44.83076,57064.9921875,19.291102050781248,0.0636145919561386,W1
calib_s_73.54104-44.83076,57258.53515625,19.31875288391113,0.0659588053822517,W1
calib_s_73.54104-44.83076,57258.40234375,19.73016287231445,0.2134334295988083,W2
calib_s_73.54104-44.83076,57427.765625,19.329491256713865,0.0666855871677398,W1
calib_s_73.54104-44.83076,57427.765625,19.699666275024413,0.2129392474889755,W2
calib_s_73.54104-44.83076,57624.10546875,19.147322296142576,0.0576208271086216,W1
calib_s_73.54104-44.83076,57789.703125,19.179756759643553,0.043647464364767,W1
calib_s_73.54104-44.83076,57789.703125,19.521607650756835,0.1374380439519882,W2
calib_s_73.54104-44.83076,57989.66015625,19.356196044921873,0.0738509073853492,W1
calib_s_73.54104-44.83076,57989.66015625,19.57443357849121,0.2056793123483657,W2
calib_s_73.54104-44.83076,58146.84375,19.15530073547363,0.0496517345309257,W1
calib_s_73.54104-44.83076,58146.84375,19.62096334838867,0.1897438913583755,W2
calib_s_73.54104-44.83076,58357.19921875,19.25948774719238,0.0600752085447311,W1
calib_s_73.54104-44.83076,58357.19921875,19.791417373657225,0.2247595638036728,W2
calib_s_73.54104-44.83076,58512.44921875,19.413529037475584,0.0763701274991035,W1
calib_s_73.54104-44.83076,58719.4921875,19.430214523315428,0.058728277683258,W1
calib_s_73.54104-44.83076,58719.4921875,19.537402404785155,0.1558568477630615,W2
calib_s_73.54104-44.83076,58878.32421875,19.149988769531248,0.0550199970602989,W1
calib_s_73.54104-44.83076,59085.03125,19.2572160949707,0.0670681968331337,W1
calib_s_73.54104-44.83076,59085.03125,19.641734375,0.2320492714643478,W2
calib_s_73.492155-44.951791,55241.25390625,19.92297994995117,0.1106458157300949,W1
calib_s_73.492155-44.951791,55241.25390625,20.027617706298827,0.2392973154783249,W2
calib_s_73.492155-44.951791,55434.48046875,19.465044616699217,0.0815983563661575,W1
calib_s_73.492155-44.951791,55434.48046875,19.445966018676756,0.1422636210918426,W2
calib_s_73.492155-44.951791,56705.79296875,19.610176681518553,0.0849412158131599,W1
calib_s_73.492155-44.951791,56896.63671875,19.843920349121092,0.1068252325057983,W1
calib_s_73.492155-44.951791,56896.69921875,19.831198944091796,0.2392941117286682,W2
calib_s_73.492155-44.951791,57064.9921875,19.837948440551756,0.1080150157213211,W1
calib_s_73.492155-44.951791,57064.9921875,19.903918518066405,0.2593426406383514,W2
calib_s_73.492155-44.951791,57258.53515625,19.62303221130371,0.0921969041228294,W1
calib_s_73.492155-44.951791,57427.765625,19.63976919555664,0.0913882181048393,W1
calib_s_73.492155-44.951791,57427.765625,20.01893927001953,0.2975408136844635,W2
calib_s_73.492155-44.951791,57624.10546875,19.711727737426756,0.0899592638015747,W1
calib_s_73.492155-44.951791,57624.10546875,19.75024153137207,0.2160980105400085,W2
calib_s_73.492155-44.951791,57789.703125,19.637163757324217,0.0658373162150383,W1
calib_s_73.492155-44.951791,57789.703125,20.293500198364256,0.2831127047538757,W2
calib_s_73.492155-44.951791,57989.66015625,19.515701889038084,0.0818442776799202,W1
calib_s_73.492155-44.951791,57989.66015625,20.143283142089842,0.3572701215744018,W2
calib_s_73.492155-44.951791,58146.84375,19.692125915527342,0.0777244865894317,W1
calib_s_73.492155-44.951791,58357.19921875,19.56765425109863,0.0789442732930183,W1
calib_s_73.492155-44.951791,58512.44921875,19.507647155761717,0.0811454057693481,W1
calib_s_73.492155-44.951791,58719.4921875,19.639141677856443,0.0738239660859108,W1
calib_s_73.492155-44.951791,58719.4921875,19.98475958251953,0.2484355270862579,W2
calib_s_73.492155-44.951791,58878.32421875,19.684057830810545,0.090085782110691,W1
calib_s_73.492155-44.951791,59085.03125,19.52876150512695,0.0816103518009185,W1
calib_s_73.559824-44.873917,55241.25390625,19.898703216552732,0.1050253808498382,W1
calib_s_73.559824-44.873917,55241.25390625,19.65611959838867,0.165983572602272,W2
calib_s_73.559824-44.873917,55434.48046875,19.92002928161621,0.1277854591608047,W1
calib_s_73.559824-44.873917,55434.48046875,19.863589538574217,0.213112860918045,W2
calib_s_73.559824-44.873917,56705.79296875,19.64489614868164,0.0908635556697845,W1
calib_s_73.559824-44.873917,56705.79296875,19.767733825683592,0.2206492125988006,W2
calib_s_73.559824-44.873917,56896.63671875,19.561270355224607,0.08277527987957,W1
calib_s_73.559824-44.873917,56896.69921875,19.832064880371092,0.2459052205085754,W2
calib_s_73.559824-44.873917,57064.9921875,19.56892263793945,0.0821208581328392,W1
calib_s_73.559824-44.873917,57064.9921875,19.89483572387695,0.2455323189496994,W2
calib_s_73.559824-44.873917,57258.53515625,19.630013107299803,0.0901029407978057,W1
calib_s_73.559824-44.873917,57258.40234375,19.869160903930663,0.2483473122119903,W2
calib_s_73.559824-44.873917,57427.765625,19.38667166137695,0.0745453983545303,W1
calib_s_73.559824-44.873917,57427.765625,19.96156050109863,0.2813001573085785,W2
calib_s_73.559824-44.873917,57624.10546875,19.55070555114746,0.079723373055458,W1
calib_s_73.559824-44.873917,57789.703125,19.5571428527832,0.0614565126597881,W1
calib_s_73.559824-44.873917,57789.703125,19.798749221801756,0.1757900565862655,W2
calib_s_73.559824-44.873917,57989.66015625,19.51824819946289,0.0822092071175575,W1
calib_s_73.559824-44.873917,57989.66015625,19.57005239868164,0.2016933560371399,W2
calib_s_73.559824-44.873917,58146.84375,19.669903396606443,0.0785168036818504,W1
calib_s_73.559824-44.873917,58146.84375,20.580344451904296,0.4447468221187591,W2
calib_s_73.559824-44.873917,58357.19921875,19.491547225952147,0.0747214406728744,W1
calib_s_73.559824-44.873917,58357.19921875,19.76429487609863,0.2244162410497665,W2
calib_s_73.559824-44.873917,58512.44921875,19.676104187011717,0.0903202816843986,W1
calib_s_73.559824-44.873917,58512.515625,19.70139433288574,0.2256797850131988,W2
calib_s_73.559824-44.873917,58719.4921875,19.635895370483397,0.0706224888563156,W1
calib_s_73.559824-44.873917,58719.4921875,19.678195251464842,0.1740352213382721,W2
calib_s_73.559824-44.873917,58878.32421875,19.68281996154785,0.0936784371733665,W1
calib_s_73.559824-44.873917,58878.32421875,19.62054182434082,0.2293256223201751,W2
calib_s_73.559824-44.873917,59085.03125,19.612902282714842,0.0906842872500419,W1
calib_s_73.559824-44.873917,59085.03125,19.564460052490233,0.2092943042516708,W2
calib_s_73.574748-44.739907,55241.25390625,20.140995620727537,0.1325719207525253,W1
calib_s_73.574748-44.739907,55241.25390625,19.89674116516113,0.2020469605922699,W2
calib_s_73.574748-44.739907,55434.48046875,20.0960832824707,0.1426024138927459,W1
calib_s_73.574748-44.739907,55434.48046875,20.063090576171874,0.2491664141416549,W2
calib_s_73.574748-44.739907,56705.79296875,20.009525894165037,0.1312611401081085,W1
calib_s_73.574748-44.739907,56896.63671875,19.80023825073242,0.1039051488041877,W1
calib_s_73.574748-44.739907,57064.9921875,19.97846853637695,0.1211911961436271,W1
calib_s_73.574748-44.739907,57064.9921875,19.710992111206053,0.2142636030912399,W2
calib_s_73.574748-44.739907,57258.53515625,20.02601301574707,0.1292876601219177,W1
calib_s_73.574748-44.739907,57427.765625,20.011070846557615,0.1285741627216339,W1
calib_s_73.574748-44.739907,57427.765625,19.615582717895506,0.2070725709199905,W2
calib_s_73.574748-44.739907,57624.10546875,20.302507995605467,0.1645670533180236,W1
calib_s_73.574748-44.739907,57624.10546875,19.873679412841796,0.2478217780590057,W2
calib_s_73.574748-44.739907,57789.703125,19.77360021972656,0.0725263953208923,W1
calib_s_73.574748-44.739907,57789.703125,19.87130285644531,0.1900857985019683,W2
calib_s_73.574748-44.739907,57989.66015625,20.296036361694334,0.1777422130107879,W1
calib_s_73.574748-44.739907,58146.84375,20.08251821899414,0.1161402314901351,W1
calib_s_73.574748-44.739907,58357.19921875,20.034937499999998,0.1213493421673774,W1
calib_s_73.574748-44.739907,58512.44921875,20.207007049560545,0.1473769694566726,W1
calib_s_73.574748-44.739907,58719.4921875,19.986132263183592,0.1004151403903961,W1
calib_s_73.574748-44.739907,58719.4921875,19.924744857788085,0.2208869755268097,W2
calib_s_73.574748-44.739907,58878.32421875,20.11503088378906,0.1337420344352722,W1
calib_s_73.574748-44.739907,58878.32421875,19.770747436523436,0.2405515164136886,W2
calib_s_73.574748-44.739907,59085.03125,19.994257568359373,0.1241950616240501,W1
calib_s_73.41161-44.675417,55239.46875,19.394705413818357,0.0684211179614067,W1
calib_s_73.41161-44.675417,55239.46875,19.61085821533203,0.1575155556201934,W2
calib_s_73.41161-44.675417,55433.62109375,19.328732131958006,0.0734094679355621,W1
calib_s_73.41161-44.675417,55433.62109375,19.589797271728514,0.165288969874382,W2
calib_s_73.41161-44.675417,56704.1484375,19.287111877441404,0.0651970580220222,W1
calib_s_73.41161-44.675417,56894.79296875,19.265436767578123,0.0665707141160965,W1
calib_s_73.41161-44.675417,56894.79296875,20.154591812133788,0.3538569211959839,W2
calib_s_73.41161-44.675417,57063.28515625,19.280787109374998,0.0654780939221382,W1
calib_s_73.41161-44.675417,57256.6953125,19.322710632324217,0.0704586803913116,W1
calib_s_73.41161-44.675417,57422.6875,19.254280685424803,0.0652705356478691,W1
calib_s_73.41161-44.675417,57422.6875,19.602877868652342,0.1864629238843917,W2
calib_s_73.41161-44.675417,57622.3359375,19.24945127868652,0.0622387118637561,W1
calib_s_73.41161-44.675417,57622.3359375,19.971272720336913,0.2948640286922455,W2
calib_s_73.41161-44.675417,57788.1328125,19.33636343383789,0.051280178129673,W1
calib_s_73.41161-44.675417,57788.1328125,19.53775907897949,0.1381658166646957,W2
calib_s_73.41161-44.675417,57987.890625,19.180733322143553,0.0620380863547325,W1
calib_s_73.41161-44.675417,58145.33984375,19.244530319213865,0.0553660541772842,W1
calib_s_73.41161-44.675417,58145.33984375,19.618354095458983,0.1835925728082656,W2
calib_s_73.41161-44.675417,58352.0625,19.207506774902342,0.0602026917040348,W1
calib_s_73.41161-44.675417,58352.0625,19.553290618896483,0.2011700421571731,W2
calib_s_73.41161-44.675417,58510.81640625,19.172970413208006,0.0570798739790916,W1
calib_s_73.41161-44.675417,58510.81640625,19.742446197509764,0.2280243784189224,W2
calib_s_73.41161-44.675417,58717.72265625,19.256260513305662,0.0533094033598899,W1
calib_s_73.41161-44.675417,58717.72265625,19.57501722717285,0.1799436807632446,W2
calib_s_73.41161-44.675417,58877.66796875,19.25794660949707,0.0631552264094352,W1
calib_s_73.41161-44.675417,58877.66796875,20.29066778564453,0.3899444341659546,W2
calib_s_73.41161-44.675417,59083.3984375,19.334522842407225,0.0709990113973617,W1
calib_s_73.41161-44.675417,59083.3984375,19.74359632873535,0.2721624672412872,W2
calib_s_73.431918-44.969661,55237.87890625,19.601254104614256,0.0824168249964714,W1
calib_s_73.431918-44.969661,55237.8125,19.994736923217772,0.2208719402551651,W2
calib_s_73.431918-44.969661,55428.26171875,19.636389373779295,0.091078832745552,W1
calib_s_73.431918-44.969661,55428.26171875,19.66507078552246,0.1710869073867797,W2
calib_s_73.431918-44.969661,56700.359375,19.569910644531248,0.0814958214759826,W1
calib_s_73.431918-44.969661,56891.40625,19.36680090332031,0.073149561882019,W1
calib_s_73.431918-44.969661,56891.40625,19.421584381103514,0.1725687980651855,W2
calib_s_73.431918-44.969661,57061.7109375,19.68840849304199,0.0998734310269355,W1
calib_s_73.431918-44.969661,57061.7109375,19.534840835571288,0.1773202866315841,W2
calib_s_73.431918-44.969661,57254.9921875,19.495052932739256,0.0817840471863746,W1
calib_s_73.431918-44.969661,57254.9921875,19.388489974975585,0.1764520704746246,W2
calib_s_73.431918-44.969661,57421.30859375,19.59790098571777,0.0881133377552032,W1
calib_s_73.431918-44.969661,57421.30859375,19.491538299560546,0.1753984838724136,W2
calib_s_73.431918-44.969661,57620.56640625,19.509001373291014,0.0765787810087204,W1
calib_s_73.431918-44.969661,57620.56640625,19.594092620849608,0.196990817785263,W2
calib_s_73.431918-44.969661,57786.49609375,19.572342514038084,0.0620700046420097,W1
calib_s_73.431918-44.969661,57786.49609375,20.361445678710936,0.2944742441177368,W2
calib_s_73.431918-44.969661,57984.75,19.586632369995115,0.0935987010598182,W1
calib_s_73.431918-44.969661,58143.96484375,19.522137283325193,0.0635885298252105,W1
calib_s_73.431918-44.969661,58144.03125,19.911296142578124,0.215213730931282,W2
calib_s_73.431918-44.969661,58350.359375,19.6250196685791,0.0882182493805885,W1
calib_s_73.431918-44.969661,58509.1796875,19.538441299438475,0.0866234526038169,W1
calib_s_73.431918-44.969661,58509.1796875,19.488799346923827,0.1849679797887802,W2
calib_s_73.431918-44.969661,58716.0234375,19.519230484008787,0.0696361809968948,W1
calib_s_73.431918-44.969661,58716.0234375,19.652045501708983,0.1982552260160446,W2
calib_s_73.431918-44.969661,58876.62109375,19.671415924072264,0.0885656103491783,W1
calib_s_73.431918-44.969661,58876.62109375,19.676678909301756,0.2183994501829147,W2
calib_s_73.431918-44.969661,59081.76171875,19.540657638549803,0.0884568318724632,W1
calib_s_73.574524-44.963141,55241.25390625,19.18014204406738,0.0554858297109603,W1
calib_s_73.574524-44.963141,55241.25390625,19.999018920898436,0.2275887727737426,W2
calib_s_73.574524-44.963141,55434.48046875,19.27799475097656,0.0682785212993621,W1
calib_s_73.574524-44.963141,56705.79296875,19.296557067871092,0.0647434219717979,W1
calib_s_73.574524-44.963141,56705.79296875,19.49320341491699,0.1657476872205734,W2
calib_s_73.574524-44.963141,56896.63671875,19.30695974731445,0.0708809196949005,W1
calib_s_73.574524-44.963141,56896.69921875,19.512723220825194,0.1842861771583557,W2
calib_s_73.574524-44.963141,57064.9921875,19.370539306640623,0.0721004158258438,W1
calib_s_73.574524-44.963141,57064.9921875,19.707820190429686,0.2202373296022415,W2
calib_s_73.574524-44.963141,57258.53515625,19.152544616699217,0.0597055591642856,W1
calib_s_73.574524-44.963141,57258.40234375,19.43862272644043,0.171080857515335,W2
calib_s_73.574524-44.963141,57427.765625,19.226084350585936,0.0617731027305126,W1
calib_s_73.574524-44.963141,57427.765625,19.68345571899414,0.2058174312114715,W2
calib_s_73.574524-44.963141,57624.10546875,19.351910232543943,0.0669498518109321,W1
calib_s_73.574524-44.963141,57624.10546875,19.746548904418944,0.2221238315105438,W2
calib_s_73.574524-44.963141,57789.703125,19.269575714111326,0.0471836924552917,W1
calib_s_73.574524-44.963141,57789.703125,20.02419401550293,0.2173482477664947,W2
calib_s_73.574524-44.963141,57989.66015625,19.422760604858397,0.0721537694334983,W1
calib_s_73.574524-44.963141,57989.66015625,19.52163816833496,0.1894001513719558,W2
calib_s_73.574524-44.963141,58146.84375,19.29300177001953,0.054031416773796,W1
calib_s_73.574524-44.963141,58146.84375,19.690215362548827,0.1871258318424224,W2
calib_s_73.574524-44.963141,58357.19921875,19.21477568054199,0.0604910068213939,W1
calib_s_73.574524-44.963141,58512.44921875,19.390833496093748,0.0733939558267593,W1
calib_s_73.574524-44.963141,58719.4921875,19.30450498962402,0.0533364489674568,W1
calib_s_73.574524-44.963141,58719.4921875,19.56241728210449,0.1592499762773513,W2
calib_s_73.574524-44.963141,58878.32421875,19.263050674438475,0.0646033138036727,W1
calib_s_73.574524-44.963141,58878.32421875,19.935202850341796,0.3004119396209717,W2
calib_s_73.574524-44.963141,59085.03125,19.24289953613281,0.0630009323358535,W1
calib_s_73.574524-44.963141,59085.03125,19.633790267944335,0.2265315502882003,W2
calib_s_73.599108-44.91088,55241.25390625,19.08292639160156,0.0496279262006282,W1
calib_s_73.599108-44.91088,55241.25390625,19.725919021606444,0.1706090420484542,W2
calib_s_73.599108-44.91088,55434.48046875,19.00554716491699,0.0515772849321365,W1
calib_s_73.599108-44.91088,55434.48046875,19.437005294799803,0.1393192112445831,W2
calib_s_73.599108-44.91088,56705.79296875,19.108748077392576,0.0544876717031002,W1
calib_s_73.599108-44.91088,56896.63671875,19.04927503967285,0.0521707385778427,W1
calib_s_73.599108-44.91088,57258.53515625,18.999155639648436,0.05021508410573,W1
calib_s_73.599108-44.91088,57427.765625,19.15470945739746,0.0585231594741344,W1
calib_s_73.599108-44.91088,57427.765625,19.9377548828125,0.2667643129825592,W2
calib_s_73.599108-44.91088,57624.10546875,19.045548080444334,0.0514221638441085,W1
calib_s_73.599108-44.91088,57624.10546875,19.60931326293945,0.1886820048093795,W2
calib_s_73.599108-44.91088,57789.703125,19.019119857788084,0.0370711497962474,W1
calib_s_73.599108-44.91088,57789.703125,19.975932373046874,0.2021365165710449,W2
calib_s_73.599108-44.91088,57989.66015625,19.00386488342285,0.0516381561756134,W1
calib_s_73.599108-44.91088,57989.66015625,19.993655456542967,0.2917245924472809,W2
calib_s_73.599108-44.91088,58146.84375,18.95976316833496,0.0413211844861507,W1
calib_s_73.599108-44.91088,58146.84375,19.8599903717041,0.2320795655250549,W2
calib_s_73.599108-44.91088,58357.19921875,19.123423217773436,0.0537930093705654,W1
calib_s_73.599108-44.91088,58512.44921875,19.202673553466795,0.0593036487698555,W1
calib_s_73.599108-44.91088,58512.515625,19.501933349609374,0.1926637142896652,W2
calib_s_73.599108-44.91088,58719.4921875,19.00484907531738,0.0394669473171234,W1
calib_s_73.599108-44.91088,58878.32421875,19.001879333496092,0.0496376752853393,W1
calib_s_73.599108-44.91088,58878.32421875,19.691090835571288,0.2325868159532547,W2
calib_s_73.599108-44.91088,59085.03125,18.959501861572264,0.0497736595571041,W1
calib_s_73.599108-44.91088,59085.03125,19.391616119384764,0.174684002995491,W2
calib_s_73.661828-44.887835,55241.25390625,20.21061193847656,0.1379726380109787,W1
calib_s_73.661828-44.887835,55241.25390625,19.53646971130371,0.1445004642009735,W2
calib_s_73.661828-44.887835,55434.48046875,20.037018417358397,0.1419780403375625,W1
calib_s_73.661828-44.887835,56705.79296875,19.80459143066406,0.2151608169078827,W2
calib_s_73.661828-44.887835,56896.63671875,19.717587112426756,0.0977359563112258,W1
calib_s_73.661828-44.887835,57064.9921875,19.869856475830076,0.1085977554321289,W1
calib_s_73.661828-44.887835,57258.53515625,19.951763748168943,0.1236266121268272,W1
calib_s_73.661828-44.887835,57624.10546875,19.624366058349608,0.1901480555534362,W2
calib_s_73.661828-44.887835,57789.703125,19.814264892578123,0.0747998803853988,W1
calib_s_73.661828-44.887835,57989.66015625,20.102419494628904,0.1369658559560775,W1
calib_s_73.661828-44.887835,58146.84375,19.899574874877928,0.1001415252685546,W1
calib_s_73.661828-44.887835,58146.84375,19.649407638549803,0.2000364065170288,W2
calib_s_73.661828-44.887835,58357.19921875,20.041086791992186,0.1227320581674575,W1
calib_s_73.661828-44.887835,58357.19921875,19.54064680480957,0.1871160119771957,W2
calib_s_73.661828-44.887835,58512.44921875,19.885433792114256,0.1099971607327461,W1
calib_s_73.661828-44.887835,58719.4921875,19.942852615356443,0.0886379405856132,W1
calib_s_73.661828-44.887835,58878.32421875,20.35897505187988,0.1764996498823166,W1
calib_s_73.661828-44.887835,59085.03125,19.820099472045897,0.1088640019297599,W1
calib_s_73.380309-44.762385,55237.87890625,19.780628799438475,0.0952584072947502,W1
calib_s_73.380309-44.762385,55237.8125,19.715197814941405,0.1693538576364517,W2
calib_s_73.380309-44.762385,55428.26171875,19.774588226318357,0.1039271652698516,W1
calib_s_73.380309-44.762385,55428.26171875,20.006736053466796,0.2318304032087326,W2
calib_s_73.380309-44.762385,56700.359375,20.196177124023436,0.1544621586799621,W1
calib_s_73.380309-44.762385,56891.40625,19.927763580322264,0.1215152367949485,W1
calib_s_73.380309-44.762385,56891.40625,19.98037840270996,0.2894927561283111,W2
calib_s_73.380309-44.762385,57061.7109375,20.198103546142576,0.1530113816261291,W1
calib_s_73.380309-44.762385,57061.7109375,19.44771696472168,0.1624077260494232,W2
calib_s_73.380309-44.762385,57254.9921875,20.087154983520506,0.1465246230363845,W1
calib_s_73.380309-44.762385,57254.9921875,19.55734373474121,0.2127386331558227,W2
calib_s_73.380309-44.762385,57421.30859375,19.748861907958982,0.1059425845742225,W1
calib_s_73.380309-44.762385,57421.30859375,19.636826766967772,0.2103984355926513,W2
calib_s_73.380309-44.762385,57620.56640625,19.859886764526365,0.1075403541326522,W1
calib_s_73.380309-44.762385,57620.56640625,19.31875730895996,0.1519133001565933,W2
calib_s_73.380309-44.762385,57786.49609375,19.73782026672363,0.0730372816324234,W1
calib_s_73.380309-44.762385,57786.49609375,19.877421630859374,0.1869263499975204,W2
calib_s_73.380309-44.762385,57984.75,19.8737932434082,0.1188350543379783,W1
calib_s_73.380309-44.762385,57984.75,20.107112182617186,0.3460129797458648,W2
calib_s_73.380309-44.762385,58143.96484375,19.933678268432615,0.0990148037672042,W1
calib_s_73.380309-44.762385,58144.03125,19.859872116088866,0.2231736332178115,W2
calib_s_73.380309-44.762385,58350.359375,19.865265487670897,0.1099323034286499,W1
calib_s_73.380309-44.762385,58509.1796875,19.64378416442871,0.0890634953975677,W1
calib_s_73.380309-44.762385,58716.0234375,19.909676193237303,0.0967440083622932,W1
calib_s_73.380309-44.762385,58716.0234375,19.786216033935546,0.2090506255626678,W2
calib_s_73.380309-44.762385,58876.62109375,20.018997787475584,0.1287669241428375,W1
calib_s_73.380309-44.762385,58876.62109375,19.564961685180663,0.1911232471466064,W2
calib_s_73.380309-44.762385,59081.76171875,19.905186294555662,0.1146803274750709,W1
calib_s_73.380309-44.762385,59081.69921875,19.762290252685546,0.2467832714319229,W2
calib_s_73.773655-44.808741,55241.25390625,20.215138076782225,0.1379755586385727,W1
calib_s_73.773655-44.808741,55241.25390625,19.677092803955077,0.1629370003938675,W2
calib_s_73.773655-44.808741,55434.48046875,19.98016226196289,0.1283364295959472,W1
calib_s_73.773655-44.808741,55434.48046875,19.764559997558592,0.1902657598257064,W2
calib_s_73.773655-44.808741,56705.79296875,20.371157287597654,0.1795708388090133,W1
calib_s_73.773655-44.808741,56705.79296875,19.857415451049803,0.2445850372314453,W2
calib_s_73.773655-44.808741,56896.63671875,20.173466323852537,0.1503167152404785,W1
calib_s_73.773655-44.808741,57064.9921875,20.14381086730957,0.1409070044755935,W1
calib_s_73.773655-44.808741,57258.53515625,19.911657928466795,0.1194105893373489,W1
calib_s_73.773655-44.808741,57258.40234375,19.7895500793457,0.2372769117355346,W2
calib_s_73.773655-44.808741,57427.765625,20.293221115112303,0.1615522056818008,W1
calib_s_73.773655-44.808741,57427.765625,19.995009674072264,0.2728624641895294,W2
calib_s_73.773655-44.808741,57624.10546875,20.185122131347654,0.1407550275325775,W1
calib_s_73.773655-44.808741,57789.703125,20.13294088745117,0.0987886190414428,W1
calib_s_73.773655-44.808741,57789.703125,20.274546875,0.2629558145999908,W2
calib_s_73.773655-44.808741,57989.66015625,20.2047258605957,0.1540647894144058,W1
calib_s_73.773655-44.808741,58146.84375,20.18427908325195,0.1358506083488464,W1
calib_s_73.773655-44.808741,58146.84375,20.329192413330077,0.391042023897171,W2
calib_s_73.773655-44.808741,58357.19921875,20.437525390624998,0.1736338138580322,W1
calib_s_73.773655-44.808741,58512.44921875,20.279429077148436,0.1587820798158645,W1
calib_s_73.773655-44.808741,58512.515625,20.08015753173828,0.3118191361427307,W2
calib_s_73.773655-44.808741,58719.4921875,20.001278518676756,0.094640128314495,W1
calib_s_73.773655-44.808741,58878.32421875,20.12082922363281,0.138043537735939,W1
calib_s_73.773655-44.808741,59085.03125,20.081133483886717,0.1379260122776031,W1
calib_s_73.773655-44.808741,59085.03125,19.93806768798828,0.2917549312114715,W2
calib_s_73.425576-44.664322,55239.46875,20.0482317199707,0.1245579048991203,W1
calib_s_73.425576-44.664322,55239.46875,20.297459854125975,0.288663387298584,W2
calib_s_73.425576-44.664322,55433.62109375,19.81892835998535,0.1091630458831787,W1
calib_s_73.425576-44.664322,55433.62109375,19.626410736083983,0.1700788289308548,W2
calib_s_73.425576-44.664322,56704.1484375,19.755251525878904,0.1028188988566398,W1
calib_s_73.425576-44.664322,56894.79296875,19.591011642456053,0.0891619548201561,W1
calib_s_73.425576-44.664322,57063.28515625,19.613665222167967,0.0890187695622444,W1
calib_s_73.425576-44.664322,57063.28515625,20.09761930847168,0.2924181222915649,W2
calib_s_73.425576-44.664322,57256.6953125,19.643097518920897,0.095102459192276,W1
calib_s_73.425576-44.664322,57256.6953125,20.015095962524413,0.324994146823883,W2
calib_s_73.425576-44.664322,57422.6875,19.696219085693357,0.0955177843570709,W1
calib_s_73.425576-44.664322,57422.6875,19.661052001953124,0.1971828043460846,W2
calib_s_73.425576-44.664322,57622.3359375,19.76864874267578,0.0969441756606102,W1
calib_s_73.425576-44.664322,57788.1328125,19.52075064086914,0.0598742663860321,W1
calib_s_73.425576-44.664322,57788.1328125,19.64606214904785,0.1485137194395065,W2
calib_s_73.425576-44.664322,57987.890625,19.71284353637695,0.0978700593113899,W1
calib_s_73.425576-44.664322,58145.33984375,19.628990768432615,0.0773724690079689,W1
calib_s_73.425576-44.664322,58352.0625,19.655607818603514,0.0888314768671989,W1
calib_s_73.425576-44.664322,58510.81640625,19.68060171508789,0.0929018259048461,W1
calib_s_73.425576-44.664322,58510.81640625,19.958199752807616,0.2802981436252594,W2
calib_s_73.425576-44.664322,58717.72265625,19.606117843627928,0.0718083381652832,W1
calib_s_73.425576-44.664322,58717.72265625,20.01305891418457,0.261902779340744,W2
calib_s_73.425576-44.664322,58877.66796875,19.749720214843748,0.1002606451511383,W1
calib_s_73.425576-44.664322,58877.66796875,19.97071577453613,0.2852056324481964,W2
calib_s_73.425576-44.664322,59083.3984375,20.094694732666014,0.1387647837400436,W1
calib_s_73.425576-44.664322,59083.3984375,19.847264541625975,0.2861717343330383,W2
calib_s_73.617697-44.636586,55239.46875,19.629723190307615,0.0843331664800643,W1
calib_s_73.617697-44.636586,55239.46875,19.704182876586913,0.1714758723974228,W2
calib_s_73.617697-44.636586,55433.62109375,19.65926039123535,0.0939841866493225,W1
calib_s_73.617697-44.636586,56704.1484375,19.784161209106443,0.1038288027048111,W1
calib_s_73.617697-44.636586,56894.79296875,19.651209472656248,0.0949476957321167,W1
calib_s_73.617697-44.636586,57063.28515625,19.607962249755857,0.0851868316531181,W1
calib_s_73.617697-44.636586,57063.28515625,20.13238455200195,0.289322018623352,W2
calib_s_73.617697-44.636586,57256.6953125,19.881729721069334,0.1170060187578201,W1
calib_s_73.617697-44.636586,57256.6953125,19.548991455078124,0.2005874514579773,W2
calib_s_73.617697-44.636586,57422.6875,19.522402404785154,0.0791943967342376,W1
calib_s_73.617697-44.636586,57622.3359375,19.753456710815428,0.0946216806769371,W1
calib_s_73.617697-44.636586,57788.1328125,19.7522112121582,0.0720797106623649,W1
calib_s_73.617697-44.636586,57788.1328125,20.091309799194335,0.2146078944206237,W2
calib_s_73.617697-44.636586,57987.890625,19.589243530273436,0.0925432816147804,W1
calib_s_73.617697-44.636586,57987.890625,19.6670029296875,0.2396577894687652,W2
calib_s_73.617697-44.636586,58145.33984375,19.759037612915037,0.0917048156261444,W1
calib_s_73.617697-44.636586,58352.0625,19.550268768310545,0.0793703719973564,W1
calib_s_73.617697-44.636586,58510.81640625,19.80969297790527,0.1040727421641349,W1
calib_s_73.617697-44.636586,58717.72265625,19.64789450073242,0.0713486522436142,W1
calib_s_73.617697-44.636586,58877.66796875,19.56774198913574,0.0847743451595306,W1
calib_s_73.617697-44.636586,58877.66796875,19.724923385620116,0.2298004031181335,W2
calib_s_73.617697-44.636586,59083.3984375,19.772940277099607,0.1030237823724746,W1
calib_s_73.474175-44.878536,55237.87890625,19.085411666870115,0.0501494370400905,W1
calib_s_73.474175-44.878536,55237.8125,19.856549514770506,0.1873530596494674,W2
calib_s_73.474175-44.878536,55428.26171875,19.113136886596678,0.058167316019535,W1
calib_s_73.474175-44.878536,55428.26171875,19.866231216430663,0.2114162445068359,W2
calib_s_73.474175-44.878536,56700.359375,19.142641662597654,0.060587964951992,W1
calib_s_73.474175-44.878536,56700.359375,19.403117431640624,0.1624228656291961,W2
calib_s_73.474175-44.878536,56891.40625,19.172333358764647,0.0603694878518581,W1
calib_s_73.474175-44.878536,56891.40625,19.358941329956053,0.1654343008995056,W2
calib_s_73.474175-44.878536,57061.7109375,19.22204458618164,0.0619150698184967,W1
calib_s_73.474175-44.878536,57254.9921875,19.148405670166014,0.0625419542193412,W1
calib_s_73.474175-44.878536,57254.9921875,19.58718229675293,0.2190608084201812,W2
calib_s_73.474175-44.878536,57421.30859375,19.226326583862303,0.0643008723855018,W1
calib_s_73.474175-44.878536,57421.30859375,19.57265592956543,0.1965877562761306,W2
calib_s_73.474175-44.878536,57620.56640625,19.18583166503906,0.0599013082683086,W1
calib_s_73.474175-44.878536,57786.49609375,19.122561096191404,0.0430551655590534,W1
calib_s_73.474175-44.878536,57786.49609375,19.57305075073242,0.1440676152706146,W2
calib_s_73.474175-44.878536,57984.75,19.314674972534178,0.0700974911451339,W1
calib_s_73.474175-44.878536,57984.75,19.490847839355467,0.1950412988662719,W2
calib_s_73.474175-44.878536,58143.96484375,19.29859030151367,0.0547564141452312,W1
calib_s_73.474175-44.878536,58144.03125,19.56928755187988,0.1663357317447662,W2
calib_s_73.474175-44.878536,58350.359375,19.221207260131834,0.0626003220677375,W1
calib_s_73.474175-44.878536,58350.359375,19.97909666442871,0.2930915653705597,W2
calib_s_73.474175-44.878536,58509.1796875,19.16440069580078,0.0573853589594364,W1
calib_s_73.474175-44.878536,58509.1796875,19.883700622558592,0.2525321841239929,W2
calib_s_73.474175-44.878536,58716.0234375,19.27451574707031,0.0569250024855136,W1
calib_s_73.474175-44.878536,58716.0234375,19.73606230163574,0.2030395865440368,W2
calib_s_73.474175-44.878536,58876.62109375,19.320084213256834,0.0679878145456314,W1
calib_s_73.474175-44.878536,59081.76171875,19.076742767333982,0.0570183768868446,W1
calib_s_73.474175-44.878536,59081.69921875,19.79892088317871,0.2750252187252044,W2
calib_s_73.522381-44.610977,55239.46875,19.21714270019531,0.0588558949530124,W1
calib_s_73.522381-44.610977,55433.62109375,19.282631515502928,0.0672595426440239,W1
calib_s_73.522381-44.610977,56704.1484375,19.26055776977539,0.0626114830374717,W1
calib_s_73.522381-44.610977,56894.79296875,19.534493087768553,0.0836749672889709,W1
calib_s_73.522381-44.610977,57063.28515625,19.102379440307615,0.0545900836586952,W1
calib_s_73.522381-44.610977,57256.6953125,19.336260437011717,0.0716353803873062,W1
calib_s_73.522381-44.610977,57422.6875,19.316088317871092,0.0704538151621818,W1
calib_s_73.522381-44.610977,57622.3359375,19.40525305175781,0.0719503983855247,W1
calib_s_73.522381-44.610977,57622.3359375,19.65879751586914,0.2184074074029922,W2
calib_s_73.522381-44.610977,57788.1328125,19.25263845825195,0.0472414307296276,W1
calib_s_73.522381-44.610977,57788.1328125,19.96897245788574,0.2025035619735717,W2
calib_s_73.522381-44.610977,57987.890625,19.49250471496582,0.0799670293927192,W1
calib_s_73.522381-44.610977,58145.33984375,19.186205505371092,0.0536031126976013,W1
calib_s_73.522381-44.610977,58145.33984375,19.93220068359375,0.2346182912588119,W2
calib_s_73.522381-44.610977,58352.0625,19.4688860168457,0.0743561461567878,W1
calib_s_73.522381-44.610977,58510.81640625,19.312653182983397,0.0693399459123611,W1
calib_s_73.522381-44.610977,58510.81640625,19.325421585083006,0.1592245995998382,W2
calib_s_73.522381-44.610977,58717.72265625,19.32465231323242,0.0552960373461246,W1
calib_s_73.522381-44.610977,58877.66796875,19.15881216430664,0.0572354532778263,W1
calib_s_73.522381-44.610977,58877.66796875,19.894477142333983,0.2583067715167999,W2
calib_s_73.522381-44.610977,59083.3984375,19.472420333862303,0.0788656696677208,W1
calib_s_73.522381-44.610977,59083.3984375,20.066930068969725,0.3466422259807586,W2
calib_s_73.474688-44.913189,55237.87890625,19.088360427856443,0.051299687474966,W1
calib_s_73.474688-44.913189,55237.8125,19.538258804321288,0.1453722417354583,W2
calib_s_73.474688-44.913189,55428.26171875,19.089014648437498,0.0575526393949985,W1
calib_s_73.474688-44.913189,56700.359375,19.138920425415037,0.0559510588645935,W1
calib_s_73.474688-44.913189,56700.359375,19.964019073486327,0.2452298253774643,W2
calib_s_73.474688-44.913189,56891.40625,19.108883499145506,0.0566474348306655,W1
calib_s_73.474688-44.913189,57061.7109375,19.1613966217041,0.0570262297987937,W1
calib_s_73.474688-44.913189,57061.7109375,19.623198760986327,0.1858816295862198,W2
calib_s_73.474688-44.913189,57254.9921875,19.107506393432615,0.0595755092799663,W1
calib_s_73.474688-44.913189,57254.9921875,19.970343841552733,0.3001487553119659,W2
calib_s_73.474688-44.913189,57421.30859375,19.119646667480467,0.0580077692866325,W1
calib_s_73.474688-44.913189,57421.30859375,19.646113647460936,0.1987099051475525,W2
calib_s_73.474688-44.913189,57620.56640625,19.017555831909178,0.049807071685791,W1
calib_s_73.474688-44.913189,57620.56640625,20.213151229858397,0.3345192074775696,W2
calib_s_73.474688-44.913189,57786.49609375,19.043526290893553,0.0392062775790691,W1
calib_s_73.474688-44.913189,57786.49609375,20.030646575927733,0.2144024819135666,W2
calib_s_73.474688-44.913189,57984.75,19.076868652343748,0.0563296377658844,W1
calib_s_73.474688-44.913189,57984.75,19.167402519226073,0.1520793735980987,W2
calib_s_73.474688-44.913189,58143.96484375,19.055748580932615,0.0441043674945831,W1
calib_s_73.474688-44.913189,58144.03125,19.491156829833983,0.1534240841865539,W2
calib_s_73.474688-44.913189,58350.359375,19.08325064086914,0.0542384758591651,W1
calib_s_73.474688-44.913189,58350.359375,19.868933929443358,0.2689539194107055,W2
calib_s_73.474688-44.913189,58509.1796875,19.132294296264647,0.0549262724816799,W1
calib_s_73.474688-44.913189,58509.1796875,19.732930435180663,0.2216584831476211,W2
calib_s_73.474688-44.913189,58716.0234375,19.270273803710936,0.0529429093003273,W1
calib_s_73.474688-44.913189,58716.0234375,19.626187576293944,0.1754544526338577,W2
calib_s_73.474688-44.913189,58876.62109375,19.146162628173826,0.0541228614747524,W1
calib_s_73.474688-44.913189,59081.76171875,19.020388244628904,0.0529963485896587,W1
calib_s_73.476193-44.791035,55237.87890625,19.90264761352539,0.1060122326016426,W1
calib_s_73.476193-44.791035,55237.8125,19.55973173522949,0.1436162143945694,W2
calib_s_73.476193-44.791035,55428.26171875,19.8459612121582,0.1180689260363578,W1
calib_s_73.476193-44.791035,55428.26171875,19.97866941833496,0.2377483397722244,W2
calib_s_73.476193-44.791035,56700.359375,19.988703369140623,0.1267482638359069,W1
calib_s_73.476193-44.791035,56700.359375,19.75174833679199,0.2107427716255188,W2
calib_s_73.476193-44.791035,56891.40625,19.958765624999998,0.125790849328041,W1
calib_s_73.476193-44.791035,56891.40625,19.894704116821288,0.2725417912006378,W2
calib_s_73.476193-44.791035,57061.7109375,19.885983108520506,0.1102955192327499,W1
calib_s_73.476193-44.791035,57061.7109375,20.389167083740233,0.3671299517154693,W2
calib_s_73.476193-44.791035,57254.9921875,20.022633193969725,0.1361668705940246,W1
calib_s_73.476193-44.791035,57254.9921875,19.858739151000975,0.2701844871044159,W2
calib_s_73.476193-44.791035,57421.30859375,19.88769590759277,0.1151487305760383,W1
calib_s_73.476193-44.791035,57421.30859375,19.59871794128418,0.1933593451976776,W2
calib_s_73.476193-44.791035,57620.56640625,19.879612564086912,0.1090676039457321,W1
calib_s_73.476193-44.791035,57786.49609375,19.832197784423826,0.0794817507266998,W1
calib_s_73.476193-44.791035,57786.49609375,20.017667068481444,0.2068799287080764,W2
calib_s_73.476193-44.791035,57984.75,19.872105239868162,0.1149758026003837,W1
calib_s_73.476193-44.791035,58143.96484375,19.828419326782225,0.0928576365113258,W1
calib_s_73.476193-44.791035,58350.359375,19.811194061279295,0.1018160134553909,W1
calib_s_73.476193-44.791035,58350.359375,19.947078002929686,0.2821024954319,W2
calib_s_73.476193-44.791035,58509.1796875,19.886696456909178,0.1086947247385978,W1
calib_s_73.476193-44.791035,58716.0234375,19.878035186767576,0.0913297832012176,W1
calib_s_73.476193-44.791035,58716.0234375,19.666703475952147,0.1842787116765976,W2
calib_s_73.476193-44.791035,58876.62109375,20.042275070190428,0.1254467070102691,W1
calib_s_73.476193-44.791035,59081.76171875,19.733231185913084,0.101462036371231,W1
calib_s_73.476193-44.791035,59081.69921875,20.15592314147949,0.3642750680446625,W2
calib_s_73.303552-44.888408,55237.87890625,20.27349150085449,0.1521106660366058,W1
calib_s_73.303552-44.888408,55237.8125,19.577714218139647,0.1520649939775467,W2
calib_s_73.303552-44.888408,55428.26171875,20.370289443969725,0.1857977360486984,W1
calib_s_73.303552-44.888408,55428.26171875,19.67436911010742,0.180146723985672,W2
calib_s_73.303552-44.888408,56700.359375,20.196074127197264,0.1485537588596344,W1
calib_s_73.303552-44.888408,56700.359375,20.260695709228514,0.3367709517478943,W2
calib_s_73.303552-44.888408,56891.40625,19.829634307861326,0.11830435693264,W1
calib_s_73.303552-44.888408,57061.7109375,19.873945831298826,0.1130346730351448,W1
calib_s_73.303552-44.888408,57061.7109375,19.59035040283203,0.1935289353132248,W2
calib_s_73.303552-44.888408,57254.9921875,19.78903448486328,0.1051418036222457,W1
calib_s_73.303552-44.888408,57254.9921875,19.929446472167967,0.2774618864059448,W2
calib_s_73.303552-44.888408,57421.30859375,19.581971420288085,0.1893652826547622,W2
calib_s_73.303552-44.888408,57620.56640625,19.949900268554686,0.1176495030522346,W1
calib_s_73.303552-44.888408,57620.56640625,20.10699392700195,0.3056448400020599,W2
calib_s_73.303552-44.888408,57786.49609375,20.140946029663084,0.1089127510786056,W1
calib_s_73.303552-44.888408,57786.49609375,20.192643417358397,0.2588684260845184,W2
calib_s_73.303552-44.888408,57984.75,20.051705001831053,0.1388565450906753,W1
calib_s_73.303552-44.888408,57984.75,20.26244284057617,0.4085246324539184,W2
calib_s_73.303552-44.888408,58143.96484375,20.03213179016113,0.1006709337234497,W1
calib_s_73.303552-44.888408,58144.03125,20.37214971923828,0.3304033577442169,W2
calib_s_73.303552-44.888408,58350.359375,19.740160583496092,0.0991588979959487,W1
calib_s_73.303552-44.888408,58350.359375,19.621258987426756,0.2132999300956726,W2
calib_s_73.303552-44.888408,58509.1796875,19.952501892089842,0.1239457428455352,W1
calib_s_73.303552-44.888408,58509.1796875,20.30485464477539,0.4048629105091095,W2
calib_s_73.303552-44.888408,58716.0234375,19.805817245483397,0.0924180671572685,W1
calib_s_73.303552-44.888408,58876.62109375,19.81093717956543,0.2408411502838134,W2
calib_s_73.303552-44.888408,59081.76171875,19.894434570312498,0.1259666085243225,W1
calib_s_73.303552-44.888408,59081.69921875,19.980342163085936,0.3422289192676544,W2
calib_s_73.390278-44.689441,55237.87890625,19.886448501586912,0.1068360209465026,W1
calib_s_73.390278-44.689441,55237.8125,19.641618026733397,0.1605091392993927,W2
calib_s_73.390278-44.689441,55428.26171875,19.872961639404295,0.1183501780033111,W1
calib_s_73.390278-44.689441,55428.26171875,19.55244184875488,0.1567512899637222,W2
calib_s_73.390278-44.689441,56700.359375,19.776798843383787,0.1038416922092437,W1
calib_s_73.390278-44.689441,56700.359375,19.43181539916992,0.1579855978488922,W2
calib_s_73.390278-44.689441,56891.40625,19.83830320739746,0.1149420067667961,W1
calib_s_73.390278-44.689441,56891.40625,19.997687591552733,0.2978547513484955,W2
calib_s_73.390278-44.689441,57061.7109375,19.58813536071777,0.08612060546875,W1
calib_s_73.390278-44.689441,57061.7109375,19.53762174987793,0.1725908368825912,W2
calib_s_73.390278-44.689441,57254.9921875,19.640965103149412,0.1024215668439865,W1
calib_s_73.390278-44.689441,57254.9921875,19.78019071960449,0.2627885043621063,W2
calib_s_73.390278-44.689441,57421.30859375,19.712771057128904,0.0971844643354415,W1
calib_s_73.390278-44.689441,57421.30859375,19.785929931640624,0.220386117696762,W2
calib_s_73.390278-44.689441,57620.56640625,19.65011846923828,0.0906220823526382,W1
calib_s_73.390278-44.689441,57620.56640625,19.730641616821288,0.2196812480688095,W2
calib_s_73.390278-44.689441,57786.49609375,19.810049652099607,0.0784944295883178,W1
calib_s_73.390278-44.689441,57786.49609375,19.836007369995116,0.1789595633745193,W2
calib_s_73.390278-44.689441,57984.75,19.68956053161621,0.0981472134590148,W1
calib_s_73.390278-44.689441,57984.75,19.703444732666014,0.2364676147699356,W2
calib_s_73.390278-44.689441,58143.96484375,19.807282089233397,0.08987657725811,W1
calib_s_73.390278-44.689441,58350.359375,19.676104187011717,0.0944892913103103,W1
calib_s_73.390278-44.689441,58350.359375,19.844220413208006,0.2554592490196228,W2
calib_s_73.390278-44.689441,58509.1796875,19.737030624389647,0.100283682346344,W1
calib_s_73.390278-44.689441,58509.1796875,19.887061370849608,0.2636002898216247,W2
calib_s_73.390278-44.689441,58716.0234375,19.750658630371092,0.0871055200695991,W1
calib_s_73.390278-44.689441,58716.0234375,19.166534675598143,0.1224743649363517,W2
calib_s_73.390278-44.689441,58876.62109375,19.853897689819334,0.1093371212482452,W1
calib_s_73.390278-44.689441,59081.76171875,19.817207931518553,0.1098795235157013,W1
calib_s_73.481141-44.838215,55237.87890625,19.764374374389647,0.0971047207713127,W1
calib_s_73.481141-44.838215,55237.8125,19.70995260620117,0.1708675473928451,W2
calib_s_73.481141-44.838215,55428.26171875,19.791344284057615,0.109830804169178,W1
calib_s_73.481141-44.838215,56700.359375,19.822790740966795,0.107036754488945,W1
calib_s_73.481141-44.838215,56700.359375,19.410708679199217,0.1530462056398391,W2
calib_s_73.481141-44.838215,56891.40625,19.60084211730957,0.0902817621827125,W1
calib_s_73.481141-44.838215,56891.40625,19.622498764038085,0.2100714892148971,W2
calib_s_73.481141-44.838215,57061.7109375,19.769278167724607,0.1034345105290412,W1
calib_s_73.481141-44.838215,57254.9921875,19.695932983398436,0.0988702028989791,W1
calib_s_73.481141-44.838215,57254.9921875,19.721600784301756,0.2361283302307129,W2
calib_s_73.481141-44.838215,57421.30859375,19.960690139770506,0.123781219124794,W1
calib_s_73.481141-44.838215,57421.30859375,19.78282858276367,0.2222242504358291,W2
calib_s_73.481141-44.838215,57620.56640625,19.787613510131834,0.1054300740361213,W1
calib_s_73.481141-44.838215,57786.49609375,19.893602966308592,0.0854242965579032,W1
calib_s_73.481141-44.838215,57786.49609375,19.663733734130858,0.1529940813779831,W2
calib_s_73.481141-44.838215,57984.75,19.79238569641113,0.1112122312188148,W1
calib_s_73.481141-44.838215,58143.96484375,19.887594818115232,0.0961072891950607,W1
calib_s_73.481141-44.838215,58144.03125,19.93440557861328,0.251404196023941,W2
calib_s_73.481141-44.838215,58350.359375,19.92822325134277,0.1148637756705284,W1
calib_s_73.481141-44.838215,58509.1796875,19.78000128173828,0.1014373824000358,W1
calib_s_73.481141-44.838215,58716.0234375,19.68908750915527,0.077769249677658,W1
calib_s_73.481141-44.838215,58876.62109375,20.017588256835936,0.123038575053215,W1
calib_s_73.481141-44.838215,58876.62109375,19.701907409667967,0.218706339597702,W2
calib_s_73.481141-44.838215,59081.76171875,19.775360702514647,0.1107338890433311,W1
calib_s_73.481141-44.838215,59081.69921875,19.661195053100585,0.2496667504310608,W2
calib_s_73.509161-44.861553,55241.25390625,19.96734678649902,0.1100041940808296,W1
calib_s_73.509161-44.861553,55241.25390625,19.870005859375,0.1945053488016128,W2
calib_s_73.509161-44.861553,55434.48046875,19.95369398498535,0.1269447952508926,W1
calib_s_73.509161-44.861553,55434.48046875,19.725091232299803,0.1881426572799682,W2
calib_s_73.509161-44.861553,56705.79296875,19.811308502197264,0.1067271009087562,W1
calib_s_73.509161-44.861553,56896.63671875,19.76249182128906,0.1000739336013794,W1
calib_s_73.509161-44.861553,57064.9921875,19.8276506652832,0.1043149605393409,W1
calib_s_73.509161-44.861553,57258.53515625,19.784168838500975,0.1054946705698967,W1
calib_s_73.509161-44.861553,57258.40234375,20.148043884277342,0.3347361981868744,W2
calib_s_73.509161-44.861553,57427.765625,19.67663442993164,0.0961913391947746,W1
calib_s_73.509161-44.861553,57624.10546875,19.90552961730957,0.1093298196792602,W1
calib_s_73.509161-44.861553,57624.10546875,19.950032485961913,0.2509122490882873,W2
calib_s_73.509161-44.861553,57789.703125,19.936518310546873,0.0862207785248756,W1
calib_s_73.509161-44.861553,57989.66015625,19.655037521362303,0.0937405973672866,W1
calib_s_73.509161-44.861553,58146.84375,20.016354202270506,0.1086517944931984,W1
calib_s_73.509161-44.861553,58146.84375,19.541445983886717,0.1774915754795074,W2
calib_s_73.509161-44.861553,58357.19921875,20.052485107421873,0.1265051364898681,W1
calib_s_73.509161-44.861553,58512.44921875,19.894730209350584,0.1095302402973175,W1
calib_s_73.509161-44.861553,58719.4921875,20.01679670715332,0.1024923995137214,W1
calib_s_73.509161-44.861553,58719.4921875,19.609652770996092,0.1707362830638885,W2
calib_s_73.509161-44.861553,58878.32421875,19.698511718749998,0.0943796783685684,W1
calib_s_73.509161-44.861553,59085.03125,19.799563049316404,0.107069618999958,W1
calib_s_73.501211-44.616658,55239.46875,20.43870031738281,0.1776015311479568,W1
calib_s_73.501211-44.616658,55239.46875,19.47142721557617,0.1357908248901367,W2
calib_s_73.501211-44.616658,55433.62109375,20.084049819946287,0.1366418451070785,W1
calib_s_73.501211-44.616658,55433.62109375,19.75202680969238,0.1855410784482956,W2
calib_s_73.501211-44.616658,56704.1484375,19.876772521972654,0.1113162413239479,W1
calib_s_73.501211-44.616658,56704.1484375,20.107335342407225,0.287500649690628,W2
calib_s_73.501211-44.616658,56894.79296875,20.019478439331053,0.1316159218549728,W1
calib_s_73.501211-44.616658,56894.79296875,19.442507995605467,0.1753872036933899,W2
calib_s_73.501211-44.616658,57063.28515625,19.725372909545897,0.0958716347813606,W1
calib_s_73.501211-44.616658,57063.28515625,19.7905380859375,0.2166959643363952,W2
calib_s_73.501211-44.616658,57256.6953125,20.119494079589842,0.1406581401824951,W1
calib_s_73.501211-44.616658,57256.6953125,19.64295698547363,0.223450630903244,W2
calib_s_73.501211-44.616658,57422.6875,20.041288970947264,0.1347106397151947,W1
calib_s_73.501211-44.616658,57622.3359375,19.85283720397949,0.1058124601840972,W1
calib_s_73.501211-44.616658,57622.3359375,19.43818403625488,0.1803892999887466,W2
calib_s_73.501211-44.616658,57788.1328125,19.72021543884277,0.0730560421943664,W1
calib_s_73.501211-44.616658,57788.1328125,19.48383642578125,0.1285598874092102,W2
calib_s_73.501211-44.616658,57987.890625,20.335995315551756,0.1722556352615356,W1
calib_s_73.501211-44.616658,57987.890625,19.390788330078124,0.1753292977809906,W2
calib_s_73.501211-44.616658,58145.33984375,19.866110443115232,0.0976627171039581,W1
calib_s_73.501211-44.616658,58145.33984375,19.70414091491699,0.1906937062740326,W2
calib_s_73.501211-44.616658,58352.0625,20.156885742187498,0.1394152492284774,W1
calib_s_73.501211-44.616658,58352.0625,19.67038084411621,0.2187088876962661,W2
calib_s_73.501211-44.616658,58510.81640625,20.04121076965332,0.1328382939100265,W1
calib_s_73.501211-44.616658,58717.72265625,19.827688812255857,0.0878315046429634,W1
calib_s_73.501211-44.616658,58717.72265625,19.43896223449707,0.1476746201515197,W2
calib_s_73.501211-44.616658,58877.66796875,19.748728393554686,0.0996556431055069,W1
calib_s_73.501211-44.616658,58877.66796875,19.56440283203125,0.1928729712963104,W2
calib_s_73.501211-44.616658,59083.3984375,20.066849349975584,0.1357656568288803,W1
calib_s_73.501211-44.616658,59083.3984375,19.281129135131835,0.1734319776296615,W2
calib_s_73.629448-44.901464,55241.25390625,19.084398864746092,0.04905616492033,W1
calib_s_73.629448-44.901464,55241.25390625,19.905255569458006,0.1966834366321563,W2
calib_s_73.629448-44.901464,55434.48046875,19.157921432495115,0.0614190995693206,W1
calib_s_73.629448-44.901464,55434.48046875,19.372788681030272,0.1331379264593124,W2
calib_s_73.629448-44.901464,56705.79296875,19.21561682128906,0.0590985566377639,W1
calib_s_73.629448-44.901464,56705.79296875,19.693068756103514,0.1929778754711151,W2
calib_s_73.629448-44.901464,56896.63671875,19.233639358520506,0.0615513548254966,W1
calib_s_73.629448-44.901464,56896.69921875,19.73187185668945,0.2093930542469024,W2
calib_s_73.629448-44.901464,57064.9921875,19.11400663757324,0.0552802421152591,W1
calib_s_73.629448-44.901464,57258.53515625,19.173836349487303,0.0577501095831394,W1
calib_s_73.629448-44.901464,57258.40234375,19.933188690185546,0.2539788484573364,W2
calib_s_73.629448-44.901464,57427.765625,19.156292556762693,0.0585407726466655,W1
calib_s_73.629448-44.901464,57427.765625,19.94019819641113,0.2678757607936859,W2
calib_s_73.629448-44.901464,57624.10546875,19.079422592163084,0.0534313358366489,W1
calib_s_73.629448-44.901464,57624.10546875,19.34776235961914,0.1481608152389526,W2
calib_s_73.629448-44.901464,57789.703125,19.13382208251953,0.0414335615932941,W1
calib_s_73.629448-44.901464,57789.703125,19.638598693847655,0.1482082456350326,W2
calib_s_73.629448-44.901464,57989.66015625,19.18774473571777,0.0600738562643528,W1
calib_s_73.629448-44.901464,57989.66015625,19.87328840637207,0.2627592086791992,W2
calib_s_73.629448-44.901464,58146.84375,19.136063217163084,0.0478059090673923,W1
calib_s_73.629448-44.901464,58357.19921875,19.128269790649412,0.0547851510345935,W1
calib_s_73.629448-44.901464,58357.19921875,19.79229475402832,0.2321672737598419,W2
calib_s_73.629448-44.901464,58512.44921875,19.305912612915037,0.0666067078709602,W1
calib_s_73.629448-44.901464,58512.515625,20.00159765625,0.2999762296676636,W2
calib_s_73.629448-44.901464,58719.4921875,19.126053451538084,0.0437176488339901,W1
calib_s_73.629448-44.901464,58719.4921875,19.50204016113281,0.1463894844055175,W2
calib_s_73.629448-44.901464,58878.32421875,19.114334701538084,0.0545697398483753,W1
calib_s_73.629448-44.901464,58878.32421875,20.0255234375,0.3145648837089538,W2
calib_s_73.629448-44.901464,59085.03125,19.209820388793943,0.0607983954250812,W1
calib_s_73.495934-44.797477,55241.25390625,20.353907226562498,0.1598107665777206,W1
calib_s_73.495934-44.797477,55241.25390625,19.6968987121582,0.1672724783420562,W2
calib_s_73.495934-44.797477,55434.48046875,20.572851776123045,0.2265585660934448,W1
calib_s_73.495934-44.797477,55434.48046875,19.763783706665038,0.192890778183937,W2
calib_s_73.495934-44.797477,56705.79296875,20.54175436401367,0.2171452790498733,W1
calib_s_73.495934-44.797477,56705.79296875,19.904412521362303,0.2553836107254028,W2
calib_s_73.495934-44.797477,56896.63671875,20.503452896118162,0.1939469426870346,W1
calib_s_73.495934-44.797477,56896.69921875,20.002976669311522,0.2733599841594696,W2
calib_s_73.495934-44.797477,57064.9921875,20.669546722412107,0.2233501374721527,W1
calib_s_73.495934-44.797477,57064.9921875,19.67267919921875,0.195930927991867,W2
calib_s_73.495934-44.797477,57258.53515625,20.19902098083496,0.1519336700439453,W1
calib_s_73.495934-44.797477,57258.40234375,19.465630783081053,0.1774066239595413,W2
calib_s_73.495934-44.797477,57427.765625,20.223383544921873,0.1531595140695572,W1
calib_s_73.495934-44.797477,57624.10546875,20.624909042358397,0.2142246961593628,W1
calib_s_73.495934-44.797477,57624.10546875,19.52172590637207,0.1731020659208297,W2
calib_s_73.495934-44.797477,57789.703125,20.29242575073242,0.1170734763145446,W1
calib_s_73.495934-44.797477,57789.703125,19.801413787841796,0.1770676672458648,W2
calib_s_73.495934-44.797477,57989.66015625,20.409561752319334,0.1809758841991424,W1
calib_s_73.495934-44.797477,58146.84375,20.481728195190428,0.162445992231369,W1
calib_s_73.495934-44.797477,58146.84375,19.688966049194335,0.1983227878808975,W2
calib_s_73.495934-44.797477,58357.19921875,20.193504928588865,0.1430287510156631,W1
calib_s_73.495934-44.797477,58719.4921875,20.545954345703123,0.1610207557678222,W1
calib_s_73.495934-44.797477,58719.4921875,19.63076139831543,0.1648551970720291,W2
calib_s_73.495934-44.797477,58878.32421875,20.40387022399902,0.1708429753780365,W1
calib_s_73.495934-44.797477,58878.32421875,19.656192077636717,0.2090473622083664,W2
calib_s_73.495934-44.797477,59085.03125,20.384131072998045,0.1779034286737442,W1
calib_s_73.495934-44.797477,59085.03125,19.6577198638916,0.2196684777736663,W2
calib_s_73.512889-44.938736,55241.25390625,20.376364349365232,0.1685481518507003,W1
calib_s_73.512889-44.938736,55241.25390625,19.829076065063475,0.1909639537334442,W2
calib_s_73.512889-44.938736,55434.48046875,20.06637693786621,0.2575299143791199,W2
calib_s_73.512889-44.938736,56705.79296875,20.577314971923826,0.2086178064346313,W1
calib_s_73.512889-44.938736,56896.63671875,20.178030609130857,0.1527562886476516,W1
calib_s_73.512889-44.938736,57064.9921875,20.417429565429686,0.1853030920028686,W1
calib_s_73.512889-44.938736,57258.53515625,20.714819549560545,0.2421806007623672,W1
calib_s_73.512889-44.938736,57258.40234375,20.013827575683592,0.2906202375888824,W2
calib_s_73.512889-44.938736,57427.765625,19.99740721130371,0.2739450633525848,W2
calib_s_73.512889-44.938736,57624.10546875,20.792137741088865,0.2489257603883743,W1
calib_s_73.512889-44.938736,57624.10546875,19.83530546569824,0.2330808490514755,W2
calib_s_73.512889-44.938736,57789.703125,20.206818222045897,0.1093247085809707,W1
calib_s_73.512889-44.938736,57989.66015625,20.302668212890623,0.1635975986719131,W1
calib_s_73.512889-44.938736,57989.66015625,19.96670652770996,0.2782940864562988,W2
calib_s_73.512889-44.938736,58146.84375,20.619145034790037,0.1817215532064438,W1
calib_s_73.512889-44.938736,58146.84375,20.112550033569335,0.2869031429290771,W2
calib_s_73.512889-44.938736,58357.19921875,20.20580923461914,0.1404071301221847,W1
calib_s_73.512889-44.938736,58512.44921875,20.682097076416014,0.2396567612886428,W1
calib_s_73.512889-44.938736,58512.515625,19.807965530395506,0.2568954527378082,W2
calib_s_73.512889-44.938736,58719.4921875,20.549461959838865,0.166390374302864,W1
calib_s_73.637591-44.772573,55241.25390625,19.403410552978514,0.0687861889600753,W1
calib_s_73.637591-44.772573,55241.25390625,19.561900390625,0.1531874239444732,W2
calib_s_73.637591-44.772573,55434.48046875,19.160069107055662,0.0627457350492477,W1
calib_s_73.637591-44.772573,55434.48046875,19.599087966918944,0.1643319278955459,W2
calib_s_73.637591-44.772573,56705.79296875,19.22429716491699,0.0639059990644455,W1
calib_s_73.637591-44.772573,56705.79296875,19.800692810058592,0.235117882490158,W2
calib_s_73.637591-44.772573,56896.63671875,19.27511846923828,0.0660768300294876,W1
calib_s_73.637591-44.772573,57064.9921875,19.410526870727537,0.0739896520972251,W1
calib_s_73.637591-44.772573,57064.9921875,19.8857529296875,0.2418263554573059,W2
calib_s_73.637591-44.772573,57258.53515625,19.304356216430662,0.066380850970745,W1
calib_s_73.637591-44.772573,57258.40234375,19.708857788085936,0.2100539654493332,W2
calib_s_73.637591-44.772573,57427.765625,19.342316268920897,0.0698519647121429,W1
calib_s_73.637591-44.772573,57427.765625,19.64526106262207,0.2086551636457443,W2
calib_s_73.637591-44.772573,57624.10546875,19.326515792846678,0.0659152939915657,W1
calib_s_73.637591-44.772573,57624.10546875,19.68215299987793,0.2053444236516952,W2
calib_s_73.637591-44.772573,57789.703125,19.36493551635742,0.0512135587632656,W1
calib_s_73.637591-44.772573,57789.703125,19.876662506103514,0.1877141445875167,W2
calib_s_73.637591-44.772573,57989.66015625,19.226667999267576,0.0623627118766307,W1
calib_s_73.637591-44.772573,57989.66015625,19.68452764892578,0.2210171669721603,W2
calib_s_73.637591-44.772573,58146.84375,19.33654081726074,0.0608741231262683,W1
calib_s_73.637591-44.772573,58146.84375,19.81600500488281,0.236547589302063,W2
calib_s_73.637591-44.772573,58357.19921875,19.426569580078123,0.0722267106175422,W1
calib_s_73.637591-44.772573,58357.19921875,19.261202110290526,0.1469943672418594,W2
calib_s_73.637591-44.772573,58512.44921875,19.387026428222654,0.0715547278523445,W1
calib_s_73.637591-44.772573,58512.515625,19.802499069213866,0.2616342902183532,W2
calib_s_73.637591-44.772573,58719.4921875,19.240637420654295,0.047126431018114,W1
calib_s_73.637591-44.772573,58719.4921875,19.7046005859375,0.1695057153701782,W2
calib_s_73.637591-44.772573,58878.32421875,19.31195127868652,0.0635493099689483,W1
calib_s_73.637591-44.772573,58878.32421875,19.902812255859374,0.2628169357776642,W2
calib_s_73.637591-44.772573,59085.03125,19.488346694946287,0.080416664481163,W1
calib_s_73.58979-44.873772,55241.25390625,19.134468673706053,0.0530817024409771,W1
calib_s_73.58979-44.873772,55241.25390625,19.71761633300781,0.168986290693283,W2
calib_s_73.58979-44.873772,55434.48046875,19.07565557861328,0.0580079071223735,W1
calib_s_73.58979-44.873772,55434.48046875,19.65520407104492,0.1703054457902908,W2
calib_s_73.58979-44.873772,56705.79296875,19.21148741149902,0.0610695518553257,W1
calib_s_73.58979-44.873772,56705.79296875,19.457528366088866,0.1616935580968856,W2
calib_s_73.58979-44.873772,56896.63671875,19.013161300659178,0.0512420907616615,W1
calib_s_73.58979-44.873772,56896.69921875,20.137776626586913,0.3188156485557556,W2
calib_s_73.58979-44.873772,57064.9921875,19.087093948364256,0.0540920346975326,W1
calib_s_73.58979-44.873772,57064.9921875,19.913460983276366,0.2564361691474914,W2
calib_s_73.58979-44.873772,57258.53515625,19.102005599975584,0.0567057244479656,W1
calib_s_73.58979-44.873772,57258.40234375,19.58176542663574,0.1947694271802902,W2
calib_s_73.58979-44.873772,57427.765625,19.080258010864256,0.0574332028627395,W1
calib_s_73.58979-44.873772,57427.765625,19.555333389282225,0.1978261768817901,W2
calib_s_73.58979-44.873772,57624.10546875,19.15837156677246,0.0584788843989372,W1
calib_s_73.58979-44.873772,57624.10546875,20.11578298950195,0.3154269158840179,W2
calib_s_73.58979-44.873772,57789.703125,19.196888565063475,0.0444795787334442,W1
calib_s_73.58979-44.873772,57789.703125,19.95592428588867,0.2050051093101501,W2
calib_s_73.58979-44.873772,57989.66015625,19.06646025085449,0.0543217882513999,W1
calib_s_73.58979-44.873772,57989.66015625,19.627394927978514,0.2182299941778183,W2
calib_s_73.58979-44.873772,58146.84375,19.194052337646482,0.0517089702188968,W1
calib_s_73.58979-44.873772,58146.84375,19.482703460693358,0.1673517078161239,W2
calib_s_73.58979-44.873772,58357.19921875,19.094656585693357,0.0538511015474796,W1
calib_s_73.58979-44.873772,58357.19921875,19.53067900085449,0.1861642301082611,W2
calib_s_73.58979-44.873772,58512.44921875,19.1743303527832,0.0581749975681304,W1
calib_s_73.58979-44.873772,58512.515625,19.926560653686522,0.2794369757175445,W2
calib_s_73.58979-44.873772,58719.4921875,19.063484786987303,0.0418346673250198,W1
calib_s_73.58979-44.873772,58719.4921875,19.639638198852538,0.1640385687351226,W2
calib_s_73.58979-44.873772,58878.32421875,19.105995773315428,0.0535413324832916,W1
calib_s_73.58979-44.873772,58878.32421875,20.2838127746582,0.4035865366458893,W2
calib_s_73.58979-44.873772,59085.03125,19.108345626831053,0.0564626082777977,W1
calib_s_73.58979-44.873772,59085.03125,19.855490936279296,0.2698565125465393,W2
calib_s_73.575779-44.748899,55241.25390625,19.337236999511717,0.0645123496651649,W1
calib_s_73.575779-44.748899,55241.25390625,20.132354034423827,0.2650079131126404,W2
calib_s_73.575779-44.748899,55434.48046875,19.23278105163574,0.0652647987008094,W1
calib_s_73.575779-44.748899,55434.48046875,19.543547882080077,0.1554085910320282,W2
calib_s_73.575779-44.748899,56705.79296875,19.178043960571287,0.0595769770443439,W1
calib_s_73.575779-44.748899,56896.63671875,19.10709631347656,0.0565859712660312,W1
calib_s_73.575779-44.748899,56896.69921875,19.92795683288574,0.2673588097095489,W2
calib_s_73.575779-44.748899,57064.9921875,19.046330093383787,0.0517758093774318,W1
calib_s_73.575779-44.748899,57064.9921875,19.345900787353514,0.1537048071622848,W2
calib_s_73.575779-44.748899,57258.53515625,19.14994871520996,0.0602061040699481,W1
calib_s_73.575779-44.748899,57258.40234375,19.662471069335936,0.217169240117073,W2
calib_s_73.575779-44.748899,57427.765625,19.20715391540527,0.0617576763033866,W1
calib_s_73.575779-44.748899,57427.765625,19.476660980224608,0.1785414963960647,W2
calib_s_73.575779-44.748899,57624.10546875,19.160240768432615,0.0583474189043045,W1
calib_s_73.575779-44.748899,57624.10546875,19.299296630859377,0.1466275155544281,W2
calib_s_73.575779-44.748899,57789.703125,19.065952896118162,0.0399723947048187,W1
calib_s_73.575779-44.748899,57789.703125,19.50242544555664,0.1375429332256317,W2
calib_s_73.575779-44.748899,57989.66015625,19.241804718017576,0.0663836672902107,W1
calib_s_73.575779-44.748899,57989.66015625,20.149192108154296,0.365438163280487,W2
calib_s_73.575779-44.748899,58146.84375,19.10151350402832,0.0484256744384765,W1
calib_s_73.575779-44.748899,58146.84375,19.37728430175781,0.1582190245389938,W2
calib_s_73.575779-44.748899,58357.19921875,19.103518127441404,0.0533161759376525,W1
calib_s_73.575779-44.748899,58357.19921875,19.41210104370117,0.1643716543912887,W2
calib_s_73.575779-44.748899,58512.44921875,19.055130599975584,0.0511767193675041,W1
calib_s_73.575779-44.748899,58512.515625,19.379363311767577,0.1681747436523437,W2
calib_s_73.575779-44.748899,58719.4921875,19.140816329956053,0.0462756641209125,W1
calib_s_73.575779-44.748899,58719.4921875,19.91021658325195,0.2175051718950271,W2
calib_s_73.575779-44.748899,58878.32421875,19.036385177612303,0.0507050901651382,W1
calib_s_73.575779-44.748899,58878.32421875,19.765198959350585,0.2450689226388931,W2
calib_s_73.575779-44.748899,59085.03125,19.2055803527832,0.0612758621573448,W1
calib_s_73.575779-44.748899,59085.03125,19.545628799438475,0.1978636533021927,W2
calib_s_73.613264-44.97936,55241.25390625,19.270620941162107,0.0613443627953529,W1
calib_s_73.613264-44.97936,55241.25390625,19.885941757202147,0.202082872390747,W2
calib_s_73.613264-44.97936,55434.48046875,19.35960447692871,0.0720019340515136,W1
calib_s_73.613264-44.97936,55434.48046875,19.51992918395996,0.1518037170171737,W2
calib_s_73.613264-44.97936,56705.79296875,19.358976959228514,0.0690646022558212,W1
calib_s_73.613264-44.97936,56705.79296875,19.71694494628906,0.2044983655214309,W2
calib_s_73.613264-44.97936,56896.63671875,19.195925354003904,0.0629957318305969,W1
calib_s_73.613264-44.97936,57064.9921875,19.29449522399902,0.0662929415702819,W1
calib_s_73.613264-44.97936,57064.9921875,19.926860107421874,0.2561008930206299,W2
calib_s_73.613264-44.97936,57258.53515625,19.362858413696287,0.0678726062178611,W1
calib_s_73.613264-44.97936,57258.40234375,19.665568603515624,0.1993954926729202,W2
calib_s_73.613264-44.97936,57427.765625,19.30768453979492,0.0673747137188911,W1
calib_s_73.613264-44.97936,57427.765625,19.894810928344725,0.2617890536785126,W2
calib_s_73.613264-44.97936,57624.10546875,19.33264791870117,0.0647986531257629,W1
calib_s_73.613264-44.97936,57624.10546875,20.10965086364746,0.3001156449317932,W2
calib_s_73.613264-44.97936,57789.703125,19.379398941040037,0.051109030842781,W1
calib_s_73.613264-44.97936,57789.703125,19.67853857421875,0.1560359001159668,W2
calib_s_73.613264-44.97936,57989.66015625,19.26836454772949,0.0636606886982917,W1
calib_s_73.613264-44.97936,57989.66015625,20.29799200439453,0.3796257376670837,W2
calib_s_73.613264-44.97936,58146.84375,19.34214270019531,0.0538032762706279,W1
calib_s_73.613264-44.97936,58146.84375,19.88062788391113,0.2159009575843811,W2
calib_s_73.613264-44.97936,58357.19921875,19.231325744628904,0.0591286681592464,W1
calib_s_73.613264-44.97936,58357.19921875,19.637868179321288,0.2051841169595718,W2
calib_s_73.613264-44.97936,58512.44921875,19.297140716552732,0.0666569545865058,W1
calib_s_73.613264-44.97936,58512.515625,20.026089920043944,0.3204235434532165,W2
calib_s_73.613264-44.97936,58719.4921875,19.360909103393553,0.0540841966867446,W1
calib_s_73.613264-44.97936,58878.32421875,19.42997229003906,0.072932131588459,W1
calib_s_73.613264-44.97936,58878.32421875,19.60605741882324,0.213568314909935,W2
calib_s_73.613264-44.97936,59085.03125,19.332476257324217,0.07193473726511,W1
calib_s_73.539586-44.779858,55241.25390625,19.41231214904785,0.0695228055119514,W1
calib_s_73.539586-44.779858,55241.25390625,19.63499380493164,0.1626543551683426,W2
calib_s_73.539586-44.779858,55434.48046875,19.339020370483397,0.0721617937088012,W1
calib_s_73.539586-44.779858,55434.48046875,19.764792694091796,0.1881081908941269,W2
calib_s_73.539586-44.779858,56705.79296875,19.38444006347656,0.0708271861076355,W1
calib_s_73.539586-44.779858,56896.63671875,19.38857710266113,0.0719214528799057,W1
calib_s_73.539586-44.779858,56896.69921875,19.959841979980467,0.2695675492286682,W2
calib_s_73.539586-44.779858,57064.9921875,19.40655577087402,0.0712269097566604,W1
calib_s_73.539586-44.779858,57258.53515625,19.488194107055662,0.0790769606828689,W1
calib_s_73.539586-44.779858,57258.40234375,19.70270849609375,0.217964768409729,W2
calib_s_73.539586-44.779858,57427.765625,19.347460388183592,0.069975309073925,W1
calib_s_73.539586-44.779858,57624.10546875,19.324545501708982,0.0677796304225921,W1
calib_s_73.539586-44.779858,57789.703125,19.43247473144531,0.053866196423769,W1
calib_s_73.539586-44.779858,57789.703125,19.89904524230957,0.1955233812332153,W2
calib_s_73.539586-44.779858,57989.66015625,19.413027404785154,0.0745451226830482,W1
calib_s_73.539586-44.779858,57989.66015625,19.909671081542967,0.277243822813034,W2
calib_s_73.539586-44.779858,58146.84375,19.428801177978514,0.063634380698204,W1
calib_s_73.539586-44.779858,58146.84375,20.28834272766113,0.3516315519809723,W2
calib_s_73.539586-44.779858,58357.19921875,19.27673971557617,0.0623925067484378,W1
calib_s_73.539586-44.779858,58357.19921875,19.82097555541992,0.2301920801401138,W2
calib_s_73.539586-44.779858,58512.44921875,19.417111038208006,0.0715258046984672,W1
calib_s_73.539586-44.779858,58719.4921875,19.388056396484373,0.0572575256228446,W1
calib_s_73.539586-44.779858,58719.4921875,20.03087545776367,0.2391924262046814,W2
calib_s_73.539586-44.779858,58878.32421875,19.456368087768553,0.0708307847380638,W1
calib_s_73.539586-44.779858,59085.03125,19.389921783447264,0.0729084759950637,W1
calib_s_73.678607-44.851871,55241.25390625,19.466957687377928,0.0696525052189827,W1
calib_s_73.678607-44.851871,55241.25390625,20.056020034790038,0.2266573011875152,W2
calib_s_73.678607-44.851871,55434.48046875,19.57196676635742,0.0924796909093856,W1
calib_s_73.678607-44.851871,56705.79296875,19.495234130859373,0.0795790776610374,W1
calib_s_73.678607-44.851871,56896.63671875,19.555750488281248,0.0889878794550895,W1
calib_s_73.678607-44.851871,56896.69921875,20.012675537109374,0.2874604165554046,W2
calib_s_73.678607-44.851871,57064.9921875,19.391745208740232,0.0727077201008796,W1
calib_s_73.678607-44.851871,57064.9921875,20.079226745605467,0.303456038236618,W2
calib_s_73.678607-44.851871,57258.53515625,19.543810485839842,0.082925334572792,W1
calib_s_73.678607-44.851871,57258.40234375,19.85226560974121,0.2547876536846161,W2
calib_s_73.678607-44.851871,57427.765625,19.535145401000975,0.0844997093081474,W1
calib_s_73.678607-44.851871,57624.10546875,19.57880842590332,0.0845985040068626,W1
calib_s_73.678607-44.851871,57624.10546875,19.957629455566405,0.2646328806877136,W2
calib_s_73.678607-44.851871,57789.703125,19.47578108215332,0.0545478276908397,W1
calib_s_73.678607-44.851871,57789.703125,20.063872589111327,0.2210433483123779,W2
calib_s_73.678607-44.851871,57989.66015625,19.394426940917967,0.0737040713429451,W1
calib_s_73.678607-44.851871,57989.66015625,19.87261892700195,0.2623903453350067,W2
calib_s_73.678607-44.851871,58146.84375,19.416357635498045,0.0649665668606758,W1
calib_s_73.678607-44.851871,58146.84375,19.574784530639647,0.1905638873577118,W2
calib_s_73.678607-44.851871,58357.19921875,19.30244886779785,0.0618044920265674,W1
calib_s_73.678607-44.851871,58357.19921875,19.832810653686522,0.241566851735115,W2
calib_s_73.678607-44.851871,58512.44921875,19.574268936157225,0.0858887359499931,W1
calib_s_73.678607-44.851871,58719.4921875,19.482166885375975,0.0610413663089275,W1
calib_s_73.678607-44.851871,58719.4921875,20.024417175292967,0.2365265488624572,W2
calib_s_73.678607-44.851871,58878.32421875,19.408714889526365,0.0716940611600875,W1
calib_s_73.678607-44.851871,59085.03125,19.515608428955076,0.0824726745486259,W1
calib_s_73.384915-44.963015,55237.87890625,19.41101705932617,0.0659878998994827,W1
calib_s_73.384915-44.963015,55237.8125,19.767525924682616,0.1737890690565109,W2
calib_s_73.384915-44.963015,55428.26171875,19.527502655029295,0.0842231139540672,W1
calib_s_73.384915-44.963015,55428.26171875,19.822675003051756,0.2012585252523422,W2
calib_s_73.384915-44.963015,56700.359375,19.462179779052732,0.0736847892403602,W1
calib_s_73.384915-44.963015,56700.359375,19.966582550048827,0.2426469624042511,W2
calib_s_73.384915-44.963015,56891.40625,19.32800161743164,0.072123073041439,W1
calib_s_73.384915-44.963015,57061.7109375,19.27851736450195,0.0657127127051353,W1
calib_s_73.384915-44.963015,57254.9921875,19.423618911743162,0.075514480471611,W1
calib_s_73.384915-44.963015,57254.9921875,19.603593124389647,0.2121303081512451,W2
calib_s_73.384915-44.963015,57421.30859375,19.357365249633787,0.0681079402565956,W1
calib_s_73.384915-44.963015,57421.30859375,20.334101928710936,0.3828051090240478,W2
calib_s_73.384915-44.963015,57620.56640625,19.399317382812498,0.0705226585268974,W1
calib_s_73.384915-44.963015,57620.56640625,19.607743515014647,0.2003817409276962,W2
calib_s_73.384915-44.963015,57786.49609375,19.507223724365232,0.0584211871027946,W1
calib_s_73.384915-44.963015,57786.49609375,19.9598438873291,0.2029572576284408,W2
calib_s_73.384915-44.963015,57984.75,19.564440368652342,0.0884651020169258,W1
calib_s_73.384915-44.963015,58143.96484375,19.5145403137207,0.0623361580073833,W1
calib_s_73.384915-44.963015,58350.359375,19.559296249389647,0.0818270742893219,W1
calib_s_73.384915-44.963015,58350.359375,19.63516355895996,0.2119450569152832,W2
calib_s_73.384915-44.963015,58509.1796875,19.496164916992186,0.0796710550785064,W1
calib_s_73.384915-44.963015,58509.1796875,19.97631002807617,0.2918000519275665,W2
calib_s_73.384915-44.963015,58716.0234375,19.50791418457031,0.0687422305345535,W1
calib_s_73.384915-44.963015,58716.0234375,20.021485580444335,0.2664459347724914,W2
calib_s_73.384915-44.963015,58876.62109375,19.375496505737303,0.0714087709784507,W1
calib_s_73.384915-44.963015,58876.62109375,19.824422134399413,0.2432442754507064,W2
calib_s_73.384915-44.963015,59081.76171875,19.4460588684082,0.0799869373440742,W1
calib_s_73.342184-44.927153,55237.87890625,19.862784027099607,0.1040639653801918,W1
calib_s_73.342184-44.927153,55237.8125,19.601935638427733,0.1552676409482956,W2
calib_s_73.342184-44.927153,55428.26171875,19.81640684509277,0.1141006648540496,W1
calib_s_73.342184-44.927153,55428.26171875,19.75831343078613,0.194822296500206,W2
calib_s_73.342184-44.927153,56700.359375,19.957035659790037,0.1169437989592552,W1
calib_s_73.342184-44.927153,56700.359375,19.960076583862303,0.2461104393005371,W2
calib_s_73.342184-44.927153,56891.40625,19.767214416503904,0.1027598455548286,W1
calib_s_73.342184-44.927153,56891.40625,19.70199133300781,0.2236671149730682,W2
calib_s_73.342184-44.927153,57061.7109375,20.02279341125488,0.1317408829927444,W1
calib_s_73.342184-44.927153,57254.9921875,19.815956710815428,0.1120583340525627,W1
calib_s_73.342184-44.927153,57254.9921875,19.633269561767577,0.2288121879100799,W2
calib_s_73.342184-44.927153,57421.30859375,20.08542120361328,0.143811285495758,W1
calib_s_73.342184-44.927153,57421.30859375,19.501153244018553,0.1836276799440384,W2
calib_s_73.342184-44.927153,57620.56640625,19.7887159576416,0.1007298603653907,W1
calib_s_73.342184-44.927153,57786.49609375,19.959650634765623,0.0912436470389366,W1
calib_s_73.342184-44.927153,57786.49609375,19.71124769592285,0.1670305877923965,W2
calib_s_73.342184-44.927153,57984.75,19.8833204498291,0.1188374012708664,W1
calib_s_73.342184-44.927153,58143.96484375,19.82373106384277,0.0842638686299324,W1
calib_s_73.342184-44.927153,58144.03125,19.59739042663574,0.1673765927553177,W2
calib_s_73.342184-44.927153,58350.359375,20.067194580078123,0.136136844754219,W1
calib_s_73.342184-44.927153,58350.359375,19.432790054321288,0.1815465092658996,W2
calib_s_73.342184-44.927153,58509.1796875,19.95752584838867,0.1162806525826454,W1
calib_s_73.342184-44.927153,58509.1796875,20.01534582519531,0.2881112694740295,W2
calib_s_73.342184-44.927153,58716.0234375,19.77779066467285,0.0875061303377151,W1
calib_s_73.342184-44.927153,58716.0234375,19.43680693054199,0.15427927672863,W2
calib_s_73.342184-44.927153,58876.62109375,19.800722717285154,0.1052498817443847,W1
calib_s_73.342184-44.927153,58876.62109375,19.584174407958983,0.2017172127962112,W2
calib_s_73.342184-44.927153,59081.76171875,19.842688201904295,0.1177347972989082,W1
calib_s_73.56602-44.846444,55241.25390625,19.259386657714842,0.0592242963612079,W1
calib_s_73.56602-44.846444,55241.25390625,19.41383100891113,0.1311724036931991,W2
calib_s_73.56602-44.846444,55434.48046875,19.324154495239256,0.0699247941374778,W1
calib_s_73.56602-44.846444,55434.48046875,19.98781896972656,0.2262708246707916,W2
calib_s_73.56602-44.846444,56705.79296875,19.510855316162107,0.0822036489844322,W1
calib_s_73.56602-44.846444,56705.79296875,19.7629501953125,0.2265538573265075,W2
calib_s_73.56602-44.846444,56896.63671875,19.639305709838865,0.089630089700222,W1
calib_s_73.56602-44.846444,56896.69921875,20.097440017700194,0.3049837350845337,W2
calib_s_73.56602-44.846444,57064.9921875,19.477154373168943,0.0758036896586418,W1
calib_s_73.56602-44.846444,57064.9921875,20.09911276245117,0.3026041984558105,W2
calib_s_73.56602-44.846444,57258.53515625,19.504091857910154,0.0818904638290405,W1
calib_s_73.56602-44.846444,57258.40234375,19.8682911529541,0.2478247135877609,W2
calib_s_73.56602-44.846444,57427.765625,19.560856460571287,0.0857098698616027,W1
calib_s_73.56602-44.846444,57427.765625,19.635405792236327,0.2089345157146453,W2
calib_s_73.56602-44.846444,57624.10546875,19.57255613708496,0.0834143534302711,W1
calib_s_73.56602-44.846444,57624.10546875,19.7303459777832,0.2140894532203674,W2
calib_s_73.56602-44.846444,57789.703125,19.44641172790527,0.055930346250534,W1
calib_s_73.56602-44.846444,57789.703125,20.289870513916014,0.2876392900943756,W2
calib_s_73.56602-44.846444,57989.66015625,19.443150161743162,0.0788069367408752,W1
calib_s_73.56602-44.846444,57989.66015625,20.05514074707031,0.3341858386993408,W2
calib_s_73.56602-44.846444,58146.84375,19.610937713623045,0.0752147361636161,W1
calib_s_73.56602-44.846444,58146.84375,19.912823928833006,0.2487531304359436,W2
calib_s_73.56602-44.846444,58357.19921875,19.386635421752928,0.0668097585439682,W1
calib_s_73.56602-44.846444,58357.19921875,20.252652420043944,0.3485926389694214,W2
calib_s_73.56602-44.846444,58512.44921875,19.55271398925781,0.0802123323082923,W1
calib_s_73.56602-44.846444,58512.515625,20.060271514892577,0.3106490075588226,W2
calib_s_73.56602-44.846444,58719.4921875,19.570267318725584,0.0667501986026763,W1
calib_s_73.56602-44.846444,58719.4921875,19.948155654907225,0.221856415271759,W2
calib_s_73.56602-44.846444,58878.32421875,19.498360275268553,0.0751776322722435,W1
calib_s_73.56602-44.846444,59085.03125,19.607071517944334,0.0898675844073295,W1
calib_s_73.480325-44.989351,55237.87890625,19.50376379394531,0.0738782361149787,W1
calib_s_73.480325-44.989351,55428.26171875,19.574255584716795,0.0875858068466186,W1
calib_s_73.480325-44.989351,55428.26171875,19.474063171386717,0.1447891294956207,W2
calib_s_73.480325-44.989351,56700.359375,19.7188860168457,0.0981033742427825,W1
calib_s_73.480325-44.989351,56700.359375,19.69684339904785,0.1995189934968948,W2
calib_s_73.480325-44.989351,56891.40625,19.697926162719725,0.0981801971793174,W1
calib_s_73.480325-44.989351,56891.40625,19.705899490356444,0.2284658104181289,W2
calib_s_73.480325-44.989351,57061.7109375,19.61796629333496,0.0907054245471954,W1
calib_s_73.480325-44.989351,57254.9921875,19.743513702392576,0.1075137257575988,W1
calib_s_73.480325-44.989351,57254.9921875,19.76893927001953,0.2625680565834045,W2
calib_s_73.480325-44.989351,57421.30859375,19.749968170166014,0.1002111583948135,W1
calib_s_73.480325-44.989351,57421.30859375,19.68343664550781,0.2064870148897171,W2
calib_s_73.480325-44.989351,57620.56640625,19.59543859863281,0.0832162350416183,W1
calib_s_73.480325-44.989351,57786.49609375,19.531136154174803,0.0588672533631324,W1
calib_s_73.480325-44.989351,57786.49609375,19.739781631469725,0.1631189435720443,W2
calib_s_73.480325-44.989351,57984.75,19.47224295043945,0.0792372450232505,W1
calib_s_73.480325-44.989351,58143.96484375,19.660259841918943,0.0699061006307601,W1
calib_s_73.480325-44.989351,58144.03125,19.75991369628906,0.178895965218544,W2
calib_s_73.480325-44.989351,58350.359375,19.553461669921873,0.0832476913928985,W1
calib_s_73.480325-44.989351,58350.359375,19.918195022583006,0.2816640436649322,W2
calib_s_73.480325-44.989351,58509.1796875,19.570931076049803,0.0878443643450737,W1
calib_s_73.480325-44.989351,58509.1796875,19.974839462280272,0.2882924079895019,W2
calib_s_73.480325-44.989351,58716.0234375,19.635597824096678,0.0743846595287323,W1
calib_s_73.480325-44.989351,58716.0234375,20.172278656005858,0.3005556762218475,W2
calib_s_73.480325-44.989351,58876.62109375,19.721844314575193,0.099731221795082,W1
calib_s_73.480325-44.989351,59081.76171875,19.534004806518553,0.0866036340594291,W1
calib_s_73.431462-44.850417,55237.87890625,19.363987564086912,0.0662123635411262,W1
calib_s_73.431462-44.850417,55237.8125,19.656375183105467,0.1618320494890213,W2
calib_s_73.431462-44.850417,55428.26171875,19.52844297790527,0.0896297469735145,W1
calib_s_73.431462-44.850417,55428.26171875,20.152596725463866,0.2843897342681885,W2
calib_s_73.431462-44.850417,56700.359375,19.39316046142578,0.0729690566658973,W1
calib_s_73.431462-44.850417,56700.359375,19.882338775634764,0.2397291213274002,W2
calib_s_73.431462-44.850417,56891.40625,19.52461111450195,0.0839772224426269,W1
calib_s_73.431462-44.850417,57061.7109375,19.359928726196287,0.0693187788128852,W1
calib_s_73.431462-44.850417,57061.7109375,20.043193115234374,0.2760631740093231,W2
calib_s_73.431462-44.850417,57254.9921875,19.320089935302732,0.0718457028269767,W1
calib_s_73.431462-44.850417,57254.9921875,20.065375579833983,0.3339881598949432,W2
calib_s_73.431462-44.850417,57421.30859375,19.471466659545897,0.0782817080616951,W1
calib_s_73.431462-44.850417,57620.56640625,19.286141036987303,0.0652376934885978,W1
calib_s_73.431462-44.850417,57620.56640625,20.19357420349121,0.3422407209873199,W2
calib_s_73.431462-44.850417,57786.49609375,19.49084532165527,0.0597105249762535,W1
calib_s_73.431462-44.850417,57984.75,19.633514999389647,0.0946427509188652,W1
calib_s_73.431462-44.850417,58143.96484375,19.386477111816404,0.0601359829306602,W1
calib_s_73.431462-44.850417,58350.359375,19.47567999267578,0.0754167437553405,W1
calib_s_73.431462-44.850417,58350.359375,19.877299560546874,0.2724770903587341,W2
calib_s_73.431462-44.850417,58509.1796875,19.315119384765623,0.0680835917592048,W1
calib_s_73.431462-44.850417,58509.1796875,19.52475859069824,0.1926262080669403,W2
calib_s_73.431462-44.850417,58716.0234375,19.328142761230467,0.0572681538760662,W1
calib_s_73.431462-44.850417,58876.62109375,19.43499052429199,0.0726492330431938,W1
calib_s_73.431462-44.850417,59081.76171875,19.313717483520506,0.0710385367274284,W1
calib_s_73.431462-44.850417,59081.69921875,19.804208053588866,0.2770869135856628,W2
calib_s_73.449523-44.824716,55237.87890625,19.379465698242186,0.0655159130692482,W1
calib_s_73.449523-44.824716,55237.8125,19.761359466552733,0.1730082035064697,W2
calib_s_73.449523-44.824716,55428.26171875,19.34867918395996,0.0750404819846153,W1
calib_s_73.449523-44.824716,55428.26171875,19.755873931884764,0.1945866197347641,W2
calib_s_73.449523-44.824716,56700.359375,19.199812530517576,0.0637256279587745,W1
calib_s_73.449523-44.824716,56700.359375,19.731942428588866,0.2173286378383636,W2
calib_s_73.449523-44.824716,56891.40625,19.19476187133789,0.061833418905735,W1
calib_s_73.449523-44.824716,57061.7109375,19.039593338012693,0.0520807728171348,W1
calib_s_73.449523-44.824716,57061.7109375,19.787972702026366,0.2234192043542862,W2
calib_s_73.449523-44.824716,57254.9921875,19.1461378326416,0.060283113270998,W1
calib_s_73.449523-44.824716,57421.30859375,19.279667495727537,0.0655907467007637,W1
calib_s_73.449523-44.824716,57620.56640625,19.10754454040527,0.0551770478487014,W1
calib_s_73.449523-44.824716,57786.49609375,19.022570251464842,0.0393645800650119,W1
calib_s_73.449523-44.824716,57786.49609375,19.760779632568358,0.1689021587371826,W2
calib_s_73.449523-44.824716,57984.75,19.22977697753906,0.0654281601309776,W1
calib_s_73.449523-44.824716,58143.96484375,19.128788589477537,0.0487616583704948,W1
calib_s_73.449523-44.824716,58144.03125,19.84672476196289,0.2208777964115142,W2
calib_s_73.449523-44.824716,58350.359375,19.15570700073242,0.0564034506678581,W1
calib_s_73.449523-44.824716,58350.359375,19.73019529724121,0.2314097434282302,W2
calib_s_73.449523-44.824716,58509.1796875,19.161123870849607,0.0599982477724552,W1
calib_s_73.449523-44.824716,58716.0234375,19.058649658203123,0.044207613915205,W1
calib_s_73.449523-44.824716,58716.0234375,19.838181747436522,0.2211642116308212,W2
calib_s_73.449523-44.824716,58876.62109375,19.09861242675781,0.0549651309847831,W1
calib_s_73.449523-44.824716,58876.62109375,19.800034774780272,0.2469945251941681,W2
calib_s_73.449523-44.824716,59081.76171875,19.050388931274412,0.0570727288722991,W1
calib_s_73.604321-44.92816,55241.25390625,19.057388900756834,0.0501036457717418,W1
calib_s_73.604321-44.92816,55241.25390625,19.47795034790039,0.1415595412254333,W2
calib_s_73.604321-44.92816,55434.48046875,19.207020401000975,0.0620909221470356,W1
calib_s_73.604321-44.92816,55434.48046875,19.605008377075194,0.1652030199766159,W2
calib_s_73.604321-44.92816,56705.79296875,19.24161779785156,0.0592615380883216,W1
calib_s_73.604321-44.92816,56705.79296875,19.62667967224121,0.1814104169607162,W2
calib_s_73.604321-44.92816,56896.63671875,19.13945066833496,0.0586287155747413,W1
calib_s_73.604321-44.92816,56896.69921875,19.9003899230957,0.2536486685276031,W2
calib_s_73.604321-44.92816,57064.9921875,19.076960205078123,0.0543559864163398,W1
calib_s_73.604321-44.92816,57064.9921875,19.588076843261717,0.1935156732797622,W2
calib_s_73.604321-44.92816,57258.53515625,19.184635757446287,0.0593139119446277,W1
calib_s_73.604321-44.92816,57258.40234375,19.625035537719725,0.2040726542472839,W2
calib_s_73.604321-44.92816,57427.765625,18.91649687194824,0.0479079447686672,W1
calib_s_73.604321-44.92816,57427.765625,19.560773147583006,0.1892092078924179,W2
calib_s_73.604321-44.92816,57624.10546875,19.156761764526365,0.0560325048863887,W1
calib_s_73.604321-44.92816,57624.10546875,19.564717544555663,0.182590365409851,W2
calib_s_73.604321-44.92816,57789.703125,19.021954177856443,0.0366359390318393,W1
calib_s_73.604321-44.92816,57789.703125,19.680964721679686,0.1552174538373947,W2
calib_s_73.604321-44.92816,57989.66015625,19.02334844970703,0.0523621886968612,W1
calib_s_73.604321-44.92816,57989.66015625,19.69546629333496,0.2237206399440765,W2
calib_s_73.604321-44.92816,58146.84375,19.064440368652342,0.0442449785768985,W1
calib_s_73.604321-44.92816,58146.84375,19.759835494995116,0.2064248770475387,W2
calib_s_73.604321-44.92816,58357.19921875,19.007006286621092,0.0473168529570102,W1
calib_s_73.604321-44.92816,58357.19921875,19.947364105224608,0.2609107196331024,W2
calib_s_73.604321-44.92816,58512.44921875,18.984900115966795,0.0487674437463283,W1
calib_s_73.604321-44.92816,58512.515625,19.75567556762695,0.2328327298164367,W2
calib_s_73.604321-44.92816,58719.4921875,19.061634658813475,0.0422720685601234,W1
calib_s_73.604321-44.92816,58719.4921875,19.598668350219725,0.1617932021617889,W2
calib_s_73.604321-44.92816,58878.32421875,19.082422851562498,0.0540686137974262,W1
calib_s_73.604321-44.92816,58878.32421875,19.702889694213866,0.2309119701385498,W2
calib_s_73.604321-44.92816,59085.03125,19.14938032531738,0.0587080046534538,W1
calib_s_73.604321-44.92816,59085.03125,19.62157369995117,0.2198313474655151,W2
calib_s_73.342685-44.718892,55237.87890625,19.351448654174803,0.0646667182445526,W1
calib_s_73.342685-44.718892,55237.8125,19.899791015625,0.1997958719730377,W2
calib_s_73.342685-44.718892,55428.26171875,19.429730056762693,0.0750906094908714,W1
calib_s_73.342685-44.718892,55428.26171875,19.87817121887207,0.2033719569444656,W2
calib_s_73.342685-44.718892,56700.359375,19.24474394226074,0.0623764283955097,W1
calib_s_73.342685-44.718892,56700.359375,19.56479765319824,0.1722834110260009,W2
calib_s_73.342685-44.718892,56891.40625,19.30731832885742,0.0694654062390327,W1
calib_s_73.342685-44.718892,56891.40625,19.251046432495116,0.1498789638280868,W2
calib_s_73.342685-44.718892,57061.7109375,19.369742034912107,0.0697287544608116,W1
calib_s_73.342685-44.718892,57061.7109375,19.725419296264647,0.2065414488315582,W2
calib_s_73.342685-44.718892,57254.9921875,19.372181533813475,0.0783619731664657,W1
calib_s_73.342685-44.718892,57254.9921875,19.35139013671875,0.1853386163711547,W2
calib_s_73.342685-44.718892,57421.30859375,19.379734634399412,0.0738539919257164,W1
calib_s_73.342685-44.718892,57620.56640625,19.407526611328123,0.0721969977021217,W1
calib_s_73.342685-44.718892,57620.56640625,19.621218933105467,0.197799801826477,W2
calib_s_73.342685-44.718892,57786.49609375,19.353077529907225,0.0511387549340724,W1
calib_s_73.342685-44.718892,57786.49609375,19.794699920654296,0.1708966493606567,W2
calib_s_73.342685-44.718892,57984.75,19.161747573852537,0.061812836676836,W1
calib_s_73.342685-44.718892,57984.75,19.59065557861328,0.2181887924671173,W2
calib_s_73.342685-44.718892,58143.96484375,19.112633346557615,0.046747550368309,W1
calib_s_73.342685-44.718892,58144.03125,19.680243743896483,0.1878015547990799,W2
calib_s_73.342685-44.718892,58350.359375,19.296023010253904,0.0681146159768104,W1
calib_s_73.342685-44.718892,58509.1796875,19.26757872009277,0.0650064498186111,W1
calib_s_73.342685-44.718892,58509.1796875,19.441327346801756,0.1732725799083709,W2
calib_s_73.342685-44.718892,58716.0234375,19.338347076416014,0.0580137856304645,W1
calib_s_73.342685-44.718892,58716.0234375,20.035823120117186,0.264297753572464,W2
calib_s_73.342685-44.718892,58876.62109375,19.256308197021482,0.0631231516599655,W1
calib_s_73.342685-44.718892,59081.76171875,19.308712600708006,0.0718553885817527,W1
calib_s_73.342685-44.718892,59081.69921875,19.551690353393553,0.2158940583467483,W2
calib_s_73.376762-44.680343,55239.46875,19.269310592651365,0.0600538291037082,W1
calib_s_73.376762-44.680343,55239.46875,19.995900405883788,0.2187151163816452,W2
calib_s_73.376762-44.680343,55433.62109375,19.24833166503906,0.0651313886046409,W1
calib_s_73.376762-44.680343,55433.62109375,19.593976272583006,0.1603346914052963,W2
calib_s_73.376762-44.680343,56704.1484375,19.282993911743162,0.067186489701271,W1
calib_s_73.376762-44.680343,56704.1484375,19.56731344604492,0.1788039058446884,W2
calib_s_73.376762-44.680343,56894.79296875,19.123030303955076,0.0598502047359943,W1
calib_s_73.376762-44.680343,56894.79296875,19.658393157958983,0.218058243393898,W2
calib_s_73.376762-44.680343,57063.28515625,19.161753295898436,0.0587459690868854,W1
calib_s_73.376762-44.680343,57063.28515625,19.697261108398436,0.2015667557716369,W2
calib_s_73.376762-44.680343,57256.6953125,19.180384277343748,0.0632937252521514,W1
calib_s_73.376762-44.680343,57422.6875,19.340567230224607,0.0697437971830368,W1
calib_s_73.376762-44.680343,57422.6875,19.77749182128906,0.2215787470340728,W2
calib_s_73.376762-44.680343,57622.3359375,19.279505371093748,0.0636695995926857,W1
calib_s_73.376762-44.680343,57622.3359375,19.52453352355957,0.1813963204622268,W2
calib_s_73.376762-44.680343,57788.1328125,19.337366699218748,0.0515029914677143,W1
calib_s_73.376762-44.680343,57788.1328125,19.795687927246092,0.1768983453512191,W2
calib_s_73.376762-44.680343,57987.890625,19.290516494750975,0.0667434185743331,W1
calib_s_73.376762-44.680343,57987.890625,19.575894607543944,0.2103102952241897,W2
calib_s_73.376762-44.680343,58145.33984375,19.258823989868162,0.0547236576676368,W1
calib_s_73.376762-44.680343,58352.0625,19.18020307922363,0.0588173940777778,W1
calib_s_73.376762-44.680343,58510.81640625,19.204720138549803,0.0612868778407573,W1
calib_s_73.376762-44.680343,58717.72265625,19.28466093444824,0.0562740676105022,W1
calib_s_73.376762-44.680343,58717.72265625,19.468247665405272,0.1639187932014465,W2
calib_s_73.376762-44.680343,58877.66796875,19.33025419616699,0.0684465244412422,W1
calib_s_73.376762-44.680343,58877.66796875,19.443219436645506,0.1738923788070678,W2
calib_s_73.376762-44.680343,59083.3984375,19.413372634887693,0.0767080336809158,W1
calib_s_73.376762-44.680343,59083.3984375,20.03847624206543,0.3412736058235168,W2
calib_s_73.625916-44.975483,55241.25390625,19.363916992187498,0.0666088163852691,W1
calib_s_73.625916-44.975483,55241.25390625,19.649157775878905,0.1670133620500564,W2
calib_s_73.625916-44.975483,55434.48046875,19.462635635375975,0.0787251517176628,W1
calib_s_73.625916-44.975483,55434.48046875,19.776158584594725,0.1919936388731002,W2
calib_s_73.625916-44.975483,56705.79296875,19.3756300201416,0.0696233063936233,W1
calib_s_73.625916-44.975483,56705.79296875,19.81182600402832,0.2245643436908722,W2
calib_s_73.625916-44.975483,56896.63671875,19.459068893432615,0.079009048640728,W1
calib_s_73.625916-44.975483,56896.69921875,20.01845098876953,0.2995511889457702,W2
calib_s_73.625916-44.975483,57064.9921875,19.329031585693357,0.0685546919703483,W1
calib_s_73.625916-44.975483,57064.9921875,19.54667021179199,0.18580923974514,W2
calib_s_73.625916-44.975483,57258.53515625,19.378916381835936,0.070537731051445,W1
calib_s_73.625916-44.975483,57258.40234375,19.824940933227538,0.2405323982238769,W2
calib_s_73.625916-44.975483,57427.765625,19.335133193969725,0.0704674571752548,W1
calib_s_73.625916-44.975483,57427.765625,19.70631719970703,0.2280354797840118,W2
calib_s_73.625916-44.975483,57624.10546875,19.383549331665037,0.0694592073559761,W1
calib_s_73.625916-44.975483,57624.10546875,19.44280744934082,0.1687705665826797,W2
calib_s_73.625916-44.975483,57789.703125,19.358803390502928,0.0506708398461341,W1
calib_s_73.625916-44.975483,57789.703125,19.556485427856444,0.1412647366523742,W2
calib_s_73.625916-44.975483,57989.66015625,19.31302893066406,0.0674848482012748,W1
calib_s_73.625916-44.975483,57989.66015625,19.421571029663085,0.1794799715280532,W2
calib_s_73.625916-44.975483,58146.84375,19.38034307861328,0.054904893040657,W1
calib_s_73.625916-44.975483,58146.84375,19.501515640258788,0.1494656652212143,W2
calib_s_73.625916-44.975483,58357.19921875,19.311436294555662,0.064054250717163,W1
calib_s_73.625916-44.975483,58357.19921875,20.12191130065918,0.3255625367164612,W2
calib_s_73.625916-44.975483,58512.44921875,19.324072479248045,0.0689318180084228,W1
calib_s_73.625916-44.975483,58719.4921875,19.34204161071777,0.0524102002382278,W1
calib_s_73.625916-44.975483,58719.4921875,19.911105407714842,0.209544762969017,W2
calib_s_73.625916-44.975483,58878.32421875,19.39031851196289,0.0724108219146728,W1
calib_s_73.625916-44.975483,58878.32421875,19.624104751586913,0.2199339419603347,W2
calib_s_73.625916-44.975483,59085.03125,19.236807464599607,0.0628558695316314,W1
calib_s_73.625916-44.975483,59085.03125,19.85769010925293,0.2802212238311767,W2
calib_s_73.490294-44.715821,55237.87890625,19.749500869750975,0.0925540626049041,W1
calib_s_73.490294-44.715821,55237.8125,19.727044357299803,0.1640802323818206,W2
calib_s_73.490294-44.715821,55428.26171875,19.81225454711914,0.1090609207749366,W1
calib_s_73.490294-44.715821,55428.26171875,19.830291046142577,0.2056238800287246,W2
calib_s_73.490294-44.715821,56700.359375,19.590767501831053,0.08565354347229,W1
calib_s_73.490294-44.715821,56700.359375,19.955968154907225,0.2461797595024109,W2
calib_s_73.490294-44.715821,56891.40625,19.60809385681152,0.0909396931529045,W1
calib_s_73.490294-44.715821,56891.40625,19.839646591186522,0.2539704740047455,W2
calib_s_73.490294-44.715821,57061.7109375,19.558540939331053,0.0830774828791618,W1
calib_s_73.490294-44.715821,57254.9921875,19.6009718170166,0.0907236337661743,W1
calib_s_73.490294-44.715821,57421.30859375,19.768408416748045,0.1015059649944305,W1
calib_s_73.490294-44.715821,57620.56640625,19.858873962402342,0.1089353337883949,W1
calib_s_73.490294-44.715821,57786.49609375,19.756016372680662,0.0723164230585098,W1
calib_s_73.490294-44.715821,57984.75,19.867407440185545,0.1162126809358596,W1
calib_s_73.490294-44.715821,58143.96484375,19.630091308593748,0.0758851543068885,W1
calib_s_73.490294-44.715821,58350.359375,19.67903005981445,0.088528111577034,W1
calib_s_73.490294-44.715821,58509.1796875,19.637426971435545,0.0913518071174621,W1
calib_s_73.490294-44.715821,58509.1796875,19.89820600891113,0.2536863982677459,W2
calib_s_73.490294-44.715821,58716.0234375,19.661530136108397,0.0730188712477684,W1
calib_s_73.490294-44.715821,58716.0234375,20.06969381713867,0.2520813345909118,W2
calib_s_73.490294-44.715821,58876.62109375,19.646027206420897,0.0925107821822166,W1
calib_s_73.490294-44.715821,59081.76171875,19.615095733642576,0.0946432799100875,W1
calib_s_73.765792-44.867812,55241.25390625,20.1227003326416,0.1281240731477737,W1
calib_s_73.765792-44.867812,55241.25390625,19.59418226623535,0.150977537035942,W2
calib_s_73.765792-44.867812,55434.48046875,20.24198400878906,0.1649885475635528,W1
calib_s_73.765792-44.867812,55434.48046875,19.49049116516113,0.152767464518547,W2
calib_s_73.765792-44.867812,56705.79296875,19.826276077270506,0.2149190902709961,W2
calib_s_73.765792-44.867812,56896.63671875,20.00608312988281,0.1278936266899109,W1
calib_s_73.765792-44.867812,56896.69921875,19.693631423950194,0.2166498303413391,W2
calib_s_73.765792-44.867812,57064.9921875,19.559708847045897,0.1844870299100875,W2
calib_s_73.765792-44.867812,57258.53515625,20.23047506713867,0.1558502167463302,W1
calib_s_73.765792-44.867812,57258.40234375,19.337321533203124,0.1595950424671173,W2
calib_s_73.765792-44.867812,57427.765625,20.22805464172363,0.1566008478403091,W1
calib_s_73.765792-44.867812,57624.10546875,20.112261413574217,0.1264358758926391,W1
calib_s_73.765792-44.867812,57624.10546875,19.797827972412108,0.2231556326150894,W2
calib_s_73.765792-44.867812,57789.703125,20.269608139038084,0.112172357738018,W1
calib_s_73.765792-44.867812,57789.703125,19.734694732666014,0.1588266044855117,W2
calib_s_73.765792-44.867812,57989.66015625,19.92718374633789,0.1193948462605476,W1
calib_s_73.765792-44.867812,58146.84375,19.98286306762695,0.1103275194764137,W1
calib_s_73.765792-44.867812,58357.19921875,19.985394119262693,0.122337058186531,W1
calib_s_73.765792-44.867812,58512.44921875,20.00076544189453,0.1283420622348785,W1
calib_s_73.765792-44.867812,58512.515625,19.701979888916014,0.22878497838974,W2
calib_s_73.765792-44.867812,58719.4921875,20.070837615966795,0.1021229401230812,W1
calib_s_73.765792-44.867812,58719.4921875,19.797148956298827,0.1881258636713028,W2
calib_s_73.765792-44.867812,58878.32421875,19.989893554687498,0.1247563734650611,W1
