oid,time,magnitude,error,band
QSO_32.91883-17.074659,55207.277524,19.501,,W1
QSO_32.91883-17.074659,55393.55863200001,19.454,,W1
QSO_32.91883-17.074659,55393.69083499998,19.217,,W1
QSO_32.91883-17.074659,55393.889103,19.235,,W1
QSO_32.91883-17.074659,55393.955131500006,19.376,,W1
QSO_32.91883-17.074659,55393.95527750004,19.468,,W1
QSO_32.91883-17.074659,55394.021305999966,18.895000000000003,0.246,W1
QSO_32.91883-17.074659,55394.08737100001,19.266,,W1
QSO_32.91883-17.074659,55394.4179515,19.132,,W1
QSO_32.91883-17.074659,55394.55015449997,19.139000000000003,,W1
QSO_32.91883-17.074659,55569.38614000002,19.752,0.53,W1
QSO_32.91883-17.074659,55569.71661100001,19.084000000000003,,W1
QSO_32.91883-17.074659,55569.98090750004,19.693,,W1
QSO_32.91883-17.074659,55570.11311050001,19.076,,W1
QSO_32.91883-17.074659,56859.092954,19.21,,W1
QSO_32.91883-17.074659,57393.19346696421,19.606,0.518,W1
QSO_32.91883-17.074659,57585.11992023356,19.26,0.357,W1
QSO_32.91883-17.074659,57752.659207131655,19.791,,W1
QSO_32.91883-17.074659,57752.79049133584,19.01,0.33,W1
QSO_32.91883-17.074659,57949.4070935,19.151000000000003,,W1
QSO_32.91883-17.074659,57952.220330999975,18.903,0.345,W1
QSO_32.91883-17.074659,57952.80914899999,18.733,0.378,W1
QSO_32.91883-17.074659,58113.17755650004,18.766,0.309,W1
QSO_32.91883-17.074659,58113.50459649996,18.797,,W1
QSO_32.91883-17.074659,58116.64450899998,17.994,0.206,W1
QSO_32.91883-17.074659,58476.78150450001,18.567,0.178,W1
QSO_32.91883-17.074659,58476.97772849998,19.639000000000003,0.459,W1
QSO_32.91883-17.074659,58680.66721950001,18.809,0.314,W1
QSO_32.91883-17.074659,58841.10771449997,18.664,,W1
QSO_32.91883-17.074659,58841.10782399998,19.501,0.456,W1
QSO_32.91883-17.074659,59775.80435950003,18.666,0.292,W1
QSO_32.91883-17.074659,59775.86965800004,18.968,0.28,W1
QSO_32.91883-17.074659,59936.349609500016,18.702,,W1
QSO_32.91883-17.074659,59936.8699535,19.155,0.343,W1
QSO_32.91883-17.074659,55207.277524,18.651,0.392,W2
QSO_32.91883-17.074659,55393.55863200001,18.971,,W2
QSO_32.91883-17.074659,55393.69083499998,18.591,,W2
QSO_32.91883-17.074659,55393.889103,18.38,,W2
QSO_32.91883-17.074659,55393.955131500006,19.043,0.522,W2
QSO_32.91883-17.074659,55393.95527750004,18.414,,W2
QSO_32.91883-17.074659,55394.021305999966,18.907,0.522,W2
QSO_32.91883-17.074659,55394.08737100001,18.552,,W2
QSO_32.91883-17.074659,55394.4179515,18.287,,W2
QSO_32.91883-17.074659,55394.55015449997,18.91,,W2
QSO_32.91883-17.074659,55569.38614000002,18.916,0.51,W2
QSO_32.91883-17.074659,55569.71661100001,18.232,,W2
QSO_32.91883-17.074659,55569.98090750004,18.182,,W2
QSO_32.91883-17.074659,55570.11311050001,18.577,,W2
QSO_32.91883-17.074659,56859.092954,18.31,0.472,W2
QSO_32.91883-17.074659,57393.19346696421,18.14,0.315,W2
QSO_32.91883-17.074659,57585.11992023356,18.749,,W2
QSO_32.91883-17.074659,57752.659207131655,17.336,0.44,W2
QSO_32.91883-17.074659,57752.79049133584,18.812,,W2
QSO_32.91883-17.074659,57949.4070935,18.175,0.399,W2
QSO_32.91883-17.074659,57952.220330999975,18.155,,W2
QSO_32.91883-17.074659,57952.80914899999,18.527,0.427,W2
QSO_32.91883-17.074659,58113.17755650004,18.033,,W2
QSO_32.91883-17.074659,58113.50459649996,18.009999999999998,0.377,W2
QSO_32.91883-17.074659,58116.64450899998,17.88,,W2
QSO_32.91883-17.074659,58476.78150450001,18.177,,W2
QSO_32.91883-17.074659,58476.97772849998,18.76,,W2
QSO_32.91883-17.074659,58680.66721950001,18.092,0.342,W2
QSO_32.91883-17.074659,58841.10771449997,18.831,,W2
QSO_32.91883-17.074659,58841.10782399998,17.333,,W2
QSO_32.91883-17.074659,59775.80435950003,18.039,,W2
QSO_32.91883-17.074659,59775.86965800004,18.455,,W2
QSO_32.91883-17.074659,59936.349609500016,17.71,,W2
QSO_32.91883-17.074659,59936.8699535,18.679,,W2
QSO_32.9052206-17.0617971,55207.277524,18.655,0.189,W1
QSO_32.9052206-17.0617971,55393.55863200001,18.449,0.172,W1
QSO_32.9052206-17.0617971,55393.69083499998,19.026000000000003,0.293,W1
QSO_32.9052206-17.0617971,55393.75690000002,19.308,,W1
QSO_32.9052206-17.0617971,55393.822928500034,19.235,0.343,W1
QSO_32.9052206-17.0617971,55393.889103,19.258000000000003,,W1
QSO_32.9052206-17.0617971,55393.955131500006,18.963,0.29,W1
QSO_32.9052206-17.0617971,55394.021305999966,19.267000000000003,,W1
QSO_32.9052206-17.0617971,55394.08737100001,19.015,,W1
QSO_32.9052206-17.0617971,55394.4179515,19.043,,W1
QSO_32.9052206-17.0617971,55394.55015449997,19.495,0.412,W1
QSO_32.9052206-17.0617971,55569.38614000002,18.973,0.28,W1
QSO_32.9052206-17.0617971,55569.452314499984,19.186,0.305,W1
QSO_32.9052206-17.0617971,55569.71661100001,19.015,,W1
QSO_32.9052206-17.0617971,55569.98090750004,19.196,0.321,W1
QSO_32.9052206-17.0617971,55569.98105349999,19.299,,W1
QSO_32.9052206-17.0617971,55570.11311050001,18.731,0.213,W1
QSO_32.9052206-17.0617971,56670.05492800004,18.977,0.274,W1
QSO_32.9052206-17.0617971,56858.76427150002,18.891,0.325,W1
QSO_32.9052206-17.0617971,56859.55310950003,19.362,0.375,W1
QSO_32.9052206-17.0617971,57033.11126682061,19.062,0.296,W1
QSO_32.9052206-17.0617971,57392.86501855383,19.085,0.34,W1
QSO_32.9052206-17.0617971,57393.19346696421,18.971,,W1
QSO_32.9052206-17.0617971,57393.58775877673,19.481,0.413,W1
QSO_32.9052206-17.0617971,57393.71904298084,19.01,0.266,W1
QSO_32.9052206-17.0617971,57584.79172802314,18.819000000000003,0.236,W1
QSO_32.9052206-17.0617971,57753.64373971211,19.087000000000003,0.32,W1
QSO_32.9052206-17.0617971,57760.05907300003,18.525,0.2,W1
QSO_32.9052206-17.0617971,57952.220330999975,18.986,0.33,W1
QSO_32.9052206-17.0617971,58113.0467405,18.67,0.215,W1
QSO_32.9052206-17.0617971,58113.43918850003,18.836,0.235,W1
QSO_32.9052206-17.0617971,58113.50459649996,18.8,,W1
QSO_32.9052206-17.0617971,58113.63555850003,18.735,0.231,W1
QSO_32.9052206-17.0617971,58316.092334999965,18.903,0.283,W1
QSO_32.9052206-17.0617971,58316.09244449997,19.251,0.525,W1
QSO_32.9052206-17.0617971,58476.58528049996,19.295,0.414,W1
QSO_32.9052206-17.0617971,58477.10839849999,18.963,0.259,W1
QSO_32.9052206-17.0617971,58477.23921450002,19.098,0.343,W1
QSO_32.9052206-17.0617971,58840.84633800002,19.076,0.286,W1
QSO_32.9052206-17.0617971,58840.97700800002,19.015,0.267,W1
QSO_32.9052206-17.0617971,59205.37002760002,18.682,0.279,W1
QSO_32.9052206-17.0617971,59205.501568000014,18.963,0.291,W1
QSO_32.9052206-17.0617971,59205.56715520004,18.575,0.214,W1
QSO_32.9052206-17.0617971,59205.82924779998,18.861,0.232,W1
QSO_32.9052206-17.0617971,59205.96016599998,18.764000000000003,0.24,W1
QSO_32.9052206-17.0617971,59207.99091699999,18.737,,W1
QSO_32.9052206-17.0617971,59412.05930249998,19.139000000000003,0.318,W1
QSO_32.9052206-17.0617971,59412.1247105,19.048,0.363,W1
QSO_32.9052206-17.0617971,59572.077419500005,18.893,0.365,W1
QSO_32.9052206-17.0617971,59572.5996615,19.162,0.308,W1
QSO_32.9052206-17.0617971,59775.93481050002,19.43,0.498,W1
QSO_32.9052206-17.0617971,59935.89390700003,18.886000000000003,0.249,W1
QSO_32.9052206-17.0617971,59936.15429800002,19.153,0.33,W1
QSO_32.9052206-17.0617971,59936.15440750003,18.691000000000003,0.205,W1
QSO_32.9052206-17.0617971,59936.284092,19.09,0.32,W1
QSO_32.9052206-17.0617971,59936.414762,18.712000000000003,0.21,W1
QSO_32.9052206-17.0617971,59936.47980499997,19.008000000000003,0.313,W1
QSO_32.9052206-17.0617971,59936.54495750004,18.961,0.266,W1
QSO_32.9052206-17.0617971,59944.420124500015,18.283,,W1
QSO_32.9052206-17.0617971,60302.680326500005,18.526,0.189,W1
QSO_32.9052206-17.0617971,60302.938381499975,19.125,0.343,W1
QSO_32.9052206-17.0617971,60303.13183149998,18.65,0.305,W1
QSO_32.9052206-17.0617971,60303.13194099999,18.681,0.228,W1
QSO_32.9052206-17.0617971,60303.64794150001,18.836,0.321,W1
QSO_32.9052206-17.0617971,55207.277524,18.566,,W2
QSO_32.9052206-17.0617971,55393.55863200001,19.011,,W2
QSO_32.9052206-17.0617971,55393.69083499998,18.909,,W2
QSO_32.9052206-17.0617971,55393.75690000002,18.924,,W2
QSO_32.9052206-17.0617971,55393.822928500034,18.57,,W2
QSO_32.9052206-17.0617971,55393.889103,18.318,,W2
QSO_32.9052206-17.0617971,55393.955131500006,18.992,0.504,W2
QSO_32.9052206-17.0617971,55394.021305999966,18.384,,W2
QSO_32.9052206-17.0617971,55394.08737100001,18.143,,W2
QSO_32.9052206-17.0617971,55394.4179515,18.719,,W2
QSO_32.9052206-17.0617971,55394.55015449997,18.63,,W2
QSO_32.9052206-17.0617971,55569.38614000002,18.724,,W2
QSO_32.9052206-17.0617971,55569.452314499984,18.448,,W2
QSO_32.9052206-17.0617971,55569.71661100001,18.544,0.378,W2
QSO_32.9052206-17.0617971,55569.98090750004,18.724,0.433,W2
QSO_32.9052206-17.0617971,55569.98105349999,18.677,,W2
QSO_32.9052206-17.0617971,55570.11311050001,18.902,0.512,W2
QSO_32.9052206-17.0617971,56670.05492800004,18.512,,W2
QSO_32.9052206-17.0617971,56858.76427150002,18.466,,W2
QSO_32.9052206-17.0617971,56859.55310950003,18.643,,W2
QSO_32.9052206-17.0617971,57033.11126682061,18.785,,W2
QSO_32.9052206-17.0617971,57392.86501855383,18.968,,W2
QSO_32.9052206-17.0617971,57393.19346696421,18.464,0.434,W2
QSO_32.9052206-17.0617971,57393.58775877673,18.722,0.51,W2
QSO_32.9052206-17.0617971,57393.71904298084,18.592,,W2
QSO_32.9052206-17.0617971,57584.79172802314,18.236,,W2
QSO_32.9052206-17.0617971,57753.64373971211,17.863,,W2
QSO_32.9052206-17.0617971,57760.05907300003,18.059,,W2
QSO_32.9052206-17.0617971,57952.220330999975,18.385,0.441,W2
QSO_32.9052206-17.0617971,58113.0467405,18.011,,W2
QSO_32.9052206-17.0617971,58113.43918850003,18.794,,W2
QSO_32.9052206-17.0617971,58113.50459649996,18.104,,W2
QSO_32.9052206-17.0617971,58113.63555850003,18.49,0.525,W2
QSO_32.9052206-17.0617971,58316.092334999965,18.655,,W2
QSO_32.9052206-17.0617971,58316.09244449997,18.366,0.412,W2
QSO_32.9052206-17.0617971,58476.58528049996,18.505,,W2
QSO_32.9052206-17.0617971,58477.10839849999,18.104,0.334,W2
QSO_32.9052206-17.0617971,58477.23921450002,18.443,,W2
QSO_32.9052206-17.0617971,58840.84633800002,17.855,,W2
QSO_32.9052206-17.0617971,58840.97700800002,18.068,,W2
QSO_32.9052206-17.0617971,59205.37002760002,18.369,,W2
QSO_32.9052206-17.0617971,59205.501568000014,17.974999999999998,,W2
QSO_32.9052206-17.0617971,59205.56715520004,18.611,,W2
QSO_32.9052206-17.0617971,59205.82924779998,18.681,,W2
QSO_32.9052206-17.0617971,59205.96016599998,18.4,,W2
QSO_32.9052206-17.0617971,59207.99091699999,18.253,,W2
QSO_32.9052206-17.0617971,59412.05930249998,18.298,,W2
QSO_32.9052206-17.0617971,59412.1247105,18.519,0.482,W2
QSO_32.9052206-17.0617971,59572.077419500005,18.185,,W2
QSO_32.9052206-17.0617971,59572.5996615,18.002,,W2
QSO_32.9052206-17.0617971,59775.93481050002,17.543,,W2
QSO_32.9052206-17.0617971,59935.89390700003,18.811,,W2
QSO_32.9052206-17.0617971,59936.15429800002,18.407,,W2
QSO_32.9052206-17.0617971,59936.15440750003,18.3,,W2
QSO_32.9052206-17.0617971,59936.284092,18.306,,W2
QSO_32.9052206-17.0617971,59936.414762,18.146,,W2
QSO_32.9052206-17.0617971,59936.47980499997,18.386,0.436,W2
QSO_32.9052206-17.0617971,59936.54495750004,18.733,,W2
QSO_32.9052206-17.0617971,59944.420124500015,17.47,,W2
QSO_32.9052206-17.0617971,60302.680326500005,18.331,,W2
QSO_32.9052206-17.0617971,60302.938381499975,18.727,,W2
QSO_32.9052206-17.0617971,60303.13183149998,18.211,,W2
QSO_32.9052206-17.0617971,60303.13194099999,18.059,0.437,W2
QSO_32.9052206-17.0617971,60303.64794150001,18.49,,W2
QSO_33.0973899-17.0669588,55207.277524,18.927,,W1
QSO_33.0973899-17.0669588,55208.26933850002,19.253,,W1
QSO_33.0973899-17.0669588,55393.55863200001,18.322,0.159,W1
QSO_33.0973899-17.0669588,55393.69083499998,19.156,0.356,W1
QSO_33.0973899-17.0669588,55393.95527750004,19.087000000000003,0.289,W1
QSO_33.0973899-17.0669588,55394.021305999966,19.355,0.391,W1
QSO_33.0973899-17.0669588,55394.08737100001,19.606,0.458,W1
QSO_33.0973899-17.0669588,55394.08748050001,19.193,0.322,W1
QSO_33.0973899-17.0669588,55394.4179515,19.005000000000003,0.278,W1
QSO_33.0973899-17.0669588,55394.55015449997,19.028,0.271,W1
QSO_33.0973899-17.0669588,55394.68239399997,19.279,0.375,W1
QSO_33.0973899-17.0669588,55569.38614000002,19.313,0.373,W1
QSO_33.0973899-17.0669588,55569.71661100001,19.522,0.433,W1
QSO_33.0973899-17.0669588,55569.914879000025,18.957,0.313,W1
QSO_33.0973899-17.0669588,55569.98090750004,19.058,0.338,W1
QSO_33.0973899-17.0669588,55570.11311050001,18.926,0.281,W1
QSO_33.0973899-17.0669588,55570.37744349998,19.249,0.327,W1
QSO_33.0973899-17.0669588,56855.805946499975,18.918,0.284,W1
QSO_33.0973899-17.0669588,56856.06885599998,18.607,0.231,W1
QSO_33.0973899-17.0669588,56858.82993499999,19.037,0.306,W1
QSO_33.0973899-17.0669588,56859.02718100002,18.928,0.253,W1
QSO_33.0973899-17.0669588,57033.24255732477,18.759,0.23,W1
QSO_33.0973899-17.0669588,57033.50521133314,18.615,0.255,W1
QSO_33.0973899-17.0669588,57392.86501855383,19.03,0.332,W1
QSO_33.0973899-17.0669588,57585.11992023356,18.806,0.25,W1
QSO_33.0973899-17.0669588,57585.18565383561,19.074,0.303,W1
QSO_33.0973899-17.0669588,57585.448222243904,18.91,0.456,W1
QSO_33.0973899-17.0669588,57585.71082725224,19.504,0.414,W1
QSO_33.0973899-17.0669588,57752.92177553995,18.582,0.261,W1
QSO_33.0973899-17.0669588,57753.51245702748,18.602,0.187,W1
QSO_33.0973899-17.0669588,57753.64373971211,19.024,0.269,W1
QSO_33.0973899-17.0669588,57760.05907300003,18.914,0.258,W1
QSO_33.0973899-17.0669588,57949.4070935,18.885,0.333,W1
QSO_33.0973899-17.0669588,57949.734243000006,18.965,0.282,W1
QSO_33.0973899-17.0669588,57950.061392500014,18.631,0.201,W1
QSO_33.0973899-17.0669588,57952.220330999975,18.839,,W1
QSO_33.0973899-17.0669588,58113.70096649997,19.446,0.483,W1
QSO_33.0973899-17.0669588,58116.05572749999,18.648,0.249,W1
QSO_33.0973899-17.0669588,58116.38276749999,18.339,0.243,W1
QSO_33.0973899-17.0669588,58476.97758250003,19.056,0.456,W1
QSO_33.0973899-17.0669588,58477.04299049997,19.185,0.323,W1
QSO_33.0973899-17.0669588,58477.10839849999,18.875,0.244,W1
QSO_33.0973899-17.0669588,58477.36992099997,19.063,0.276,W1
QSO_33.0973899-17.0669588,58680.34043500004,18.985,0.27,W1
QSO_33.0973899-17.0669588,58680.66721950001,18.095,0.179,W1
QSO_33.0973899-17.0669588,58840.84633800002,18.718,0.198,W1
QSO_33.0973899-17.0669588,58840.97700800002,18.132,0.181,W1
QSO_33.0973899-17.0669588,58841.04241600004,18.853,0.246,W1
QSO_33.0973899-17.0669588,58841.10771449997,18.772,0.272,W1
QSO_33.0973899-17.0669588,58841.238530500006,19.151000000000003,0.341,W1
QSO_33.0973899-17.0669588,59047.82265579996,18.482,0.221,W1
QSO_33.0973899-17.0669588,59205.63259600002,18.729,0.21,W1
QSO_33.0973899-17.0669588,59205.82924779998,18.523,0.179,W1
QSO_33.0973899-17.0669588,59412.64720800003,19.348,0.496,W1
QSO_33.0973899-17.0669588,59572.3385405,18.855,0.261,W1
QSO_33.0973899-17.0669588,59936.284092,19.086,0.287,W1
QSO_33.0973899-17.0669588,59936.47980499997,18.961,0.245,W1
QSO_33.0973899-17.0669588,60142.923878,18.502,0.222,W1
QSO_33.0973899-17.0669588,55207.277524,19.084,0.539,W2
QSO_33.0973899-17.0669588,55208.26933850002,18.219,,W2
QSO_33.0973899-17.0669588,55393.55863200001,18.873,0.439,W2
QSO_33.0973899-17.0669588,55393.69083499998,18.881,,W2
QSO_33.0973899-17.0669588,55393.95527750004,18.666,,W2
QSO_33.0973899-17.0669588,55394.021305999966,19.001,,W2
QSO_33.0973899-17.0669588,55394.08737100001,18.468,,W2
QSO_33.0973899-17.0669588,55394.08748050001,18.369,,W2
QSO_33.0973899-17.0669588,55394.4179515,18.621,,W2
QSO_33.0973899-17.0669588,55394.55015449997,18.111,0.259,W2
QSO_33.0973899-17.0669588,55394.68239399997,18.566,,W2
QSO_33.0973899-17.0669588,55569.38614000002,18.967,,W2
QSO_33.0973899-17.0669588,55569.71661100001,18.704,,W2
QSO_33.0973899-17.0669588,55569.914879000025,18.774,0.469,W2
QSO_33.0973899-17.0669588,55569.98090750004,18.296,,W2
QSO_33.0973899-17.0669588,55570.11311050001,18.265,0.299,W2
QSO_33.0973899-17.0669588,55570.37744349998,18.306,,W2
QSO_33.0973899-17.0669588,56855.805946499975,18.182,0.388,W2
QSO_33.0973899-17.0669588,56856.06885599998,18.063,,W2
QSO_33.0973899-17.0669588,56858.82993499999,18.267,,W2
QSO_33.0973899-17.0669588,56859.02718100002,17.883,,W2
QSO_33.0973899-17.0669588,57033.24255732477,18.505,,W2
QSO_33.0973899-17.0669588,57033.50521133314,18.224,,W2
QSO_33.0973899-17.0669588,57392.86501855383,18.288,,W2
QSO_33.0973899-17.0669588,57585.11992023356,18.069,0.374,W2
QSO_33.0973899-17.0669588,57585.18565383561,17.825,,W2
QSO_33.0973899-17.0669588,57585.448222243904,17.851,,W2
QSO_33.0973899-17.0669588,57585.71082725224,18.443,0.439,W2
QSO_33.0973899-17.0669588,57752.92177553995,18.046,0.327,W2
QSO_33.0973899-17.0669588,57753.51245702748,18.438,0.445,W2
QSO_33.0973899-17.0669588,57753.64373971211,18.331,0.455,W2
QSO_33.0973899-17.0669588,57760.05907300003,17.820999999999998,,W2
QSO_33.0973899-17.0669588,57949.4070935,18.193,,W2
QSO_33.0973899-17.0669588,57949.734243000006,18.666,,W2
QSO_33.0973899-17.0669588,57950.061392500014,18.177,,W2
QSO_33.0973899-17.0669588,57952.220330999975,18.002,0.344,W2
QSO_33.0973899-17.0669588,58113.70096649997,17.692999999999998,0.293,W2
QSO_33.0973899-17.0669588,58116.05572749999,17.964,,W2
QSO_33.0973899-17.0669588,58116.38276749999,17.989,,W2
QSO_33.0973899-17.0669588,58476.97758250003,18.1,,W2
QSO_33.0973899-17.0669588,58477.04299049997,18.368,0.401,W2
QSO_33.0973899-17.0669588,58477.10839849999,18.181,,W2
QSO_33.0973899-17.0669588,58477.36992099997,18.607,0.405,W2
QSO_33.0973899-17.0669588,58680.34043500004,17.614,,W2
QSO_33.0973899-17.0669588,58680.66721950001,18.359,,W2
QSO_33.0973899-17.0669588,58840.84633800002,18.95,0.522,W2
QSO_33.0973899-17.0669588,58840.97700800002,18.566,0.517,W2
QSO_33.0973899-17.0669588,58841.04241600004,18.585,0.429,W2
QSO_33.0973899-17.0669588,58841.10771449997,18.51,0.423,W2
QSO_33.0973899-17.0669588,58841.238530500006,18.137,0.318,W2
QSO_33.0973899-17.0669588,59047.82265579996,17.985,,W2
QSO_33.0973899-17.0669588,59205.63259600002,18.506,,W2
QSO_33.0973899-17.0669588,59205.82924779998,18.022,,W2
QSO_33.0973899-17.0669588,59412.64720800003,18.634,0.521,W2
QSO_33.0973899-17.0669588,59572.3385405,18.714,,W2
QSO_33.0973899-17.0669588,59936.284092,17.891,,W2
QSO_33.0973899-17.0669588,59936.47980499997,18.327,,W2
QSO_33.0973899-17.0669588,60142.923878,18.73,,W2
QSO_33.0667198-17.1015973,55207.277524,19.333,0.36,W1
QSO_33.0667198-17.1015973,55208.26933850002,19.114,0.298,W1
QSO_33.0667198-17.1015973,55393.55863200001,18.816000000000003,0.24,W1
QSO_33.0667198-17.1015973,55393.69083499998,19.225,,W1
QSO_33.0667198-17.1015973,55393.95527750004,19.011000000000003,,W1
QSO_33.0667198-17.1015973,55394.021305999966,18.671,0.201,W1
QSO_33.0667198-17.1015973,55394.08737100001,18.99,0.263,W1
QSO_33.0667198-17.1015973,55394.08748050001,19.47,0.433,W1
QSO_33.0667198-17.1015973,55394.4179515,19.35,,W1
QSO_33.0667198-17.1015973,55394.55015449997,19.026000000000003,,W1
QSO_33.0667198-17.1015973,55394.68239399997,19.124,,W1
QSO_33.0667198-17.1015973,55569.38614000002,19.019,,W1
QSO_33.0667198-17.1015973,55569.71661100001,19.365,,W1
QSO_33.0667198-17.1015973,55569.914879000025,19.311,,W1
QSO_33.0667198-17.1015973,55569.98090750004,19.705,0.54,W1
QSO_33.0667198-17.1015973,55570.11311050001,19.325000000000003,0.368,W1
QSO_33.0667198-17.1015973,56670.12073749996,19.214,0.342,W1
QSO_33.0667198-17.1015973,56670.51570399999,18.613,0.372,W1
QSO_33.0667198-17.1015973,56670.6474325,18.482,0.284,W1
QSO_33.0667198-17.1015973,56855.805946499975,19.119,0.314,W1
QSO_33.0667198-17.1015973,56858.82993499999,18.48,0.217,W1
QSO_33.0667198-17.1015973,56859.02718100002,19.215,0.335,W1
QSO_33.0667198-17.1015973,56859.092954,18.389,0.19,W1
QSO_33.0667198-17.1015973,57033.24255732477,18.735,0.211,W1
QSO_33.0667198-17.1015973,57584.988636029375,18.677,0.246,W1
QSO_33.0667198-17.1015973,57585.11992023356,19.074,0.368,W1
QSO_33.0667198-17.1015973,57585.18565383561,19.264000000000003,0.356,W1
QSO_33.0667198-17.1015973,58113.76622850003,18.537,0.217,W1
QSO_33.0667198-17.1015973,58114.027970000025,18.628,0.253,W1
QSO_33.0667198-17.1015973,58114.15878599997,18.878,0.256,W1
QSO_33.0667198-17.1015973,58476.78150450001,18.904,0.265,W1
QSO_33.0667198-17.1015973,58680.66721950001,18.564,0.36,W1
QSO_33.0667198-17.1015973,58840.25792149999,18.651,0.212,W1
QSO_33.0667198-17.1015973,58840.71501099999,18.853,0.299,W1
QSO_33.0667198-17.1015973,58841.10771449997,18.724,0.239,W1
QSO_33.0667198-17.1015973,58841.238530500006,19.047,0.275,W1
QSO_33.0667198-17.1015973,59205.63259600002,18.61,0.204,W1
QSO_33.0667198-17.1015973,59205.82910140004,19.217,0.37,W1
QSO_33.0667198-17.1015973,59412.1247105,18.306,0.152,W1
QSO_33.0667198-17.1015973,59572.20798000001,18.459,0.157,W1
QSO_33.0667198-17.1015973,59572.3385405,19.263,0.441,W1
QSO_33.0667198-17.1015973,59572.534399500015,19.186,0.385,W1
QSO_33.0667198-17.1015973,59775.47848750003,18.487,0.184,W1
QSO_33.0667198-17.1015973,59776.195530000026,18.824,0.249,W1
QSO_33.0667198-17.1015973,59936.15429800002,19.011000000000003,0.302,W1
QSO_33.0667198-17.1015973,59936.284092,18.736,0.211,W1
QSO_33.0667198-17.1015973,59936.4146525,19.238,0.434,W1
QSO_33.0667198-17.1015973,59936.54495750004,18.613,0.213,W1
QSO_33.0667198-17.1015973,59944.420124500015,18.646,0.325,W1
QSO_33.0667198-17.1015973,60142.923878,19.005000000000003,0.365,W1
QSO_33.0667198-17.1015973,60302.938381499975,18.936,0.269,W1
QSO_33.0667198-17.1015973,60303.0672995,18.863,,W1
QSO_33.0667198-17.1015973,55207.277524,18.56,,W2
QSO_33.0667198-17.1015973,55208.26933850002,18.823,,W2
QSO_33.0667198-17.1015973,55393.55863200001,19.084,0.535,W2
QSO_33.0667198-17.1015973,55393.69083499998,18.521,,W2
QSO_33.0667198-17.1015973,55393.95527750004,18.692,,W2
QSO_33.0667198-17.1015973,55394.021305999966,18.906,,W2
QSO_33.0667198-17.1015973,55394.08737100001,18.638,,W2
QSO_33.0667198-17.1015973,55394.08748050001,19.04,,W2
QSO_33.0667198-17.1015973,55394.4179515,18.684,,W2
QSO_33.0667198-17.1015973,55394.55015449997,18.739,,W2
QSO_33.0667198-17.1015973,55394.68239399997,18.388,,W2
QSO_33.0667198-17.1015973,55569.38614000002,18.431,,W2
QSO_33.0667198-17.1015973,55569.71661100001,18.492,,W2
QSO_33.0667198-17.1015973,55569.914879000025,18.878,,W2
QSO_33.0667198-17.1015973,55569.98090750004,18.417,,W2
QSO_33.0667198-17.1015973,55570.11311050001,18.361,,W2
QSO_33.0667198-17.1015973,56670.12073749996,18.784,,W2
QSO_33.0667198-17.1015973,56670.51570399999,18.326,,W2
QSO_33.0667198-17.1015973,56670.6474325,18.154,,W2
QSO_33.0667198-17.1015973,56855.805946499975,17.599999999999998,,W2
QSO_33.0667198-17.1015973,56858.82993499999,19.024,,W2
QSO_33.0667198-17.1015973,56859.02718100002,18.926,,W2
QSO_33.0667198-17.1015973,56859.092954,18.611,,W2
QSO_33.0667198-17.1015973,57033.24255732477,18.283,,W2
QSO_33.0667198-17.1015973,57584.988636029375,18.109,,W2
QSO_33.0667198-17.1015973,57585.11992023356,18.118,,W2
QSO_33.0667198-17.1015973,57585.18565383561,18.773,,W2
QSO_33.0667198-17.1015973,58113.76622850003,18.163,,W2
QSO_33.0667198-17.1015973,58114.027970000025,18.448,,W2
QSO_33.0667198-17.1015973,58114.15878599997,18.612,,W2
QSO_33.0667198-17.1015973,58476.78150450001,18.175,0.406,W2
QSO_33.0667198-17.1015973,58680.66721950001,18.751,,W2
QSO_33.0667198-17.1015973,58840.25792149999,18.658,,W2
QSO_33.0667198-17.1015973,58840.71501099999,18.9,,W2
QSO_33.0667198-17.1015973,58841.10771449997,18.37,,W2
QSO_33.0667198-17.1015973,58841.238530500006,18.657,,W2
QSO_33.0667198-17.1015973,59205.63259600002,18.434,,W2
QSO_33.0667198-17.1015973,59205.82910140004,17.854,,W2
QSO_33.0667198-17.1015973,59412.1247105,18.643,,W2
QSO_33.0667198-17.1015973,59572.20798000001,18.412,,W2
QSO_33.0667198-17.1015973,59572.3385405,18.29,,W2
QSO_33.0667198-17.1015973,59572.534399500015,18.336,,W2
QSO_33.0667198-17.1015973,59775.47848750003,18.291,,W2
QSO_33.0667198-17.1015973,59776.195530000026,17.931,,W2
QSO_33.0667198-17.1015973,59936.15429800002,18.196,0.319,W2
QSO_33.0667198-17.1015973,59936.284092,18.137,,W2
QSO_33.0667198-17.1015973,59936.4146525,18.581,,W2
QSO_33.0667198-17.1015973,59936.54495750004,18.677,,W2
QSO_33.0667198-17.1015973,59944.420124500015,17.747,,W2
QSO_33.0667198-17.1015973,60142.923878,17.769,,W2
QSO_33.0667198-17.1015973,60302.938381499975,18.635,,W2
QSO_33.0667198-17.1015973,60303.0672995,18.08,,W2
QSO_33.0154774-16.905645,55207.277524,18.862,0.242,W1
QSO_33.0154774-16.905645,55208.26933850002,19.059,,W1
QSO_33.0154774-16.905645,55393.55848599998,19.062,0.294,W1
QSO_33.0154774-16.905645,55393.55863200001,18.911,0.268,W1
QSO_33.0154774-16.905645,55393.690725499975,19.196,0.393,W1
QSO_33.0154774-16.905645,55393.822928500034,19.128,,W1
QSO_33.0154774-16.905645,55393.955131500006,18.588,0.181,W1
QSO_33.0154774-16.905645,55394.021305999966,18.999,0.333,W1
QSO_33.0154774-16.905645,55394.08737100001,19.748,0.538,W1
QSO_33.0154774-16.905645,55394.4179515,18.943,0.289,W1
QSO_33.0154774-16.905645,55394.55004499997,19.069000000000003,0.299,W1
QSO_33.0154774-16.905645,55394.55015449997,19.71,0.501,W1
QSO_33.0154774-16.905645,55394.68224800003,19.200000000000003,0.325,W1
QSO_33.0154774-16.905645,55569.71661100001,19.065,0.296,W1
QSO_33.0154774-16.905645,55569.914879000025,19.411,0.402,W1
QSO_33.0154774-16.905645,55569.98105349999,19.438,,W1
QSO_33.0154774-16.905645,55570.11311050001,18.955,0.282,W1
QSO_33.0154774-16.905645,56670.05492800004,18.659,0.208,W1
QSO_33.0154774-16.905645,56670.38412150001,18.75,0.224,W1
QSO_33.0154774-16.905645,56670.51570399999,19.015,0.329,W1
QSO_33.0154774-16.905645,56855.805946499975,19.137,0.351,W1
QSO_33.0154774-16.905645,56856.003083,19.114,0.352,W1
QSO_33.0154774-16.905645,56859.02718100002,18.83,0.251,W1
QSO_33.0154774-16.905645,56859.55310950003,19.07,0.284,W1
QSO_33.0154774-16.905645,57033.24255732477,18.466,0.219,W1
QSO_33.0154774-16.905645,57221.17418970997,18.409,0.186,W1
QSO_33.0154774-16.905645,57393.25920056634,18.272,0.14,W1
QSO_33.0154774-16.905645,57393.85047358498,19.068,0.328,W1
QSO_33.0154774-16.905645,57585.05433303147,19.494,0.445,W1
QSO_33.0154774-16.905645,57585.448222243904,18.936,0.304,W1
QSO_33.0154774-16.905645,57752.79049133584,19.477,0.531,W1
QSO_33.0154774-16.905645,57753.64373971211,19.106,0.313,W1
QSO_33.0154774-16.905645,57760.05907300003,18.55,0.273,W1
QSO_33.0154774-16.905645,57949.4070935,19.202,0.366,W1
QSO_33.0154774-16.905645,57953.07089049999,18.674,0.199,W1
QSO_33.0154774-16.905645,58113.43918850003,19.145000000000003,0.37,W1
QSO_33.0154774-16.905645,58316.02692700003,19.375,0.4,W1
QSO_33.0154774-16.905645,58476.91232049996,19.011000000000003,0.262,W1
QSO_33.0154774-16.905645,58477.23921450002,19.305,0.351,W1
QSO_33.0154774-16.905645,58679.68664700001,18.864,0.254,W1
QSO_33.0154774-16.905645,58680.144247500015,18.669,0.25,W1
QSO_33.0154774-16.905645,58840.7151205,18.99,0.267,W1
QSO_33.0154774-16.905645,58840.91174600004,19.025,0.273,W1
QSO_33.0154774-16.905645,58841.10782399998,19.146,0.305,W1
QSO_33.0154774-16.905645,59047.42938879997,18.708,0.229,W1
QSO_33.0154774-16.905645,59047.69159120001,18.738,0.231,W1
QSO_33.0154774-16.905645,59048.01912460003,18.716,0.44,W1
QSO_33.0154774-16.905645,59048.281217199976,19.066000000000003,0.44,W1
QSO_33.0154774-16.905645,59205.37002760002,18.673,0.215,W1
QSO_33.0154774-16.905645,59205.69818320003,18.863,0.23,W1
QSO_33.0154774-16.905645,59412.05930249998,18.950000000000003,0.356,W1
QSO_33.0154774-16.905645,59412.64720800003,18.709000000000003,0.226,W1
QSO_33.0154774-16.905645,59572.5996615,18.406,0.211,W1
QSO_33.0154774-16.905645,59776.06511549998,18.703000000000003,0.339,W1
QSO_33.0154774-16.905645,59776.45628599999,18.782,0.236,W1
QSO_33.0154774-16.905645,59936.414762,18.927,0.334,W1
QSO_33.0154774-16.905645,59936.54495750004,19.075000000000003,0.293,W1
QSO_33.0154774-16.905645,59937.0006235,18.914,0.242,W1
QSO_33.0154774-16.905645,60142.923878,18.646,0.352,W1
QSO_33.0154774-16.905645,60143.24785199998,19.174,0.541,W1
QSO_33.0154774-16.905645,60143.377536500026,18.953000000000003,0.277,W1
QSO_33.0154774-16.905645,60302.938381499975,19.520000000000003,0.448,W1
QSO_33.0154774-16.905645,60303.26085900001,18.709000000000003,0.304,W1
QSO_33.0154774-16.905645,60303.26096850001,18.519,0.201,W1
QSO_33.0154774-16.905645,55207.277524,18.332,,W2
QSO_33.0154774-16.905645,55208.26933850002,18.609,,W2
QSO_33.0154774-16.905645,55393.55848599998,18.373,,W2
QSO_33.0154774-16.905645,55393.55863200001,18.438,,W2
QSO_33.0154774-16.905645,55393.690725499975,18.389,,W2
QSO_33.0154774-16.905645,55393.822928500034,18.732,,W2
QSO_33.0154774-16.905645,55393.955131500006,18.97,0.504,W2
QSO_33.0154774-16.905645,55394.021305999966,18.813,0.513,W2
QSO_33.0154774-16.905645,55394.08737100001,18.592,,W2
QSO_33.0154774-16.905645,55394.4179515,18.553,,W2
QSO_33.0154774-16.905645,55394.55004499997,18.88,,W2
QSO_33.0154774-16.905645,55394.55015449997,18.93,0.474,W2
QSO_33.0154774-16.905645,55394.68224800003,19.014,,W2
QSO_33.0154774-16.905645,55569.71661100001,18.35,,W2
QSO_33.0154774-16.905645,55569.914879000025,18.216,,W2
QSO_33.0154774-16.905645,55569.98105349999,18.443,,W2
QSO_33.0154774-16.905645,55570.11311050001,18.518,,W2
QSO_33.0154774-16.905645,56670.05492800004,17.926,,W2
QSO_33.0154774-16.905645,56670.38412150001,18.124,,W2
QSO_33.0154774-16.905645,56670.51570399999,18.005,,W2
QSO_33.0154774-16.905645,56855.805946499975,18.355,,W2
QSO_33.0154774-16.905645,56856.003083,18.81,,W2
QSO_33.0154774-16.905645,56859.02718100002,18.576,,W2
QSO_33.0154774-16.905645,56859.55310950003,18.648,,W2
QSO_33.0154774-16.905645,57033.24255732477,18.654,,W2
QSO_33.0154774-16.905645,57221.17418970997,18.159,,W2
QSO_33.0154774-16.905645,57393.25920056634,18.098,,W2
QSO_33.0154774-16.905645,57393.85047358498,18.043,,W2
QSO_33.0154774-16.905645,57585.05433303147,18.668,,W2
QSO_33.0154774-16.905645,57585.448222243904,18.081,,W2
QSO_33.0154774-16.905645,57752.79049133584,18.542,0.476,W2
QSO_33.0154774-16.905645,57753.64373971211,18.18,,W2
QSO_33.0154774-16.905645,57760.05907300003,18.265,,W2
QSO_33.0154774-16.905645,57949.4070935,17.945,,W2
QSO_33.0154774-16.905645,57953.07089049999,18.189,,W2
QSO_33.0154774-16.905645,58113.43918850003,18.396,,W2
QSO_33.0154774-16.905645,58316.02692700003,18.182,0.386,W2
QSO_33.0154774-16.905645,58476.91232049996,18.615,0.528,W2
QSO_33.0154774-16.905645,58477.23921450002,18.115,,W2
QSO_33.0154774-16.905645,58679.68664700001,18.58,,W2
QSO_33.0154774-16.905645,58680.144247500015,18.022,,W2
QSO_33.0154774-16.905645,58840.7151205,18.573,0.507,W2
QSO_33.0154774-16.905645,58840.91174600004,18.719,0.422,W2
QSO_33.0154774-16.905645,58841.10782399998,18.393,,W2
QSO_33.0154774-16.905645,59047.42938879997,18.596,0.493,W2
QSO_33.0154774-16.905645,59047.69159120001,18.0,,W2
QSO_33.0154774-16.905645,59048.01912460003,18.137,,W2
QSO_33.0154774-16.905645,59048.281217199976,18.272,0.366,W2
QSO_33.0154774-16.905645,59205.37002760002,18.725,0.529,W2
QSO_33.0154774-16.905645,59205.69818320003,18.395,0.459,W2
QSO_33.0154774-16.905645,59412.05930249998,17.453,,W2
QSO_33.0154774-16.905645,59412.64720800003,18.415,,W2
QSO_33.0154774-16.905645,59572.5996615,18.626,,W2
QSO_33.0154774-16.905645,59776.06511549998,18.788,,W2
QSO_33.0154774-16.905645,59776.45628599999,17.942,,W2
QSO_33.0154774-16.905645,59936.414762,18.048,,W2
QSO_33.0154774-16.905645,59936.54495750004,17.745,,W2
QSO_33.0154774-16.905645,59937.0006235,18.211,,W2
QSO_33.0154774-16.905645,60142.923878,18.299,,W2
QSO_33.0154774-16.905645,60143.24785199998,17.998,0.385,W2
QSO_33.0154774-16.905645,60143.377536500026,18.282,,W2
QSO_33.0154774-16.905645,60302.938381499975,17.936,0.356,W2
QSO_33.0154774-16.905645,60303.26085900001,18.084,,W2
QSO_33.0154774-16.905645,60303.26096850001,18.422,,W2
QSO_32.7886775-17.1305417,55207.277524,19.103,0.315,W1
QSO_32.7886775-17.1305417,55393.55863200001,19.441000000000003,0.417,W1
QSO_32.7886775-17.1305417,55393.62466050002,18.997,0.285,W1
QSO_32.7886775-17.1305417,55393.69083499998,19.256,,W1
QSO_32.7886775-17.1305417,55393.75690000002,18.711,0.223,W1
QSO_32.7886775-17.1305417,55393.889103,18.762,0.225,W1
QSO_32.7886775-17.1305417,55393.955131500006,19.333,0.376,W1
QSO_32.7886775-17.1305417,55393.95527750004,19.5,0.425,W1
QSO_32.7886775-17.1305417,55394.021305999966,19.259,,W1
QSO_32.7886775-17.1305417,55394.4179515,19.113,0.307,W1
QSO_32.7886775-17.1305417,55568.989640500025,19.338,0.361,W1
QSO_32.7886775-17.1305417,55569.32011150001,19.132,0.289,W1
QSO_32.7886775-17.1305417,55569.38614000002,19.123,0.307,W1
QSO_32.7886775-17.1305417,55569.452314499984,19.431,,W1
QSO_32.7886775-17.1305417,55569.71661100001,18.86,0.417,W1
QSO_32.7886775-17.1305417,55569.98090750004,18.936,0.27,W1
QSO_32.7886775-17.1305417,56669.65970599998,19.047,0.398,W1
QSO_32.7886775-17.1305417,56670.05481850004,18.737,0.427,W1
QSO_32.7886775-17.1305417,56670.05492800004,18.931,,W1
QSO_32.7886775-17.1305417,56855.805946499975,19.07,0.351,W1
QSO_32.7886775-17.1305417,57033.24255732477,18.766,0.219,W1
QSO_32.7886775-17.1305417,57033.37388432896,18.880000000000003,0.242,W1
QSO_32.7886775-17.1305417,57033.50521133314,18.941000000000003,0.285,W1
QSO_32.7886775-17.1305417,57392.86501855383,19.270000000000003,0.349,W1
QSO_32.7886775-17.1305417,57393.19346696421,18.886000000000003,0.269,W1
QSO_32.7886775-17.1305417,57585.448222243904,18.869,0.233,W1
QSO_32.7886775-17.1305417,57752.396711923335,19.231,0.31,W1
QSO_32.7886775-17.1305417,57752.79049133584,18.953000000000003,0.297,W1
QSO_32.7886775-17.1305417,57752.987362742046,18.924,0.398,W1
QSO_32.7886775-17.1305417,57760.058927,18.857,0.276,W1
QSO_32.7886775-17.1305417,57760.05907300003,18.342,,W1
QSO_32.7886775-17.1305417,58113.17755650004,18.686,0.247,W1
QSO_32.7886775-17.1305417,58113.24296449997,18.972,0.281,W1
QSO_32.7886775-17.1305417,58113.37378050001,18.765,0.285,W1
QSO_32.7886775-17.1305417,58113.63541249999,18.595,0.275,W1
QSO_32.7886775-17.1305417,58113.63555850003,19.5,0.524,W1
QSO_32.7886775-17.1305417,58113.76637449998,18.478,0.232,W1
QSO_32.7886775-17.1305417,58116.18654350002,18.979,0.322,W1
QSO_32.7886775-17.1305417,58316.09244449997,19.375,0.434,W1
QSO_32.7886775-17.1305417,58476.25838649999,18.743,0.351,W1
QSO_32.7886775-17.1305417,58476.78150450001,18.705,0.211,W1
QSO_32.7886775-17.1305417,58679.81746299996,18.922,0.289,W1
QSO_32.7886775-17.1305417,59205.3050626,18.58,0.186,W1
QSO_32.7886775-17.1305417,59205.56715520004,19.181,0.339,W1
QSO_32.7886775-17.1305417,59205.82924779998,19.380000000000003,0.382,W1
QSO_32.7886775-17.1305417,59207.99091699999,19.023000000000003,0.346,W1
QSO_32.7886775-17.1305417,59572.07731,18.703000000000003,0.22,W1
QSO_32.7886775-17.1305417,59572.20798000001,19.169,0.298,W1
QSO_32.7886775-17.1305417,59775.47848750003,19.143,0.33,W1
QSO_32.7886775-17.1305417,59775.73920699996,18.392,0.186,W1
QSO_32.7886775-17.1305417,59936.284092,18.888,0.25,W1
QSO_32.7886775-17.1305417,60302.938381499975,19.014000000000003,0.279,W1
QSO_32.7886775-17.1305417,60303.067445500026,19.165,0.347,W1
QSO_32.7886775-17.1305417,60303.19632700003,18.293,0.188,W1
QSO_32.7886775-17.1305417,60507.512449,18.444,0.236,W1
QSO_32.7886775-17.1305417,55207.277524,18.904,0.485,W2
QSO_32.7886775-17.1305417,55393.55863200001,18.229,,W2
QSO_32.7886775-17.1305417,55393.62466050002,18.601,,W2
QSO_32.7886775-17.1305417,55393.69083499998,18.972,0.474,W2
QSO_32.7886775-17.1305417,55393.75690000002,18.969,,W2
QSO_32.7886775-17.1305417,55393.889103,18.168,,W2
QSO_32.7886775-17.1305417,55393.955131500006,18.447,,W2
QSO_32.7886775-17.1305417,55393.95527750004,18.383,,W2
QSO_32.7886775-17.1305417,55394.021305999966,18.995,,W2
QSO_32.7886775-17.1305417,55394.4179515,19.082,,W2
QSO_32.7886775-17.1305417,55568.989640500025,18.467,,W2
QSO_32.7886775-17.1305417,55569.32011150001,18.791,,W2
QSO_32.7886775-17.1305417,55569.38614000002,18.759,,W2
QSO_32.7886775-17.1305417,55569.452314499984,18.689,,W2
QSO_32.7886775-17.1305417,55569.71661100001,18.929,,W2
QSO_32.7886775-17.1305417,55569.98090750004,19.004,,W2
QSO_32.7886775-17.1305417,56669.65970599998,18.443,,W2
QSO_32.7886775-17.1305417,56670.05481850004,18.496,0.505,W2
QSO_32.7886775-17.1305417,56670.05492800004,18.487,0.374,W2
QSO_32.7886775-17.1305417,56855.805946499975,17.922,,W2
QSO_32.7886775-17.1305417,57033.24255732477,17.62,,W2
QSO_32.7886775-17.1305417,57033.37388432896,18.387,0.459,W2
QSO_32.7886775-17.1305417,57033.50521133314,18.418,,W2
QSO_32.7886775-17.1305417,57392.86501855383,18.358,0.469,W2
QSO_32.7886775-17.1305417,57393.19346696421,18.672,,W2
QSO_32.7886775-17.1305417,57585.448222243904,18.565,,W2
QSO_32.7886775-17.1305417,57752.396711923335,18.475,,W2
QSO_32.7886775-17.1305417,57752.79049133584,18.558,,W2
QSO_32.7886775-17.1305417,57752.987362742046,18.284,0.477,W2
QSO_32.7886775-17.1305417,57760.058927,18.624,,W2
QSO_32.7886775-17.1305417,57760.05907300003,18.081,,W2
QSO_32.7886775-17.1305417,58113.17755650004,18.355,0.474,W2
QSO_32.7886775-17.1305417,58113.24296449997,18.748,0.542,W2
QSO_32.7886775-17.1305417,58113.37378050001,17.93,,W2
QSO_32.7886775-17.1305417,58113.63541249999,18.258,,W2
QSO_32.7886775-17.1305417,58113.63555850003,18.762,,W2
QSO_32.7886775-17.1305417,58113.76637449998,18.451,0.488,W2
QSO_32.7886775-17.1305417,58116.18654350002,18.469,,W2
QSO_32.7886775-17.1305417,58316.09244449997,18.34,0.41,W2
QSO_32.7886775-17.1305417,58476.25838649999,18.758,,W2
QSO_32.7886775-17.1305417,58476.78150450001,18.176,0.416,W2
QSO_32.7886775-17.1305417,58679.81746299996,18.497,,W2
QSO_32.7886775-17.1305417,59205.3050626,18.262,,W2
QSO_32.7886775-17.1305417,59205.56715520004,18.281,0.489,W2
QSO_32.7886775-17.1305417,59205.82924779998,18.708,0.511,W2
QSO_32.7886775-17.1305417,59207.99091699999,18.431,,W2
QSO_32.7886775-17.1305417,59572.07731,18.829,,W2
QSO_32.7886775-17.1305417,59572.20798000001,18.636,0.501,W2
QSO_32.7886775-17.1305417,59775.47848750003,18.15,,W2
QSO_32.7886775-17.1305417,59775.73920699996,18.63,,W2
QSO_32.7886775-17.1305417,59936.284092,17.974999999999998,,W2
QSO_32.7886775-17.1305417,60302.938381499975,18.039,,W2
QSO_32.7886775-17.1305417,60303.067445500026,18.281,,W2
QSO_32.7886775-17.1305417,60303.19632700003,18.85,,W2
QSO_32.7886775-17.1305417,60507.512449,17.326999999999998,0.434,W2
QSO_32.9622583-17.0319686,55207.277524,19.162,0.343,W1
QSO_32.9622583-17.0319686,55393.55863200001,19.003,0.261,W1
QSO_32.9622583-17.0319686,55393.69083499998,19.114,,W1
QSO_32.9622583-17.0319686,55393.822928500034,18.989,0.259,W1
QSO_32.9622583-17.0319686,55393.889103,18.953000000000003,,W1
QSO_32.9622583-17.0319686,55393.955131500006,18.298,0.178,W1
QSO_32.9622583-17.0319686,55394.021305999966,18.911,,W1
QSO_32.9622583-17.0319686,55394.08737100001,19.327,,W1
QSO_32.9622583-17.0319686,55394.4179515,19.565,,W1
QSO_32.9622583-17.0319686,55394.55015449997,18.972,0.29,W1
QSO_32.9622583-17.0319686,55569.38614000002,19.176,0.34,W1
QSO_32.9622583-17.0319686,55569.71661100001,19.18,0.312,W1
QSO_32.9622583-17.0319686,55569.98090750004,18.945,0.263,W1
QSO_32.9622583-17.0319686,55569.98105349999,19.35,0.369,W1
QSO_32.9622583-17.0319686,55570.11311050001,19.339,0.371,W1
QSO_32.9622583-17.0319686,56670.05481850004,19.527,0.472,W1
QSO_32.9622583-17.0319686,56670.12073749996,18.488,0.176,W1
QSO_32.9622583-17.0319686,56855.805946499975,19.204,0.49,W1
QSO_32.9622583-17.0319686,56858.82993499999,18.539,,W1
QSO_32.9622583-17.0319686,56859.02718100002,18.573,0.205,W1
QSO_32.9622583-17.0319686,56859.421673,19.024,0.304,W1
QSO_32.9622583-17.0319686,57033.24255732477,19.047,0.336,W1
QSO_32.9622583-17.0319686,57033.50521133314,19.348,0.409,W1
QSO_32.9622583-17.0319686,57220.45309568712,18.642,0.228,W1
QSO_32.9622583-17.0319686,57220.78086569752,18.93,0.389,W1
QSO_32.9622583-17.0319686,57393.25920056634,18.691000000000003,0.27,W1
QSO_32.9622583-17.0319686,57393.71904298084,18.826,0.226,W1
QSO_32.9622583-17.0319686,57584.988636029375,18.074,0.193,W1
QSO_32.9622583-17.0319686,57585.11992023356,19.075000000000003,0.397,W1
QSO_32.9622583-17.0319686,57753.38113774316,18.757,0.276,W1
QSO_32.9622583-17.0319686,57949.0800535,18.564,0.22,W1
QSO_32.9622583-17.0319686,57952.80914899999,18.585,0.205,W1
QSO_32.9622583-17.0319686,58113.57015050001,18.799,0.309,W1
QSO_32.9622583-17.0319686,58113.63555850003,18.974,0.284,W1
QSO_32.9622583-17.0319686,58113.70096649997,19.027,0.3,W1
QSO_32.9622583-17.0319686,58113.76637449998,19.305,0.35,W1
QSO_32.9622583-17.0319686,58114.027970000025,18.732,0.225,W1
QSO_32.9622583-17.0319686,58114.15878599997,18.826,,W1
QSO_32.9622583-17.0319686,58116.18654350002,18.82,0.293,W1
QSO_32.9622583-17.0319686,58476.25838649999,19.291,0.441,W1
QSO_32.9622583-17.0319686,58476.97772849998,18.634,0.251,W1
QSO_32.9622583-17.0319686,58477.10839849999,19.037,0.338,W1
QSO_32.9622583-17.0319686,58477.23921450002,18.615,0.246,W1
QSO_32.9622583-17.0319686,58679.81746299996,18.902,0.256,W1
QSO_32.9622583-17.0319686,58840.7151205,18.878,0.228,W1
QSO_32.9622583-17.0319686,58840.84633800002,18.902,0.322,W1
QSO_32.9622583-17.0319686,59047.69159120001,19.364,0.407,W1
QSO_32.9622583-17.0319686,59205.501568000014,18.725,0.252,W1
QSO_32.9622583-17.0319686,59205.56715520004,19.472,0.504,W1
QSO_32.9622583-17.0319686,59205.63259600002,18.886000000000003,0.252,W1
QSO_32.9622583-17.0319686,59412.05930249998,18.97,0.304,W1
QSO_32.9622583-17.0319686,59572.077419500005,18.914,0.253,W1
QSO_32.9622583-17.0319686,59572.5996615,18.876,0.244,W1
QSO_32.9622583-17.0319686,59572.730222,18.623,0.204,W1
QSO_32.9622583-17.0319686,59775.86965800004,18.808,0.33,W1
QSO_32.9622583-17.0319686,59776.06511549998,18.619,0.24,W1
QSO_32.9622583-17.0319686,59776.195530000026,18.965,,W1
QSO_32.9622583-17.0319686,59936.15440750003,19.034,0.294,W1
QSO_32.9622583-17.0319686,59936.8699535,19.102,0.34,W1
QSO_32.9622583-17.0319686,60143.24785199998,18.572,0.306,W1
QSO_32.9622583-17.0319686,60302.680326500005,19.012,0.294,W1
QSO_32.9622583-17.0319686,60303.13183149998,18.618,0.283,W1
QSO_32.9622583-17.0319686,60303.19632700003,19.501,0.459,W1
QSO_32.9622583-17.0319686,60303.26085900001,18.925,,W1
QSO_32.9622583-17.0319686,60303.64794150001,18.924,,W1
QSO_32.9622583-17.0319686,55207.277524,19.084,,W2
QSO_32.9622583-17.0319686,55393.55863200001,18.659,0.464,W2
QSO_32.9622583-17.0319686,55393.69083499998,18.714,,W2
QSO_32.9622583-17.0319686,55393.822928500034,18.643,0.368,W2
QSO_32.9622583-17.0319686,55393.889103,18.851,0.498,W2
QSO_32.9622583-17.0319686,55393.955131500006,18.704,0.39,W2
QSO_32.9622583-17.0319686,55394.021305999966,18.828,0.527,W2
QSO_32.9622583-17.0319686,55394.08737100001,18.68,,W2
QSO_32.9622583-17.0319686,55394.4179515,18.279,,W2
QSO_32.9622583-17.0319686,55394.55015449997,18.43,,W2
QSO_32.9622583-17.0319686,55569.38614000002,18.378,,W2
QSO_32.9622583-17.0319686,55569.71661100001,18.795,,W2
QSO_32.9622583-17.0319686,55569.98090750004,18.544,,W2
QSO_32.9622583-17.0319686,55569.98105349999,18.716,,W2
QSO_32.9622583-17.0319686,55570.11311050001,18.469,,W2
QSO_32.9622583-17.0319686,56670.05481850004,18.44,,W2
QSO_32.9622583-17.0319686,56670.12073749996,18.486,,W2
QSO_32.9622583-17.0319686,56855.805946499975,18.595,,W2
QSO_32.9622583-17.0319686,56858.82993499999,17.986,0.283,W2
QSO_32.9622583-17.0319686,56859.02718100002,17.887,,W2
QSO_32.9622583-17.0319686,56859.421673,18.52,,W2
QSO_32.9622583-17.0319686,57033.24255732477,18.136,,W2
QSO_32.9622583-17.0319686,57033.50521133314,17.791999999999998,0.326,W2
QSO_32.9622583-17.0319686,57220.45309568712,18.455,,W2
QSO_32.9622583-17.0319686,57220.78086569752,18.448,,W2
QSO_32.9622583-17.0319686,57393.25920056634,18.117,,W2
QSO_32.9622583-17.0319686,57393.71904298084,18.171,,W2
QSO_32.9622583-17.0319686,57584.988636029375,18.19,,W2
QSO_32.9622583-17.0319686,57585.11992023356,18.012999999999998,,W2
QSO_32.9622583-17.0319686,57753.38113774316,18.341,0.354,W2
QSO_32.9622583-17.0319686,57949.0800535,16.81,,W2
QSO_32.9622583-17.0319686,57952.80914899999,17.995,,W2
QSO_32.9622583-17.0319686,58113.57015050001,18.094,,W2
QSO_32.9622583-17.0319686,58113.63555850003,17.857,,W2
QSO_32.9622583-17.0319686,58113.70096649997,18.03,,W2
QSO_32.9622583-17.0319686,58113.76637449998,18.097,,W2
QSO_32.9622583-17.0319686,58114.027970000025,18.449,0.502,W2
QSO_32.9622583-17.0319686,58114.15878599997,18.391,0.485,W2
QSO_32.9622583-17.0319686,58116.18654350002,18.006,,W2
QSO_32.9622583-17.0319686,58476.25838649999,18.221,,W2
QSO_32.9622583-17.0319686,58476.97772849998,18.432,,W2
QSO_32.9622583-17.0319686,58477.10839849999,18.652,0.494,W2
QSO_32.9622583-17.0319686,58477.23921450002,18.525,,W2
QSO_32.9622583-17.0319686,58679.81746299996,17.848,,W2
QSO_32.9622583-17.0319686,58840.7151205,18.154,0.348,W2
QSO_32.9622583-17.0319686,58840.84633800002,18.509,0.435,W2
QSO_32.9622583-17.0319686,59047.69159120001,18.471,,W2
QSO_32.9622583-17.0319686,59205.501568000014,18.104,,W2
QSO_32.9622583-17.0319686,59205.56715520004,17.896,,W2
QSO_32.9622583-17.0319686,59205.63259600002,18.361,,W2
QSO_32.9622583-17.0319686,59412.05930249998,18.398,,W2
QSO_32.9622583-17.0319686,59572.077419500005,18.567,0.442,W2
QSO_32.9622583-17.0319686,59572.5996615,17.73,,W2
QSO_32.9622583-17.0319686,59572.730222,18.468,0.345,W2
QSO_32.9622583-17.0319686,59775.86965800004,18.053,,W2
QSO_32.9622583-17.0319686,59776.06511549998,18.076,0.36,W2
QSO_32.9622583-17.0319686,59776.195530000026,18.191,0.44,W2
QSO_32.9622583-17.0319686,59936.15440750003,18.747,,W2
QSO_32.9622583-17.0319686,59936.8699535,18.039,,W2
QSO_32.9622583-17.0319686,60143.24785199998,18.216,0.378,W2
QSO_32.9622583-17.0319686,60302.680326500005,18.636,0.445,W2
QSO_32.9622583-17.0319686,60303.13183149998,18.356,,W2
QSO_32.9622583-17.0319686,60303.19632700003,18.079,0.304,W2
QSO_32.9622583-17.0319686,60303.26085900001,18.091,0.356,W2
QSO_32.9622583-17.0319686,60303.64794150001,18.46,0.513,W2
QSO_32.9952908-17.2384498,55207.27741449999,19.579,0.49,W1
QSO_32.9952908-17.2384498,55207.277524,18.75,0.215,W1
QSO_32.9952908-17.2384498,55393.55863200001,18.994,0.281,W1
QSO_32.9952908-17.2384498,55393.69083499998,19.139000000000003,0.331,W1
QSO_32.9952908-17.2384498,55393.889103,19.21,0.341,W1
QSO_32.9952908-17.2384498,55393.95527750004,19.421,,W1
QSO_32.9952908-17.2384498,55394.021305999966,19.146,0.302,W1
QSO_32.9952908-17.2384498,55394.08748050001,18.989,,W1
QSO_32.9952908-17.2384498,55394.4179515,19.612,0.461,W1
QSO_32.9952908-17.2384498,55394.55015449997,19.251,0.318,W1
QSO_32.9952908-17.2384498,55569.25393699997,18.766,0.253,W1
QSO_32.9952908-17.2384498,55569.38614000002,18.653,0.227,W1
QSO_32.9952908-17.2384498,55569.71661100001,19.166,,W1
QSO_32.9952908-17.2384498,55569.98090750004,18.793,0.226,W1
QSO_32.9952908-17.2384498,55570.11311050001,19.58,0.466,W1
QSO_32.9952908-17.2384498,56670.6474325,19.035,0.29,W1
QSO_32.9952908-17.2384498,57033.83352884349,19.01,0.303,W1
QSO_32.9952908-17.2384498,57220.58427669128,18.807,0.239,W1
QSO_32.9952908-17.2384498,57752.92177553995,19.015,0.276,W1
QSO_32.9952908-17.2384498,57752.987362742046,18.894,0.27,W1
QSO_32.9952908-17.2384498,58113.0467405,18.744,0.227,W1
QSO_32.9952908-17.2384498,58113.17755650004,18.431,0.308,W1
QSO_32.9952908-17.2384498,58113.37378050001,18.824,0.218,W1
QSO_32.9952908-17.2384498,58113.63541249999,18.884,0.244,W1
QSO_32.9952908-17.2384498,58116.05572749999,18.704,0.23,W1
QSO_32.9952908-17.2384498,58476.25838649999,19.185,0.3,W1
QSO_32.9952908-17.2384498,58476.38905649999,18.729,0.275,W1
QSO_32.9952908-17.2384498,58476.78150450001,18.519,0.183,W1
QSO_32.9952908-17.2384498,58840.58481550004,19.378,0.413,W1
QSO_32.9952908-17.2384498,59205.37002760002,18.954,0.332,W1
QSO_32.9952908-17.2384498,59205.501568000014,19.126,0.363,W1
QSO_32.9952908-17.2384498,59208.64602039997,18.896,0.29,W1
QSO_32.9952908-17.2384498,59208.97355379999,18.523,0.24,W1
QSO_32.9952908-17.2384498,59572.3385405,18.886000000000003,,W1
QSO_32.9952908-17.2384498,59572.40383900001,18.733,0.298,W1
QSO_32.9952908-17.2384498,59775.73920699996,18.628,0.29,W1
QSO_32.9952908-17.2384498,59936.349609500016,18.525,0.205,W1
QSO_32.9952908-17.2384498,59936.4146525,18.893,0.24,W1
QSO_32.9952908-17.2384498,59936.47980499997,19.105,0.409,W1
QSO_32.9952908-17.2384498,60303.13183149998,18.761000000000003,0.279,W1
QSO_32.9952908-17.2384498,55207.27741449999,18.418,,W2
QSO_32.9952908-17.2384498,55207.277524,18.425,,W2
QSO_32.9952908-17.2384498,55393.55863200001,18.25,,W2
QSO_32.9952908-17.2384498,55393.69083499998,18.124,,W2
QSO_32.9952908-17.2384498,55393.889103,18.444,0.367,W2
QSO_32.9952908-17.2384498,55393.95527750004,18.003999999999998,,W2
QSO_32.9952908-17.2384498,55394.021305999966,18.761,0.523,W2
QSO_32.9952908-17.2384498,55394.08748050001,18.772,,W2
QSO_32.9952908-17.2384498,55394.4179515,18.526,,W2
QSO_32.9952908-17.2384498,55394.55015449997,18.988,,W2
QSO_32.9952908-17.2384498,55569.25393699997,18.813,,W2
QSO_32.9952908-17.2384498,55569.38614000002,18.213,,W2
QSO_32.9952908-17.2384498,55569.71661100001,18.472,,W2
QSO_32.9952908-17.2384498,55569.98090750004,19.02,,W2
QSO_32.9952908-17.2384498,55570.11311050001,18.564,,W2
QSO_32.9952908-17.2384498,56670.6474325,18.301,,W2
QSO_32.9952908-17.2384498,57033.83352884349,18.504,0.454,W2
QSO_32.9952908-17.2384498,57220.58427669128,17.891,,W2
QSO_32.9952908-17.2384498,57752.92177553995,18.794,0.454,W2
QSO_32.9952908-17.2384498,57752.987362742046,18.394,,W2
QSO_32.9952908-17.2384498,58113.0467405,18.319,,W2
QSO_32.9952908-17.2384498,58113.17755650004,18.291,,W2
QSO_32.9952908-17.2384498,58113.37378050001,17.992,,W2
QSO_32.9952908-17.2384498,58113.63541249999,18.242,,W2
QSO_32.9952908-17.2384498,58116.05572749999,18.232,,W2
QSO_32.9952908-17.2384498,58476.25838649999,18.602,0.423,W2
QSO_32.9952908-17.2384498,58476.38905649999,18.348,,W2
QSO_32.9952908-17.2384498,58476.78150450001,17.915,,W2
QSO_32.9952908-17.2384498,58840.58481550004,18.254,,W2
QSO_32.9952908-17.2384498,59205.37002760002,18.031,0.485,W2
QSO_32.9952908-17.2384498,59205.501568000014,18.14,,W2
QSO_32.9952908-17.2384498,59208.64602039997,18.216,,W2
QSO_32.9952908-17.2384498,59208.97355379999,18.421,,W2
QSO_32.9952908-17.2384498,59572.3385405,18.214,0.393,W2
QSO_32.9952908-17.2384498,59572.40383900001,18.484,,W2
QSO_32.9952908-17.2384498,59775.73920699996,18.463,,W2
QSO_32.9952908-17.2384498,59936.349609500016,18.926,,W2
QSO_32.9952908-17.2384498,59936.4146525,18.258,,W2
QSO_32.9952908-17.2384498,59936.47980499997,18.334,,W2
QSO_32.9952908-17.2384498,60303.13183149998,18.316,0.45,W2
QSO_32.9150815-17.1883175,55207.277524,19.268,0.398,W1
QSO_32.9150815-17.1883175,55393.55863200001,19.414,0.402,W1
QSO_32.9150815-17.1883175,55393.69083499998,19.548,0.485,W1
QSO_32.9150815-17.1883175,55393.75690000002,18.663,0.222,W1
QSO_32.9150815-17.1883175,55393.889103,18.873,0.253,W1
QSO_32.9150815-17.1883175,55393.95527750004,18.94,0.249,W1
QSO_32.9150815-17.1883175,55394.021305999966,19.026000000000003,0.303,W1
QSO_32.9150815-17.1883175,55394.08748050001,18.947000000000003,0.272,W1
QSO_32.9150815-17.1883175,55394.4179515,19.363,0.388,W1
QSO_32.9150815-17.1883175,55569.38614000002,19.641,0.524,W1
QSO_32.9150815-17.1883175,55569.452314499984,19.673,,W1
QSO_32.9150815-17.1883175,55569.71661100001,19.038,0.29,W1
QSO_32.9150815-17.1883175,55569.98090750004,19.0,0.28,W1
QSO_32.9150815-17.1883175,55570.11311050001,19.171,0.324,W1
QSO_32.9150815-17.1883175,56670.05481850004,18.948,0.284,W1
QSO_32.9150815-17.1883175,56670.25232000002,18.897,0.275,W1
QSO_32.9150815-17.1883175,56670.31823900003,18.811,0.239,W1
QSO_32.9150815-17.1883175,56670.6474325,18.887,0.292,W1
QSO_32.9150815-17.1883175,56856.06885599998,19.504,0.505,W1
QSO_32.9150815-17.1883175,56858.76427150002,19.097,0.325,W1
QSO_32.9150815-17.1883175,56858.82993499999,18.629,0.249,W1
QSO_32.9150815-17.1883175,56859.092954,19.131,0.351,W1
QSO_32.9150815-17.1883175,57033.11126682061,18.637,0.235,W1
QSO_32.9150815-17.1883175,57033.24255732477,19.115,0.32,W1
QSO_32.9150815-17.1883175,57033.83352884349,18.886000000000003,0.273,W1
QSO_32.9150815-17.1883175,57392.86501855383,18.741,0.221,W1
QSO_32.9150815-17.1883175,57393.25920056634,18.601,0.219,W1
QSO_32.9150815-17.1883175,57585.05433303147,18.986,0.289,W1
QSO_32.9150815-17.1883175,57585.18565383561,18.61,0.205,W1
QSO_32.9150815-17.1883175,57585.448222243904,18.808,0.311,W1
QSO_32.9150815-17.1883175,57752.52788632752,18.696,,W1
QSO_32.9150815-17.1883175,57752.528032727554,19.157,0.368,W1
QSO_32.9150815-17.1883175,57752.79049133584,19.106,0.348,W1
QSO_32.9150815-17.1883175,57752.987362742046,19.101,0.317,W1
QSO_32.9150815-17.1883175,57753.51245702748,18.859,0.251,W1
QSO_32.9150815-17.1883175,58113.30837249999,18.863,0.409,W1
QSO_32.9150815-17.1883175,58113.43918850003,19.309,0.416,W1
QSO_32.9150815-17.1883175,58113.570004499976,18.651,0.204,W1
QSO_32.9150815-17.1883175,58113.76622850003,19.111,0.443,W1
QSO_32.9150815-17.1883175,58114.027970000025,18.636,0.201,W1
QSO_32.9150815-17.1883175,58115.7940955,19.094,0.303,W1
QSO_32.9150815-17.1883175,58116.38276749999,18.502,0.289,W1
QSO_32.9150815-17.1883175,58116.44817550001,19.162,0.397,W1
QSO_32.9150815-17.1883175,58116.64450899998,18.653,0.234,W1
QSO_32.9150815-17.1883175,58316.09244449997,18.671,0.204,W1
QSO_32.9150815-17.1883175,58476.25838649999,19.001,0.322,W1
QSO_32.9150815-17.1883175,58477.23921450002,18.998,0.287,W1
QSO_32.9150815-17.1883175,58679.81746299996,19.597,0.481,W1
QSO_32.9150815-17.1883175,59047.69159120001,19.072000000000003,0.285,W1
QSO_32.9150815-17.1883175,59205.43598079999,18.822000000000003,0.295,W1
QSO_32.9150815-17.1883175,59205.56715520004,18.705,0.212,W1
QSO_32.9150815-17.1883175,59208.31845040001,19.153,0.316,W1
QSO_32.9150815-17.1883175,59208.97355379999,18.784,0.303,W1
QSO_32.9150815-17.1883175,59412.1247105,19.045,0.321,W1
QSO_32.9150815-17.1883175,59572.07731,18.661,0.25,W1
QSO_32.9150815-17.1883175,59572.2078705,19.037,0.367,W1
QSO_32.9150815-17.1883175,59572.3385405,18.529,0.194,W1
QSO_32.9150815-17.1883175,59572.40383900001,19.455,0.379,W1
QSO_32.9150815-17.1883175,59775.86965800004,18.556,0.194,W1
QSO_32.9150815-17.1883175,59936.15429800002,18.848,0.308,W1
QSO_32.9150815-17.1883175,59936.284092,18.625,0.194,W1
QSO_32.9150815-17.1883175,60142.47021949997,18.909,0.282,W1
QSO_32.9150815-17.1883175,60302.680326500005,19.067,0.326,W1
QSO_32.9150815-17.1883175,60302.93827199997,18.782,0.356,W1
QSO_32.9150815-17.1883175,60302.938381499975,19.089,0.339,W1
QSO_32.9150815-17.1883175,60303.0672995,19.042,0.312,W1
QSO_32.9150815-17.1883175,60303.64794150001,18.907,0.274,W1
QSO_32.9150815-17.1883175,55207.277524,18.86,0.526,W2
QSO_32.9150815-17.1883175,55393.55863200001,18.317,,W2
QSO_32.9150815-17.1883175,55393.69083499998,18.36,,W2
QSO_32.9150815-17.1883175,55393.75690000002,18.108,,W2
QSO_32.9150815-17.1883175,55393.889103,18.831,0.481,W2
QSO_32.9150815-17.1883175,55393.95527750004,18.734,,W2
QSO_32.9150815-17.1883175,55394.021305999966,18.558,,W2
QSO_32.9150815-17.1883175,55394.08748050001,18.905,0.511,W2
QSO_32.9150815-17.1883175,55394.4179515,18.185,0.293,W2
QSO_32.9150815-17.1883175,55569.38614000002,18.444,0.354,W2
QSO_32.9150815-17.1883175,55569.452314499984,18.46,,W2
QSO_32.9150815-17.1883175,55569.71661100001,18.803,,W2
QSO_32.9150815-17.1883175,55569.98090750004,18.446,,W2
QSO_32.9150815-17.1883175,55570.11311050001,18.749,0.454,W2
QSO_32.9150815-17.1883175,56670.05481850004,17.878999999999998,,W2
QSO_32.9150815-17.1883175,56670.25232000002,18.563,,W2
QSO_32.9150815-17.1883175,56670.31823900003,18.245,,W2
QSO_32.9150815-17.1883175,56670.6474325,17.884999999999998,,W2
QSO_32.9150815-17.1883175,56856.06885599998,18.091,,W2
QSO_32.9150815-17.1883175,56858.76427150002,18.705,,W2
QSO_32.9150815-17.1883175,56858.82993499999,18.557,,W2
QSO_32.9150815-17.1883175,56859.092954,17.819,,W2
QSO_32.9150815-17.1883175,57033.11126682061,18.543,,W2
QSO_32.9150815-17.1883175,57033.24255732477,18.083,,W2
QSO_32.9150815-17.1883175,57033.83352884349,18.413,0.449,W2
QSO_32.9150815-17.1883175,57392.86501855383,18.85,,W2
QSO_32.9150815-17.1883175,57393.25920056634,18.36,,W2
QSO_32.9150815-17.1883175,57585.05433303147,17.934,,W2
QSO_32.9150815-17.1883175,57585.18565383561,18.656,,W2
QSO_32.9150815-17.1883175,57585.448222243904,18.772,,W2
QSO_32.9150815-17.1883175,57752.52788632752,18.571,,W2
QSO_32.9150815-17.1883175,57752.528032727554,18.804,,W2
QSO_32.9150815-17.1883175,57752.79049133584,18.527,0.482,W2
QSO_32.9150815-17.1883175,57752.987362742046,18.887,0.53,W2
QSO_32.9150815-17.1883175,57753.51245702748,18.628,0.422,W2
QSO_32.9150815-17.1883175,58113.30837249999,18.183,,W2
QSO_32.9150815-17.1883175,58113.43918850003,18.259,0.413,W2
QSO_32.9150815-17.1883175,58113.570004499976,18.083,,W2
QSO_32.9150815-17.1883175,58113.76622850003,18.124,,W2
QSO_32.9150815-17.1883175,58114.027970000025,18.213,0.414,W2
QSO_32.9150815-17.1883175,58115.7940955,17.826,,W2
QSO_32.9150815-17.1883175,58116.38276749999,17.971,,W2
QSO_32.9150815-17.1883175,58116.44817550001,17.948,,W2
QSO_32.9150815-17.1883175,58116.64450899998,18.205,,W2
QSO_32.9150815-17.1883175,58316.09244449997,18.702,,W2
QSO_32.9150815-17.1883175,58476.25838649999,18.844,,W2
QSO_32.9150815-17.1883175,58477.23921450002,18.511,,W2
QSO_32.9150815-17.1883175,58679.81746299996,18.057,,W2
QSO_32.9150815-17.1883175,59047.69159120001,18.308,,W2
QSO_32.9150815-17.1883175,59205.43598079999,18.185,0.454,W2
QSO_32.9150815-17.1883175,59205.56715520004,18.326,,W2
QSO_32.9150815-17.1883175,59208.31845040001,18.531,,W2
QSO_32.9150815-17.1883175,59208.97355379999,18.127,,W2
QSO_32.9150815-17.1883175,59412.1247105,17.878,,W2
QSO_32.9150815-17.1883175,59572.07731,18.624,,W2
QSO_32.9150815-17.1883175,59572.2078705,19.031,,W2
QSO_32.9150815-17.1883175,59572.3385405,18.462,,W2
QSO_32.9150815-17.1883175,59572.40383900001,18.485,,W2
QSO_32.9150815-17.1883175,59775.86965800004,17.969,,W2
QSO_32.9150815-17.1883175,59936.15429800002,18.27,,W2
QSO_32.9150815-17.1883175,59936.284092,18.253,,W2
QSO_32.9150815-17.1883175,60142.47021949997,18.603,,W2
QSO_32.9150815-17.1883175,60302.680326500005,18.481,0.434,W2
QSO_32.9150815-17.1883175,60302.93827199997,18.288,,W2
QSO_32.9150815-17.1883175,60302.938381499975,18.291,,W2
QSO_32.9150815-17.1883175,60303.0672995,18.526,,W2
QSO_32.9150815-17.1883175,60303.64794150001,18.605,,W2
QSO_32.8892225-16.9784577,55207.277524,18.789,0.268,W1
QSO_32.8892225-16.9784577,55393.55863200001,19.408,0.411,W1
QSO_32.8892225-16.9784577,55393.690725499975,18.87,0.238,W1
QSO_32.8892225-16.9784577,55393.69083499998,18.845,0.231,W1
QSO_32.8892225-16.9784577,55393.822928500034,18.906,0.259,W1
QSO_32.8892225-16.9784577,55393.889103,19.535,0.463,W1
QSO_32.8892225-16.9784577,55393.955131500006,19.421,0.445,W1
QSO_32.8892225-16.9784577,55394.021305999966,19.141,0.368,W1
QSO_32.8892225-16.9784577,55394.08737100001,19.203000000000003,,W1
QSO_32.8892225-16.9784577,55394.4179515,19.408,0.421,W1
QSO_32.8892225-16.9784577,55394.55004499997,18.9,0.248,W1
QSO_32.8892225-16.9784577,55394.55015449997,18.788,0.257,W1
QSO_32.8892225-16.9784577,55569.71661100001,19.258000000000003,0.356,W1
QSO_32.8892225-16.9784577,55569.98105349999,18.592,0.193,W1
QSO_32.8892225-16.9784577,55570.11311050001,18.971,0.269,W1
QSO_32.8892225-16.9784577,56670.31823900003,19.351,0.397,W1
QSO_32.8892225-16.9784577,56670.6474325,18.949,,W1
QSO_32.8892225-16.9784577,56856.06885599998,19.229,0.391,W1
QSO_32.8892225-16.9784577,56859.02718100002,19.074,0.336,W1
QSO_32.8892225-16.9784577,56859.092954,18.312,0.16,W1
QSO_32.8892225-16.9784577,56859.421673,19.172,0.388,W1
QSO_32.8892225-16.9784577,56859.55310950003,18.912,0.248,W1
QSO_32.8892225-16.9784577,57033.11126682061,18.742,0.248,W1
QSO_32.8892225-16.9784577,57033.24255732477,18.407,0.28,W1
QSO_32.8892225-16.9784577,57033.50521133314,19.029,0.311,W1
QSO_32.8892225-16.9784577,57033.83352884349,19.059,0.287,W1
QSO_32.8892225-16.9784577,57392.86501855383,18.723,0.269,W1
QSO_32.8892225-16.9784577,57393.71918938088,19.386000000000003,0.504,W1
QSO_32.8892225-16.9784577,57584.72603102113,18.931,,W1
QSO_32.8892225-16.9784577,57584.79172802314,19.167,0.334,W1
QSO_32.8892225-16.9784577,57584.988636029375,18.351,0.192,W1
QSO_32.8892225-16.9784577,57752.92177553995,18.84,0.258,W1
QSO_32.8892225-16.9784577,57753.05309572956,19.051,0.294,W1
QSO_32.8892225-16.9784577,57760.05907300003,18.773000000000003,0.266,W1
QSO_32.8892225-16.9784577,57949.4070935,18.648,0.243,W1
QSO_32.8892225-16.9784577,57952.80914899999,18.693,0.292,W1
QSO_32.8892225-16.9784577,58113.30837249999,18.655,0.315,W1
QSO_32.8892225-16.9784577,58113.57015050001,18.963,0.269,W1
QSO_32.8892225-16.9784577,58113.63555850003,19.054,0.301,W1
QSO_32.8892225-16.9784577,58113.70096649997,18.497,0.196,W1
QSO_32.8892225-16.9784577,58316.61545299999,18.994,0.421,W1
QSO_32.8892225-16.9784577,58476.25838649999,19.003,0.3,W1
QSO_32.8892225-16.9784577,58476.78150450001,18.675,0.215,W1
QSO_32.8892225-16.9784577,58476.97772849998,19.011000000000003,0.439,W1
QSO_32.8892225-16.9784577,58477.10839849999,19.466,0.422,W1
QSO_32.8892225-16.9784577,58679.81746299996,18.143,0.206,W1
QSO_32.8892225-16.9784577,58679.94813299997,18.702,0.317,W1
QSO_32.8892225-16.9784577,58680.144247500015,18.588,0.213,W1
QSO_32.8892225-16.9784577,58840.58481550004,18.681,0.217,W1
QSO_32.8892225-16.9784577,58841.10782399998,18.699,0.258,W1
QSO_32.8892225-16.9784577,58841.238530500006,18.875,0.247,W1
QSO_32.8892225-16.9784577,59205.56715520004,19.165,0.438,W1
QSO_32.8892225-16.9784577,59205.63259600002,19.147,0.343,W1
QSO_32.8892225-16.9784577,59205.82924779998,18.701,0.23,W1
QSO_32.8892225-16.9784577,59208.31845040001,18.938,0.279,W1
QSO_32.8892225-16.9784577,59412.124601,18.916,0.386,W1
QSO_32.8892225-16.9784577,59572.3385405,18.728,0.218,W1
QSO_32.8892225-16.9784577,59572.73036800003,18.645,0.324,W1
QSO_32.8892225-16.9784577,59572.795630000015,18.875,0.223,W1
QSO_32.8892225-16.9784577,59775.86965800004,19.136000000000003,0.353,W1
QSO_32.8892225-16.9784577,59775.93481050002,18.654,0.279,W1
QSO_32.8892225-16.9784577,59776.195530000026,18.562,0.32,W1
QSO_32.8892225-16.9784577,59936.15440750003,18.854,0.245,W1
QSO_32.8892225-16.9784577,59936.284092,18.954,0.262,W1
QSO_32.8892225-16.9784577,59936.54495750004,18.827,0.261,W1
QSO_32.8892225-16.9784577,59936.8699535,19.417,0.404,W1
QSO_32.8892225-16.9784577,60302.938381499975,18.834000000000003,0.264,W1
QSO_32.8892225-16.9784577,60303.26096850001,18.283,0.152,W1
QSO_32.8892225-16.9784577,55207.277524,18.419,,W2
QSO_32.8892225-16.9784577,55393.55863200001,18.557,0.377,W2
QSO_32.8892225-16.9784577,55393.690725499975,18.905,,W2
QSO_32.8892225-16.9784577,55393.69083499998,19.1,,W2
QSO_32.8892225-16.9784577,55393.822928500034,18.271,,W2
QSO_32.8892225-16.9784577,55393.889103,18.03,,W2
QSO_32.8892225-16.9784577,55393.955131500006,18.64,,W2
QSO_32.8892225-16.9784577,55394.021305999966,18.715,,W2
QSO_32.8892225-16.9784577,55394.08737100001,18.578,0.373,W2
QSO_32.8892225-16.9784577,55394.4179515,18.559,,W2
QSO_32.8892225-16.9784577,55394.55004499997,18.672,,W2
QSO_32.8892225-16.9784577,55394.55015449997,18.414,,W2
QSO_32.8892225-16.9784577,55569.71661100001,18.863,,W2
QSO_32.8892225-16.9784577,55569.98105349999,18.97,,W2
QSO_32.8892225-16.9784577,55570.11311050001,18.46,,W2
QSO_32.8892225-16.9784577,56670.31823900003,18.34,,W2
QSO_32.8892225-16.9784577,56670.6474325,18.722,0.507,W2
QSO_32.8892225-16.9784577,56856.06885599998,18.497,,W2
QSO_32.8892225-16.9784577,56859.02718100002,18.437,,W2
QSO_32.8892225-16.9784577,56859.092954,18.83,0.5,W2
QSO_32.8892225-16.9784577,56859.421673,18.194,0.302,W2
QSO_32.8892225-16.9784577,56859.55310950003,18.876,,W2
QSO_32.8892225-16.9784577,57033.11126682061,18.679,,W2
QSO_32.8892225-16.9784577,57033.24255732477,18.0,,W2
QSO_32.8892225-16.9784577,57033.50521133314,18.953,,W2
QSO_32.8892225-16.9784577,57033.83352884349,18.334,,W2
QSO_32.8892225-16.9784577,57392.86501855383,18.064,,W2
QSO_32.8892225-16.9784577,57393.71918938088,18.221,,W2
QSO_32.8892225-16.9784577,57584.72603102113,18.646,,W2
QSO_32.8892225-16.9784577,57584.79172802314,18.395,,W2
QSO_32.8892225-16.9784577,57584.988636029375,18.576,,W2
QSO_32.8892225-16.9784577,57752.92177553995,18.713,,W2
QSO_32.8892225-16.9784577,57753.05309572956,18.233,0.282,W2
QSO_32.8892225-16.9784577,57760.05907300003,17.49,,W2
QSO_32.8892225-16.9784577,57949.4070935,18.11,,W2
QSO_32.8892225-16.9784577,57952.80914899999,18.118,,W2
QSO_32.8892225-16.9784577,58113.30837249999,18.456,,W2
QSO_32.8892225-16.9784577,58113.57015050001,17.752,,W2
QSO_32.8892225-16.9784577,58113.63555850003,18.236,,W2
QSO_32.8892225-16.9784577,58113.70096649997,18.422,,W2
QSO_32.8892225-16.9784577,58316.61545299999,18.281,,W2
QSO_32.8892225-16.9784577,58476.25838649999,18.353,,W2
QSO_32.8892225-16.9784577,58476.78150450001,18.658,,W2
QSO_32.8892225-16.9784577,58476.97772849998,18.681,0.486,W2
QSO_32.8892225-16.9784577,58477.10839849999,18.477,0.414,W2
QSO_32.8892225-16.9784577,58679.81746299996,18.314,,W2
QSO_32.8892225-16.9784577,58679.94813299997,18.284,,W2
QSO_32.8892225-16.9784577,58680.144247500015,18.221,,W2
QSO_32.8892225-16.9784577,58840.58481550004,18.731,,W2
QSO_32.8892225-16.9784577,58841.10782399998,18.677,,W2
QSO_32.8892225-16.9784577,58841.238530500006,18.672,,W2
QSO_32.8892225-16.9784577,59205.56715520004,18.73,,W2
QSO_32.8892225-16.9784577,59205.63259600002,17.974,,W2
QSO_32.8892225-16.9784577,59205.82924779998,18.082,0.319,W2
QSO_32.8892225-16.9784577,59208.31845040001,17.944,,W2
QSO_32.8892225-16.9784577,59412.124601,18.614,0.462,W2
QSO_32.8892225-16.9784577,59572.3385405,18.599,,W2
QSO_32.8892225-16.9784577,59572.73036800003,18.332,,W2
QSO_32.8892225-16.9784577,59572.795630000015,18.873,,W2
QSO_32.8892225-16.9784577,59775.86965800004,18.348,0.492,W2
QSO_32.8892225-16.9784577,59775.93481050002,18.164,,W2
QSO_32.8892225-16.9784577,59776.195530000026,18.663,0.54,W2
QSO_32.8892225-16.9784577,59936.15440750003,18.808,,W2
QSO_32.8892225-16.9784577,59936.284092,18.405,,W2
QSO_32.8892225-16.9784577,59936.54495750004,18.501,0.411,W2
QSO_32.8892225-16.9784577,59936.8699535,18.384,0.459,W2
QSO_32.8892225-16.9784577,60302.938381499975,17.707,,W2
QSO_32.8892225-16.9784577,60303.26096850001,18.126,,W2
QSO_32.7491286-16.9754608,55207.277524,19.164,0.332,W1
QSO_32.7491286-16.9754608,55393.55848599998,18.741,0.234,W1
QSO_32.7491286-16.9754608,55393.55863200001,18.649,0.195,W1
QSO_32.7491286-16.9754608,55393.690725499975,18.689,0.249,W1
QSO_32.7491286-16.9754608,55393.75690000002,19.514000000000003,0.448,W1
QSO_32.7491286-16.9754608,55393.822928500034,19.687,0.492,W1
QSO_32.7491286-16.9754608,55393.889103,19.681,0.509,W1
QSO_32.7491286-16.9754608,55393.955131500006,19.003,0.314,W1
QSO_32.7491286-16.9754608,55394.021305999966,19.149,0.299,W1
QSO_32.7491286-16.9754608,55394.417842,19.602,,W1
QSO_32.7491286-16.9754608,55394.4179515,18.734,0.223,W1
QSO_32.7491286-16.9754608,55568.98975000003,19.284,0.359,W1
QSO_32.7491286-16.9754608,55569.452314499984,19.142000000000003,,W1
QSO_32.7491286-16.9754608,55569.71661100001,18.571,,W1
QSO_32.7491286-16.9754608,55569.98105349999,19.436,0.379,W1
QSO_32.7491286-16.9754608,55570.11311050001,19.657,0.485,W1
QSO_32.7491286-16.9754608,56669.98900900003,18.676,0.22,W1
QSO_32.7491286-16.9754608,56670.12073749996,19.165,0.475,W1
QSO_32.7491286-16.9754608,56670.186656499965,19.091,0.322,W1
QSO_32.7491286-16.9754608,56670.6474325,18.894,0.26,W1
QSO_32.7491286-16.9754608,56855.805946499975,18.928,,W1
QSO_32.7491286-16.9754608,56858.764162000014,18.8,0.265,W1
QSO_32.7491286-16.9754608,56858.76427150002,18.541,0.301,W1
QSO_32.7491286-16.9754608,56859.02718100002,18.921,0.333,W1
QSO_32.7491286-16.9754608,56859.421673,18.717,0.226,W1
QSO_32.7491286-16.9754608,57033.111376320616,19.637,0.51,W1
QSO_32.7491286-16.9754608,57033.37388432896,18.881,0.26,W1
QSO_32.7491286-16.9754608,57033.50521133314,18.686,0.269,W1
QSO_32.7491286-16.9754608,57033.83352884349,18.487,0.181,W1
QSO_32.7491286-16.9754608,57220.25647018085,18.589,0.205,W1
QSO_32.7491286-16.9754608,57220.51861318922,18.937,0.268,W1
QSO_32.7491286-16.9754608,57220.78086569752,19.299,0.373,W1
QSO_32.7491286-16.9754608,57393.58775877673,18.81,0.232,W1
QSO_32.7491286-16.9754608,57584.79172802314,19.004,0.298,W1
QSO_32.7491286-16.9754608,57585.05433303147,18.83,0.225,W1
QSO_32.7491286-16.9754608,57585.448222243904,19.288,0.405,W1
QSO_32.7491286-16.9754608,57752.528032727554,18.873,0.264,W1
QSO_32.7491286-16.9754608,57752.92177553995,19.007,0.272,W1
QSO_32.7491286-16.9754608,57753.38113774316,18.76,0.224,W1
QSO_32.7491286-16.9754608,57760.05907300003,18.614,0.242,W1
QSO_32.7491286-16.9754608,57949.4070935,19.182,0.412,W1
QSO_32.7491286-16.9754608,57952.41670099997,18.994,0.271,W1
QSO_32.7491286-16.9754608,57952.67833299996,19.056,0.296,W1
QSO_32.7491286-16.9754608,57952.80914899999,19.059,,W1
QSO_32.7491286-16.9754608,58113.0467405,18.622,0.197,W1
QSO_32.7491286-16.9754608,58113.30837249999,19.038,0.311,W1
QSO_32.7491286-16.9754608,58113.57015050001,19.112,0.303,W1
QSO_32.7491286-16.9754608,58113.63555850003,19.468,0.421,W1
QSO_32.7491286-16.9754608,58113.76637449998,18.841,0.243,W1
QSO_32.7491286-16.9754608,58116.18668949997,18.958,0.394,W1
QSO_32.7491286-16.9754608,58316.61545299999,18.658,0.403,W1
QSO_32.7491286-16.9754608,58476.25838649999,18.821,0.441,W1
QSO_32.7491286-16.9754608,58476.58538999997,18.823,0.228,W1
QSO_32.7491286-16.9754608,58476.78150450001,19.044,0.299,W1
QSO_32.7491286-16.9754608,58476.97772849998,18.985,,W1
QSO_32.7491286-16.9754608,58477.10839849999,19.429,0.375,W1
QSO_32.7491286-16.9754608,58679.81746299996,18.852,0.233,W1
QSO_32.7491286-16.9754608,58840.58481550004,18.897,0.292,W1
QSO_32.7491286-16.9754608,58840.7151205,18.511,0.267,W1
QSO_32.7491286-16.9754608,58840.84633800002,19.121,0.307,W1
QSO_32.7491286-16.9754608,58840.97700800002,18.342,0.184,W1
QSO_32.7491286-16.9754608,59205.501568000014,18.766,0.237,W1
QSO_32.7491286-16.9754608,59205.82924779998,18.972,0.281,W1
QSO_32.7491286-16.9754608,59205.96027579998,18.832,0.315,W1
QSO_32.7491286-16.9754608,59206.09134040002,18.24,,W1
QSO_32.7491286-16.9754608,59207.99091699999,18.959000000000003,0.354,W1
QSO_32.7491286-16.9754608,59411.406135000034,18.389,0.238,W1
QSO_32.7491286-16.9754608,59572.077419500005,18.894,0.27,W1
QSO_32.7491286-16.9754608,59572.3385405,19.169,0.347,W1
QSO_32.7491286-16.9754608,59572.40383900001,18.861,,W1
QSO_32.7491286-16.9754608,59572.5996615,18.639,0.211,W1
QSO_32.7491286-16.9754608,59572.795630000015,18.694,0.204,W1
QSO_32.7491286-16.9754608,59775.47848750003,19.069000000000003,,W1
QSO_32.7491286-16.9754608,59775.73920699996,18.814,0.303,W1
QSO_32.7491286-16.9754608,59775.80435950003,18.829,0.267,W1
QSO_32.7491286-16.9754608,59776.195530000026,18.488,0.181,W1
QSO_32.7491286-16.9754608,59936.15440750003,18.798,,W1
QSO_32.7491286-16.9754608,59936.284092,19.121,0.32,W1
QSO_32.7491286-16.9754608,59936.349609500016,18.591,0.249,W1
QSO_32.7491286-16.9754608,60142.85898099997,18.531,0.273,W1
QSO_32.7491286-16.9754608,60302.680326500005,19.008000000000003,0.427,W1
QSO_32.7491286-16.9754608,60303.067445500026,19.037,0.3,W1
QSO_32.7491286-16.9754608,60303.26096850001,19.147,0.321,W1
QSO_32.7491286-16.9754608,60303.64794150001,19.316000000000003,0.399,W1
QSO_32.7491286-16.9754608,55207.277524,18.246,,W2
QSO_32.7491286-16.9754608,55393.55848599998,19.003,0.483,W2
QSO_32.7491286-16.9754608,55393.55863200001,18.685,,W2
QSO_32.7491286-16.9754608,55393.690725499975,18.533,,W2
QSO_32.7491286-16.9754608,55393.75690000002,18.747,0.447,W2
QSO_32.7491286-16.9754608,55393.822928500034,18.397,,W2
QSO_32.7491286-16.9754608,55393.889103,18.692,,W2
QSO_32.7491286-16.9754608,55393.955131500006,18.566,,W2
QSO_32.7491286-16.9754608,55394.021305999966,18.438,,W2
QSO_32.7491286-16.9754608,55394.417842,19.006,0.532,W2
QSO_32.7491286-16.9754608,55394.4179515,18.281,,W2
QSO_32.7491286-16.9754608,55568.98975000003,18.432,,W2
QSO_32.7491286-16.9754608,55569.452314499984,18.484,,W2
QSO_32.7491286-16.9754608,55569.71661100001,18.983,,W2
QSO_32.7491286-16.9754608,55569.98105349999,18.132,,W2
QSO_32.7491286-16.9754608,55570.11311050001,18.509,,W2
QSO_32.7491286-16.9754608,56669.98900900003,18.289,,W2
QSO_32.7491286-16.9754608,56670.12073749996,17.968,0.311,W2
QSO_32.7491286-16.9754608,56670.186656499965,18.629,,W2
QSO_32.7491286-16.9754608,56670.6474325,18.123,,W2
QSO_32.7491286-16.9754608,56855.805946499975,18.64,0.5,W2
QSO_32.7491286-16.9754608,56858.764162000014,18.614,,W2
QSO_32.7491286-16.9754608,56858.76427150002,18.688,0.498,W2
QSO_32.7491286-16.9754608,56859.02718100002,18.905,,W2
QSO_32.7491286-16.9754608,56859.421673,18.999,,W2
QSO_32.7491286-16.9754608,57033.111376320616,17.852,,W2
QSO_32.7491286-16.9754608,57033.37388432896,18.69,,W2
QSO_32.7491286-16.9754608,57033.50521133314,18.405,,W2
QSO_32.7491286-16.9754608,57033.83352884349,18.254,,W2
QSO_32.7491286-16.9754608,57220.25647018085,18.697,,W2
QSO_32.7491286-16.9754608,57220.51861318922,18.894,,W2
QSO_32.7491286-16.9754608,57220.78086569752,18.719,0.466,W2
QSO_32.7491286-16.9754608,57393.58775877673,18.598,,W2
QSO_32.7491286-16.9754608,57584.79172802314,18.162,,W2
QSO_32.7491286-16.9754608,57585.05433303147,18.151,,W2
QSO_32.7491286-16.9754608,57585.448222243904,18.692,,W2
QSO_32.7491286-16.9754608,57752.528032727554,18.976,,W2
QSO_32.7491286-16.9754608,57752.92177553995,18.828,,W2
QSO_32.7491286-16.9754608,57753.38113774316,18.671,,W2
QSO_32.7491286-16.9754608,57760.05907300003,17.533,,W2
QSO_32.7491286-16.9754608,57949.4070935,18.22,0.443,W2
QSO_32.7491286-16.9754608,57952.41670099997,17.761,0.508,W2
QSO_32.7491286-16.9754608,57952.67833299996,17.819,,W2
QSO_32.7491286-16.9754608,57952.80914899999,18.012999999999998,0.333,W2
QSO_32.7491286-16.9754608,58113.0467405,18.621,0.437,W2
QSO_32.7491286-16.9754608,58113.30837249999,18.144,,W2
QSO_32.7491286-16.9754608,58113.57015050001,18.557,0.534,W2
QSO_32.7491286-16.9754608,58113.63555850003,18.124,,W2
QSO_32.7491286-16.9754608,58113.76637449998,18.543,,W2
QSO_32.7491286-16.9754608,58116.18668949997,17.959,,W2
QSO_32.7491286-16.9754608,58316.61545299999,18.655,,W2
QSO_32.7491286-16.9754608,58476.25838649999,18.381,,W2
QSO_32.7491286-16.9754608,58476.58538999997,18.642,,W2
QSO_32.7491286-16.9754608,58476.78150450001,18.279,,W2
QSO_32.7491286-16.9754608,58476.97772849998,18.766,0.463,W2
QSO_32.7491286-16.9754608,58477.10839849999,18.172,,W2
QSO_32.7491286-16.9754608,58679.81746299996,17.526,,W2
QSO_32.7491286-16.9754608,58840.58481550004,18.394,,W2
QSO_32.7491286-16.9754608,58840.7151205,18.325,,W2
QSO_32.7491286-16.9754608,58840.84633800002,18.153,,W2
QSO_32.7491286-16.9754608,58840.97700800002,18.765,,W2
QSO_32.7491286-16.9754608,59205.501568000014,18.123,,W2
QSO_32.7491286-16.9754608,59205.82924779998,18.128,,W2
QSO_32.7491286-16.9754608,59205.96027579998,18.351,,W2
QSO_32.7491286-16.9754608,59206.09134040002,18.165,,W2
QSO_32.7491286-16.9754608,59207.99091699999,18.331,,W2
QSO_32.7491286-16.9754608,59411.406135000034,18.338,,W2
QSO_32.7491286-16.9754608,59572.077419500005,18.678,,W2
QSO_32.7491286-16.9754608,59572.3385405,18.769,,W2
QSO_32.7491286-16.9754608,59572.40383900001,18.266,,W2
QSO_32.7491286-16.9754608,59572.5996615,18.447,0.377,W2
QSO_32.7491286-16.9754608,59572.795630000015,18.9,,W2
QSO_32.7491286-16.9754608,59775.47848750003,17.381999999999998,,W2
QSO_32.7491286-16.9754608,59775.73920699996,18.735,,W2
QSO_32.7491286-16.9754608,59775.80435950003,17.419999999999998,,W2
QSO_32.7491286-16.9754608,59776.195530000026,17.695,,W2
QSO_32.7491286-16.9754608,59936.15440750003,18.1,,W2
QSO_32.7491286-16.9754608,59936.284092,18.019,,W2
QSO_32.7491286-16.9754608,59936.349609500016,18.289,,W2
QSO_32.7491286-16.9754608,60142.85898099997,17.771,,W2
QSO_32.7491286-16.9754608,60302.680326500005,18.562,,W2
QSO_32.7491286-16.9754608,60303.067445500026,17.979,,W2
QSO_32.7491286-16.9754608,60303.26096850001,18.546,,W2
QSO_32.7491286-16.9754608,60303.64794150001,17.812,,W2
QSO_32.7649025-17.0143904,55207.277524,19.024,0.308,W1
QSO_32.7649025-17.0143904,55393.55863200001,19.039,0.302,W1
QSO_32.7649025-17.0143904,55393.690725499975,18.805,0.253,W1
QSO_32.7649025-17.0143904,55393.69083499998,19.324,0.357,W1
QSO_32.7649025-17.0143904,55393.75690000002,19.324,0.353,W1
QSO_32.7649025-17.0143904,55393.822928500034,19.413,0.377,W1
QSO_32.7649025-17.0143904,55393.889103,19.458,0.444,W1
QSO_32.7649025-17.0143904,55393.955131500006,19.351,,W1
QSO_32.7649025-17.0143904,55394.021305999966,19.062,0.296,W1
QSO_32.7649025-17.0143904,55394.4179515,19.716,0.521,W1
QSO_32.7649025-17.0143904,55568.98975000003,19.463,0.424,W1
QSO_32.7649025-17.0143904,55569.452314499984,19.64,0.514,W1
QSO_32.7649025-17.0143904,55569.71661100001,19.164,0.353,W1
QSO_32.7649025-17.0143904,55569.98105349999,19.344,0.371,W1
QSO_32.7649025-17.0143904,55570.11311050001,19.020000000000003,,W1
QSO_32.7649025-17.0143904,56669.65981549998,18.839,0.241,W1
QSO_32.7649025-17.0143904,56669.98889950003,18.603,0.22,W1
QSO_32.7649025-17.0143904,56670.12073749996,18.936,0.316,W1
QSO_32.7649025-17.0143904,56670.51570399999,19.134,0.336,W1
QSO_32.7649025-17.0143904,56670.6474325,18.753,0.229,W1
QSO_32.7649025-17.0143904,56856.39753849996,18.589,0.195,W1
QSO_32.7649025-17.0143904,56858.76427150002,18.584,0.241,W1
QSO_32.7649025-17.0143904,56858.82993499999,18.74,0.242,W1
QSO_32.7649025-17.0143904,56858.96140799997,18.839,0.25,W1
QSO_32.7649025-17.0143904,56859.421673,19.045,0.273,W1
QSO_32.7649025-17.0143904,57393.58775877673,18.894,0.276,W1
QSO_32.7649025-17.0143904,57584.79172802314,19.065,0.294,W1
QSO_32.7649025-17.0143904,57584.988636029375,19.258000000000003,0.444,W1
QSO_32.7649025-17.0143904,57585.448222243904,18.912,0.279,W1
QSO_32.7649025-17.0143904,57752.659207131655,18.85,0.273,W1
QSO_32.7649025-17.0143904,57752.65931693166,18.935,0.35,W1
QSO_32.7649025-17.0143904,57753.05309572956,19.235,0.324,W1
QSO_32.7649025-17.0143904,57753.38113774316,19.003,0.292,W1
QSO_32.7649025-17.0143904,57753.51245702748,18.926,0.249,W1
QSO_32.7649025-17.0143904,57949.0800535,18.82,0.325,W1
QSO_32.7649025-17.0143904,58113.0467405,18.969,0.303,W1
QSO_32.7649025-17.0143904,58113.30837249999,19.484,0.541,W1
QSO_32.7649025-17.0143904,58113.43918850003,18.631,0.211,W1
QSO_32.7649025-17.0143904,58113.43933449998,18.576,0.257,W1
QSO_32.7649025-17.0143904,58113.5047425,18.541,0.181,W1
QSO_32.7649025-17.0143904,58113.63555850003,19.695,0.5,W1
QSO_32.7649025-17.0143904,58116.18668949997,18.598,0.223,W1
QSO_32.7649025-17.0143904,58116.25209749999,18.73,0.275,W1
QSO_32.7649025-17.0143904,58316.02692700003,18.592,0.222,W1
QSO_32.7649025-17.0143904,58476.12757050004,18.577,,W1
QSO_32.7649025-17.0143904,58476.25838649999,18.68,0.205,W1
QSO_32.7649025-17.0143904,58476.58538999997,19.031,0.284,W1
QSO_32.7649025-17.0143904,58476.78150450001,18.745,0.215,W1
QSO_32.7649025-17.0143904,58477.10839849999,18.841,0.287,W1
QSO_32.7649025-17.0143904,58679.94813299997,18.817,0.271,W1
QSO_32.7649025-17.0143904,58680.144247500015,18.891,0.377,W1
QSO_32.7649025-17.0143904,58841.10782399998,18.637,0.248,W1
QSO_32.7649025-17.0143904,59411.86333399997,18.246,0.263,W1
QSO_32.7649025-17.0143904,59572.077419500005,18.766,0.209,W1
QSO_32.7649025-17.0143904,59572.27327850002,18.732,0.33,W1
QSO_32.7649025-17.0143904,59775.47848750003,18.968,0.369,W1
QSO_32.7649025-17.0143904,59775.80435950003,19.041,0.397,W1
QSO_32.7649025-17.0143904,59936.15440750003,19.642000000000003,0.483,W1
QSO_32.7649025-17.0143904,59936.21945050001,19.086,0.316,W1
QSO_32.7649025-17.0143904,59936.284092,18.966,0.29,W1
QSO_32.7649025-17.0143904,59936.414762,19.144,0.307,W1
QSO_32.7649025-17.0143904,60142.85898099997,18.87,0.28,W1
QSO_32.7649025-17.0143904,60303.26085900001,18.35,0.35,W1
QSO_32.7649025-17.0143904,55207.277524,18.386,,W2
QSO_32.7649025-17.0143904,55393.55863200001,18.482,,W2
QSO_32.7649025-17.0143904,55393.690725499975,18.591,,W2
QSO_32.7649025-17.0143904,55393.69083499998,18.489,,W2
QSO_32.7649025-17.0143904,55393.75690000002,18.658,,W2
QSO_32.7649025-17.0143904,55393.822928500034,18.26,,W2
QSO_32.7649025-17.0143904,55393.889103,18.424,,W2
QSO_32.7649025-17.0143904,55393.955131500006,18.649,,W2
QSO_32.7649025-17.0143904,55394.021305999966,18.831,,W2
QSO_32.7649025-17.0143904,55394.4179515,19.128,,W2
QSO_32.7649025-17.0143904,55568.98975000003,18.593,0.381,W2
QSO_32.7649025-17.0143904,55569.452314499984,18.539,,W2
QSO_32.7649025-17.0143904,55569.71661100001,18.583,0.375,W2
QSO_32.7649025-17.0143904,55569.98105349999,18.925,0.51,W2
QSO_32.7649025-17.0143904,55570.11311050001,18.543,,W2
QSO_32.7649025-17.0143904,56669.65981549998,18.369,,W2
QSO_32.7649025-17.0143904,56669.98889950003,18.423,0.407,W2
QSO_32.7649025-17.0143904,56670.12073749996,17.668,,W2
QSO_32.7649025-17.0143904,56670.51570399999,17.893,,W2
QSO_32.7649025-17.0143904,56670.6474325,18.114,,W2
QSO_32.7649025-17.0143904,56856.39753849996,18.168,,W2
QSO_32.7649025-17.0143904,56858.76427150002,18.617,0.43,W2
QSO_32.7649025-17.0143904,56858.82993499999,18.321,,W2
QSO_32.7649025-17.0143904,56858.96140799997,18.68,,W2
QSO_32.7649025-17.0143904,56859.421673,18.211,,W2
QSO_32.7649025-17.0143904,57393.58775877673,18.861,,W2
QSO_32.7649025-17.0143904,57584.79172802314,18.393,,W2
QSO_32.7649025-17.0143904,57584.988636029375,18.252,0.306,W2
QSO_32.7649025-17.0143904,57585.448222243904,18.077,,W2
QSO_32.7649025-17.0143904,57752.659207131655,18.169,,W2
QSO_32.7649025-17.0143904,57752.65931693166,18.105,,W2
QSO_32.7649025-17.0143904,57753.05309572956,18.909,,W2
QSO_32.7649025-17.0143904,57753.38113774316,18.719,0.45,W2
QSO_32.7649025-17.0143904,57753.51245702748,18.169,,W2
QSO_32.7649025-17.0143904,57949.0800535,18.006999999999998,,W2
QSO_32.7649025-17.0143904,58113.0467405,18.185,0.407,W2
QSO_32.7649025-17.0143904,58113.30837249999,18.573,,W2
QSO_32.7649025-17.0143904,58113.43918850003,18.805,,W2
QSO_32.7649025-17.0143904,58113.43933449998,18.457,0.41,W2
QSO_32.7649025-17.0143904,58113.5047425,18.444,,W2
QSO_32.7649025-17.0143904,58113.63555850003,17.867,,W2
QSO_32.7649025-17.0143904,58116.18668949997,18.413,,W2
QSO_32.7649025-17.0143904,58116.25209749999,17.793,,W2
QSO_32.7649025-17.0143904,58316.02692700003,18.191,,W2
QSO_32.7649025-17.0143904,58476.12757050004,18.752,,W2
QSO_32.7649025-17.0143904,58476.25838649999,18.174,,W2
QSO_32.7649025-17.0143904,58476.58538999997,18.426,,W2
QSO_32.7649025-17.0143904,58476.78150450001,18.091,0.338,W2
QSO_32.7649025-17.0143904,58477.10839849999,18.287,,W2
QSO_32.7649025-17.0143904,58679.94813299997,17.948999999999998,,W2
QSO_32.7649025-17.0143904,58680.144247500015,18.92,,W2
QSO_32.7649025-17.0143904,58841.10782399998,18.273,,W2
QSO_32.7649025-17.0143904,59411.86333399997,18.598,0.433,W2
QSO_32.7649025-17.0143904,59572.077419500005,17.999,0.46,W2
QSO_32.7649025-17.0143904,59572.27327850002,18.142,,W2
QSO_32.7649025-17.0143904,59775.47848750003,18.468,,W2
QSO_32.7649025-17.0143904,59775.80435950003,18.387,,W2
QSO_32.7649025-17.0143904,59936.15440750003,17.384999999999998,,W2
QSO_32.7649025-17.0143904,59936.21945050001,18.697,0.476,W2
QSO_32.7649025-17.0143904,59936.284092,18.35,,W2
QSO_32.7649025-17.0143904,59936.414762,18.223,,W2
QSO_32.7649025-17.0143904,60142.85898099997,18.677,,W2
QSO_32.7649025-17.0143904,60303.26085900001,18.372,,W2
QSO_32.9777-16.97552,55207.277524,19.176,0.334,W1
QSO_32.9777-16.97552,55393.55863200001,18.548,0.18,W1
QSO_32.9777-16.97552,55393.690725499975,19.074,0.278,W1
QSO_32.9777-16.97552,55393.69083499998,19.186,0.324,W1
QSO_32.9777-16.97552,55393.822928500034,19.191000000000003,0.319,W1
QSO_32.9777-16.97552,55393.889103,19.433,0.45,W1
QSO_32.9777-16.97552,55393.955131500006,19.076,0.317,W1
QSO_32.9777-16.97552,55394.021305999966,19.157,0.311,W1
QSO_32.9777-16.97552,55394.08737100001,19.394,0.396,W1
QSO_32.9777-16.97552,55394.4179515,18.842,0.239,W1
QSO_32.9777-16.97552,55394.55015449997,19.181,,W1
QSO_32.9777-16.97552,55394.68224800003,19.361,0.389,W1
QSO_32.9777-16.97552,55394.68239399997,19.092,0.319,W1
QSO_32.9777-16.97552,55569.38614000002,19.431,,W1
QSO_32.9777-16.97552,55569.71661100001,19.221,,W1
QSO_32.9777-16.97552,55569.914879000025,18.949,0.244,W1
QSO_32.9777-16.97552,55569.98105349999,18.821,0.221,W1
QSO_32.9777-16.97552,55570.11311050001,19.055,,W1
QSO_32.9777-16.97552,56670.12073749996,18.893,0.26,W1
QSO_32.9777-16.97552,56858.82993499999,18.831000000000003,0.254,W1
QSO_32.9777-16.97552,56858.96140799997,19.111,0.541,W1
QSO_32.9777-16.97552,57033.37388432896,19.092,0.341,W1
QSO_32.9777-16.97552,57033.50521133314,19.035,0.316,W1
QSO_32.9777-16.97552,57393.25920056634,18.049,0.171,W1
QSO_32.9777-16.97552,57393.58775877673,19.652,0.473,W1
QSO_32.9777-16.97552,57585.448222243904,19.393,0.393,W1
QSO_32.9777-16.97552,57752.65931693166,18.549,0.201,W1
QSO_32.9777-16.97552,57752.79049133584,18.98,0.388,W1
QSO_32.9777-16.97552,57752.92177553995,18.831000000000003,0.367,W1
QSO_32.9777-16.97552,57950.061392500014,19.0,0.282,W1
QSO_32.9777-16.97552,57952.220330999975,18.63,0.199,W1
QSO_32.9777-16.97552,58113.17755650004,18.864,0.294,W1
QSO_32.9777-16.97552,58113.70096649997,18.708,0.221,W1
QSO_32.9777-16.97552,58116.05572749999,19.305,0.498,W1
QSO_32.9777-16.97552,58116.18668949997,18.848,0.297,W1
QSO_32.9777-16.97552,58116.3175055,19.236,0.414,W1
QSO_32.9777-16.97552,58477.23921450002,18.55,0.195,W1
QSO_32.9777-16.97552,58679.81746299996,19.46,0.481,W1
QSO_32.9777-16.97552,58680.144247500015,19.311,0.393,W1
QSO_32.9777-16.97552,58840.97700800002,18.651,,W1
QSO_32.9777-16.97552,58841.238530500006,19.246,0.333,W1
QSO_32.9777-16.97552,59047.42938879997,19.229,0.404,W1
QSO_32.9777-16.97552,59205.37002760002,18.543,0.302,W1
QSO_32.9777-16.97552,59412.3858315,18.192,0.224,W1
QSO_32.9777-16.97552,59572.077419500005,18.91,0.232,W1
QSO_32.9777-16.97552,59572.730222,18.531,0.204,W1
QSO_32.9777-16.97552,59775.86965800004,19.403,,W1
QSO_32.9777-16.97552,59776.195530000026,19.002,0.287,W1
QSO_32.9777-16.97552,59936.47980499997,18.691000000000003,0.221,W1
QSO_32.9777-16.97552,59936.54495750004,19.363,0.372,W1
QSO_32.9777-16.97552,59937.0006235,18.808,0.381,W1
QSO_32.9777-16.97552,59944.420124500015,18.68,0.272,W1
QSO_32.9777-16.97552,60142.79368250004,18.336,0.174,W1
QSO_32.9777-16.97552,60143.24785199998,18.834000000000003,0.255,W1
QSO_32.9777-16.97552,60303.13194099999,18.961,,W1
QSO_32.9777-16.97552,60303.19632700003,18.411,0.203,W1
QSO_32.9777-16.97552,60303.26085900001,18.396,0.2,W1
QSO_32.9777-16.97552,55207.277524,18.491,,W2
QSO_32.9777-16.97552,55393.55863200001,18.426,0.331,W2
QSO_32.9777-16.97552,55393.690725499975,18.78,0.424,W2
QSO_32.9777-16.97552,55393.69083499998,18.578,,W2
QSO_32.9777-16.97552,55393.822928500034,18.433,,W2
QSO_32.9777-16.97552,55393.889103,18.43,,W2
QSO_32.9777-16.97552,55393.955131500006,18.611,0.437,W2
QSO_32.9777-16.97552,55394.021305999966,18.347,,W2
QSO_32.9777-16.97552,55394.08737100001,18.257,,W2
QSO_32.9777-16.97552,55394.4179515,18.626,,W2
QSO_32.9777-16.97552,55394.55015449997,18.75,0.444,W2
QSO_32.9777-16.97552,55394.68224800003,18.434,,W2
QSO_32.9777-16.97552,55394.68239399997,18.486,0.352,W2
QSO_32.9777-16.97552,55569.38614000002,,,W2
QSO_32.9777-16.97552,55569.71661100001,18.221,,W2
QSO_32.9777-16.97552,55569.914879000025,18.483,,W2
QSO_32.9777-16.97552,55569.98105349999,18.435,,W2
QSO_32.9777-16.97552,55570.11311050001,18.367,,W2
QSO_32.9777-16.97552,56670.12073749996,18.072,,W2
QSO_32.9777-16.97552,56858.82993499999,18.484,0.374,W2
QSO_32.9777-16.97552,56858.96140799997,18.678,0.435,W2
QSO_32.9777-16.97552,57033.37388432896,18.112,,W2
QSO_32.9777-16.97552,57033.50521133314,18.63,0.433,W2
QSO_32.9777-16.97552,57393.25920056634,19.015,,W2
QSO_32.9777-16.97552,57393.58775877673,18.247,,W2
QSO_32.9777-16.97552,57585.448222243904,18.368,,W2
QSO_32.9777-16.97552,57752.65931693166,18.721,,W2
QSO_32.9777-16.97552,57752.79049133584,17.871,,W2
QSO_32.9777-16.97552,57752.92177553995,17.641,,W2
QSO_32.9777-16.97552,57950.061392500014,18.114,,W2
QSO_32.9777-16.97552,57952.220330999975,18.286,,W2
QSO_32.9777-16.97552,58113.17755650004,17.974,,W2
QSO_32.9777-16.97552,58113.70096649997,18.342,,W2
QSO_32.9777-16.97552,58116.05572749999,17.677,,W2
QSO_32.9777-16.97552,58116.18668949997,18.479,,W2
QSO_32.9777-16.97552,58116.3175055,17.123,0.232,W2
QSO_32.9777-16.97552,58477.23921450002,18.65,0.497,W2
QSO_32.9777-16.97552,58679.81746299996,17.684,0.483,W2
QSO_32.9777-16.97552,58680.144247500015,18.376,0.348,W2
QSO_32.9777-16.97552,58840.97700800002,18.207,0.391,W2
QSO_32.9777-16.97552,58841.238530500006,18.432,0.399,W2
QSO_32.9777-16.97552,59047.42938879997,18.284,0.339,W2
QSO_32.9777-16.97552,59205.37002760002,18.396,0.437,W2
QSO_32.9777-16.97552,59412.3858315,18.039,,W2
QSO_32.9777-16.97552,59572.077419500005,18.396,0.375,W2
QSO_32.9777-16.97552,59572.730222,18.038,,W2
QSO_32.9777-16.97552,59775.86965800004,18.185,0.46,W2
QSO_32.9777-16.97552,59776.195530000026,17.849999999999998,,W2
QSO_32.9777-16.97552,59936.47980499997,18.416,0.462,W2
QSO_32.9777-16.97552,59936.54495750004,18.139,,W2
QSO_32.9777-16.97552,59937.0006235,18.445,,W2
QSO_32.9777-16.97552,59944.420124500015,18.317,,W2
QSO_32.9777-16.97552,60142.79368250004,18.714,,W2
QSO_32.9777-16.97552,60143.24785199998,18.239,0.464,W2
QSO_32.9777-16.97552,60303.13194099999,18.798,,W2
QSO_32.9777-16.97552,60303.19632700003,18.611,0.438,W2
QSO_32.9777-16.97552,60303.26085900001,18.715,,W2
QSO_32.8625403-16.8868701,55207.277524,18.67,0.226,W1
QSO_32.8625403-16.8868701,55393.426283,19.666,0.488,W1
QSO_32.8625403-16.8868701,55393.55848599998,19.357,0.363,W1
QSO_32.8625403-16.8868701,55393.690725499975,19.548,0.417,W1
QSO_32.8625403-16.8868701,55393.822928500034,19.618,0.478,W1
QSO_32.8625403-16.8868701,55393.889103,18.793,0.261,W1
QSO_32.8625403-16.8868701,55393.955131500006,19.535,0.463,W1
QSO_32.8625403-16.8868701,55394.021305999966,19.779,,W1
QSO_32.8625403-16.8868701,55394.08737100001,19.351,0.405,W1
QSO_32.8625403-16.8868701,55394.417842,19.023000000000003,0.31,W1
QSO_32.8625403-16.8868701,55394.4179515,19.101,,W1
QSO_32.8625403-16.8868701,55394.55004499997,19.566000000000003,0.442,W1
QSO_32.8625403-16.8868701,55569.71661100001,19.164,,W1
QSO_32.8625403-16.8868701,55569.98105349999,18.915,0.26,W1
QSO_32.8625403-16.8868701,55570.11311050001,19.582,0.446,W1
QSO_32.8625403-16.8868701,56670.38412150001,18.512,0.176,W1
QSO_32.8625403-16.8868701,56855.67440050003,19.44,0.406,W1
QSO_32.8625403-16.8868701,56859.02718100002,18.922,0.27,W1
QSO_32.8625403-16.8868701,56859.092954,18.97,0.278,W1
QSO_32.8625403-16.8868701,57033.111376320616,19.082,0.297,W1
QSO_32.8625403-16.8868701,57753.3812841415,19.185,0.302,W1
QSO_32.8625403-16.8868701,58113.17755650004,19.041,0.393,W1
QSO_32.8625403-16.8868701,58113.57015050001,18.575,0.279,W1
QSO_32.8625403-16.8868701,58113.63555850003,18.781,0.295,W1
QSO_32.8625403-16.8868701,58114.027970000025,19.243,0.36,W1
QSO_32.8625403-16.8868701,58116.51369300003,18.798,0.314,W1
QSO_32.8625403-16.8868701,58476.97772849998,18.986,0.279,W1
QSO_32.8625403-16.8868701,58840.7151205,18.541,0.179,W1
QSO_32.8625403-16.8868701,58840.97700800002,19.551,0.49,W1
QSO_32.8625403-16.8868701,59047.42938879997,18.694,0.297,W1
QSO_32.8625403-16.8868701,59205.96027579998,18.935,0.271,W1
QSO_32.8625403-16.8868701,59208.64613019997,18.926,0.343,W1
QSO_32.8625403-16.8868701,59411.406135000034,18.939,0.254,W1
QSO_32.8625403-16.8868701,59412.124601,19.408,0.496,W1
QSO_32.8625403-16.8868701,59412.3858315,18.196,0.196,W1
QSO_32.8625403-16.8868701,59572.40383900001,18.923,0.257,W1
QSO_32.8625403-16.8868701,59572.5996615,18.744,0.23,W1
QSO_32.8625403-16.8868701,59775.93481050002,18.698,0.26,W1
QSO_32.8625403-16.8868701,59936.349609500016,18.797,0.242,W1
QSO_32.8625403-16.8868701,59936.8699535,19.261000000000003,0.352,W1
QSO_32.8625403-16.8868701,55207.277524,18.762,,W2
QSO_32.8625403-16.8868701,55393.426283,18.619,,W2
QSO_32.8625403-16.8868701,55393.55848599998,18.742,,W2
QSO_32.8625403-16.8868701,55393.690725499975,18.495,,W2
QSO_32.8625403-16.8868701,55393.822928500034,18.283,,W2
QSO_32.8625403-16.8868701,55393.889103,18.282,,W2
QSO_32.8625403-16.8868701,55393.955131500006,18.253,,W2
QSO_32.8625403-16.8868701,55394.021305999966,18.41,,W2
QSO_32.8625403-16.8868701,55394.08737100001,18.961,,W2
QSO_32.8625403-16.8868701,55394.417842,19.013,,W2
QSO_32.8625403-16.8868701,55394.4179515,18.548,0.353,W2
QSO_32.8625403-16.8868701,55394.55004499997,18.796,,W2
QSO_32.8625403-16.8868701,55569.71661100001,18.479,,W2
QSO_32.8625403-16.8868701,55569.98105349999,18.216,,W2
QSO_32.8625403-16.8868701,55570.11311050001,18.859,0.502,W2
QSO_32.8625403-16.8868701,56670.38412150001,18.064,,W2
QSO_32.8625403-16.8868701,56855.67440050003,18.548,0.47,W2
QSO_32.8625403-16.8868701,56859.02718100002,18.486,,W2
QSO_32.8625403-16.8868701,56859.092954,18.537,,W2
QSO_32.8625403-16.8868701,57033.111376320616,18.719,0.439,W2
QSO_32.8625403-16.8868701,57753.3812841415,18.835,,W2
QSO_32.8625403-16.8868701,58113.17755650004,18.251,,W2
QSO_32.8625403-16.8868701,58113.57015050001,18.611,,W2
QSO_32.8625403-16.8868701,58113.63555850003,18.285,,W2
QSO_32.8625403-16.8868701,58114.027970000025,17.636,,W2
QSO_32.8625403-16.8868701,58116.51369300003,17.936,,W2
QSO_32.8625403-16.8868701,58476.97772849998,18.769,,W2
QSO_32.8625403-16.8868701,58840.7151205,18.46,,W2
QSO_32.8625403-16.8868701,58840.97700800002,18.188,,W2
QSO_32.8625403-16.8868701,59047.42938879997,18.454,,W2
QSO_32.8625403-16.8868701,59205.96027579998,18.224,,W2
QSO_32.8625403-16.8868701,59208.64613019997,18.001,,W2
QSO_32.8625403-16.8868701,59411.406135000034,18.268,0.359,W2
QSO_32.8625403-16.8868701,59412.124601,18.138,,W2
QSO_32.8625403-16.8868701,59412.3858315,18.052,,W2
QSO_32.8625403-16.8868701,59572.40383900001,18.265,,W2
QSO_32.8625403-16.8868701,59572.5996615,18.931,,W2
QSO_32.8625403-16.8868701,59775.93481050002,18.225,,W2
QSO_32.8625403-16.8868701,59936.349609500016,18.085,,W2
QSO_32.8625403-16.8868701,59936.8699535,17.858999999999998,,W2
QSO_32.9386246-17.0604591,55207.277524,19.444000000000003,,W1
QSO_32.9386246-17.0604591,55393.55863200001,19.132,0.311,W1
QSO_32.9386246-17.0604591,55393.69083499998,19.156,0.302,W1
QSO_32.9386246-17.0604591,55393.822928500034,19.312,0.356,W1
QSO_32.9386246-17.0604591,55393.889103,18.871,0.267,W1
QSO_32.9386246-17.0604591,55393.955131500006,18.689,0.197,W1
QSO_32.9386246-17.0604591,55393.95527750004,18.648,0.195,W1
QSO_32.9386246-17.0604591,55394.021305999966,18.781,0.231,W1
QSO_32.9386246-17.0604591,55394.08737100001,19.483,0.484,W1
QSO_32.9386246-17.0604591,55394.4179515,19.279,0.33,W1
QSO_32.9386246-17.0604591,55394.55015449997,18.829,0.224,W1
QSO_32.9386246-17.0604591,55569.38614000002,19.145000000000003,0.446,W1
QSO_32.9386246-17.0604591,55569.71661100001,18.906,,W1
QSO_32.9386246-17.0604591,55569.98090750004,19.652,,W1
QSO_32.9386246-17.0604591,55569.98105349999,18.729,0.214,W1
QSO_32.9386246-17.0604591,55570.11311050001,19.444000000000003,0.429,W1
QSO_32.9386246-17.0604591,56669.65970599998,18.644,0.373,W1
QSO_32.9386246-17.0604591,56670.12073749996,19.04,0.334,W1
QSO_32.9386246-17.0604591,56670.6474325,19.14,0.331,W1
QSO_32.9386246-17.0604591,56859.092954,19.434,0.41,W1
QSO_32.9386246-17.0604591,57033.50521133314,19.227,0.347,W1
QSO_32.9386246-17.0604591,57033.83352884349,19.517000000000003,,W1
QSO_32.9386246-17.0604591,57392.86501855383,18.839,0.282,W1
QSO_32.9386246-17.0604591,57393.19346696421,18.716,0.237,W1
QSO_32.9386246-17.0604591,57393.58775877673,18.664,0.243,W1
QSO_32.9386246-17.0604591,57584.72603102113,18.702,0.234,W1
QSO_32.9386246-17.0604591,57753.05309572956,18.722,0.295,W1
QSO_32.9386246-17.0604591,57753.51245702748,19.295,0.39,W1
QSO_32.9386246-17.0604591,57949.4070935,18.708,0.262,W1
QSO_32.9386246-17.0604591,58113.43918850003,18.501,0.298,W1
QSO_32.9386246-17.0604591,58113.570004499976,18.539,0.184,W1
QSO_32.9386246-17.0604591,58113.76637449998,18.738,0.225,W1
QSO_32.9386246-17.0604591,58114.027970000025,19.472,0.438,W1
QSO_32.9386246-17.0604591,58116.05572749999,18.597,0.218,W1
QSO_32.9386246-17.0604591,58476.78150450001,19.045,0.33,W1
QSO_32.9386246-17.0604591,58476.97758250003,18.5,0.207,W1
QSO_32.9386246-17.0604591,58476.97772849998,18.657,0.181,W1
QSO_32.9386246-17.0604591,58477.23921450002,18.998,0.301,W1
QSO_32.9386246-17.0604591,58680.66721950001,19.221,0.362,W1
QSO_32.9386246-17.0604591,58840.7151205,18.525,0.281,W1
QSO_32.9386246-17.0604591,58841.10782399998,18.979,0.36,W1
QSO_32.9386246-17.0604591,59048.01912460003,18.344,0.313,W1
QSO_32.9386246-17.0604591,59205.56715520004,18.497,0.189,W1
QSO_32.9386246-17.0604591,59205.69818320003,18.964,0.271,W1
QSO_32.9386246-17.0604591,59205.82924779998,19.279,0.386,W1
QSO_32.9386246-17.0604591,59206.09134040002,18.954,0.396,W1
QSO_32.9386246-17.0604591,59207.99091699999,18.897,,W1
QSO_32.9386246-17.0604591,59572.534399500015,18.770000000000003,0.242,W1
QSO_32.9386246-17.0604591,59572.5996615,18.619,0.196,W1
QSO_32.9386246-17.0604591,59572.730222,18.609,0.201,W1
QSO_32.9386246-17.0604591,59776.06511549998,18.76,0.445,W1
QSO_32.9386246-17.0604591,59936.284092,19.103,0.351,W1
QSO_32.9386246-17.0604591,59936.349609500016,19.192,0.311,W1
QSO_32.9386246-17.0604591,59936.414762,19.018,0.32,W1
QSO_32.9386246-17.0604591,59936.8699535,18.709000000000003,0.206,W1
QSO_32.9386246-17.0604591,60303.13183149998,18.546,0.319,W1
QSO_32.9386246-17.0604591,60303.13194099999,18.793,0.301,W1
QSO_32.9386246-17.0604591,55207.277524,18.808,,W2
QSO_32.9386246-17.0604591,55393.55863200001,18.36,,W2
QSO_32.9386246-17.0604591,55393.69083499998,18.824,0.435,W2
QSO_32.9386246-17.0604591,55393.822928500034,19.024,,W2
QSO_32.9386246-17.0604591,55393.889103,18.537,,W2
QSO_32.9386246-17.0604591,55393.955131500006,18.602,,W2
QSO_32.9386246-17.0604591,55393.95527750004,18.653,,W2
QSO_32.9386246-17.0604591,55394.021305999966,18.732,,W2
QSO_32.9386246-17.0604591,55394.08737100001,18.544,,W2
QSO_32.9386246-17.0604591,55394.4179515,18.264,,W2
QSO_32.9386246-17.0604591,55394.55015449997,18.653,,W2
QSO_32.9386246-17.0604591,55569.38614000002,18.958,0.535,W2
QSO_32.9386246-17.0604591,55569.71661100001,18.669,,W2
QSO_32.9386246-17.0604591,55569.98090750004,18.316,,W2
QSO_32.9386246-17.0604591,55569.98105349999,18.472,,W2
QSO_32.9386246-17.0604591,55570.11311050001,18.599,,W2
QSO_32.9386246-17.0604591,56669.65970599998,18.251,,W2
QSO_32.9386246-17.0604591,56670.12073749996,17.833,,W2
QSO_32.9386246-17.0604591,56670.6474325,18.723,,W2
QSO_32.9386246-17.0604591,56859.092954,18.076,,W2
QSO_32.9386246-17.0604591,57033.50521133314,18.209,,W2
QSO_32.9386246-17.0604591,57033.83352884349,18.216,0.289,W2
QSO_32.9386246-17.0604591,57392.86501855383,18.396,,W2
QSO_32.9386246-17.0604591,57393.19346696421,18.48,,W2
QSO_32.9386246-17.0604591,57393.58775877673,18.844,,W2
QSO_32.9386246-17.0604591,57584.72603102113,18.266,0.343,W2
QSO_32.9386246-17.0604591,57753.05309572956,18.723,,W2
QSO_32.9386246-17.0604591,57753.51245702748,18.202,,W2
QSO_32.9386246-17.0604591,57949.4070935,17.895,,W2
QSO_32.9386246-17.0604591,58113.43918850003,18.319,,W2
QSO_32.9386246-17.0604591,58113.570004499976,18.056,,W2
QSO_32.9386246-17.0604591,58113.76637449998,18.134,,W2
QSO_32.9386246-17.0604591,58114.027970000025,18.298,,W2
QSO_32.9386246-17.0604591,58116.05572749999,18.269,,W2
QSO_32.9386246-17.0604591,58476.78150450001,18.322,,W2
QSO_32.9386246-17.0604591,58476.97758250003,18.676,0.456,W2
QSO_32.9386246-17.0604591,58476.97772849998,18.12,,W2
QSO_32.9386246-17.0604591,58477.23921450002,18.491,,W2
QSO_32.9386246-17.0604591,58680.66721950001,18.624,,W2
QSO_32.9386246-17.0604591,58840.7151205,18.159,,W2
QSO_32.9386246-17.0604591,58841.10782399998,18.83,,W2
QSO_32.9386246-17.0604591,59048.01912460003,18.514,,W2
QSO_32.9386246-17.0604591,59205.56715520004,18.621,,W2
QSO_32.9386246-17.0604591,59205.69818320003,18.438,,W2
QSO_32.9386246-17.0604591,59205.82924779998,17.948,,W2
QSO_32.9386246-17.0604591,59206.09134040002,18.455,0.446,W2
QSO_32.9386246-17.0604591,59207.99091699999,17.941,0.432,W2
QSO_32.9386246-17.0604591,59572.534399500015,18.239,,W2
QSO_32.9386246-17.0604591,59572.5996615,18.611,,W2
QSO_32.9386246-17.0604591,59572.730222,18.195,,W2
QSO_32.9386246-17.0604591,59776.06511549998,18.129,,W2
QSO_32.9386246-17.0604591,59936.284092,18.22,,W2
QSO_32.9386246-17.0604591,59936.349609500016,18.266,,W2
QSO_32.9386246-17.0604591,59936.414762,18.703,,W2
QSO_32.9386246-17.0604591,59936.8699535,18.259,,W2
QSO_32.9386246-17.0604591,60303.13183149998,18.213,,W2
QSO_32.9386246-17.0604591,60303.13194099999,18.829,,W2
QSO_32.9047554-17.1981049,55207.277524,19.635,0.448,W1
QSO_32.9047554-17.1981049,55393.55863200001,19.11,0.339,W1
QSO_32.9047554-17.1981049,55393.69083499998,18.427,0.172,W1
QSO_32.9047554-17.1981049,55393.75690000002,18.993,0.313,W1
QSO_32.9047554-17.1981049,55393.889103,19.144,0.324,W1
QSO_32.9047554-17.1981049,55393.95527750004,19.132,,W1
QSO_32.9047554-17.1981049,55394.021305999966,19.53,0.43,W1
QSO_32.9047554-17.1981049,55394.08748050001,19.506,0.422,W1
QSO_32.9047554-17.1981049,55394.4179515,19.25,0.347,W1
QSO_32.9047554-17.1981049,55569.38614000002,19.336,0.406,W1
QSO_32.9047554-17.1981049,55569.452314499984,18.941000000000003,,W1
QSO_32.9047554-17.1981049,55569.71661100001,18.49,,W1
QSO_32.9047554-17.1981049,55569.98090750004,19.186,0.324,W1
QSO_32.9047554-17.1981049,55570.11311050001,18.791,0.259,W1
QSO_32.9047554-17.1981049,56669.98889950003,19.411,0.416,W1
QSO_32.9047554-17.1981049,56670.51570399999,18.685,0.224,W1
QSO_32.9047554-17.1981049,56859.02718100002,19.133000000000003,0.338,W1
QSO_32.9047554-17.1981049,57033.24255732477,18.284,0.247,W1
QSO_32.9047554-17.1981049,57393.19346696421,19.054,0.34,W1
QSO_32.9047554-17.1981049,57585.448222243904,19.036,0.302,W1
QSO_32.9047554-17.1981049,57752.528032727554,19.011000000000003,0.261,W1
QSO_32.9047554-17.1981049,57752.92177553995,18.543,0.243,W1
QSO_32.9047554-17.1981049,57948.94923749996,18.512,0.19,W1
QSO_32.9047554-17.1981049,58113.570004499976,18.504,0.193,W1
QSO_32.9047554-17.1981049,58115.7940955,18.75,0.231,W1
QSO_32.9047554-17.1981049,58316.09244449997,19.251,0.37,W1
QSO_32.9047554-17.1981049,58476.58528049996,19.413,0.38,W1
QSO_32.9047554-17.1981049,58840.84633800002,18.656,0.245,W1
QSO_32.9047554-17.1981049,59205.56715520004,18.345,0.174,W1
QSO_32.9047554-17.1981049,59208.31845040001,18.818,0.247,W1
QSO_32.9047554-17.1981049,59572.07731,18.71,0.212,W1
QSO_32.9047554-17.1981049,59572.20798000001,18.808,0.242,W1
QSO_32.9047554-17.1981049,59572.40383900001,18.603,,W1
QSO_32.9047554-17.1981049,59572.5996615,18.579,0.187,W1
QSO_32.9047554-17.1981049,59775.47848750003,18.753,0.238,W1
QSO_32.9047554-17.1981049,59936.284092,18.591,0.184,W1
QSO_32.9047554-17.1981049,59936.349609500016,18.828000000000003,0.232,W1
QSO_32.9047554-17.1981049,59936.4146525,18.693,0.226,W1
QSO_32.9047554-17.1981049,60303.19632700003,19.128,,W1
QSO_32.9047554-17.1981049,55207.277524,18.682,0.42,W2
QSO_32.9047554-17.1981049,55393.55863200001,18.451,,W2
QSO_32.9047554-17.1981049,55393.69083499998,18.337,,W2
QSO_32.9047554-17.1981049,55393.75690000002,18.485,0.366,W2
QSO_32.9047554-17.1981049,55393.889103,18.408,,W2
QSO_32.9047554-17.1981049,55393.95527750004,19.059,,W2
QSO_32.9047554-17.1981049,55394.021305999966,18.488,0.353,W2
QSO_32.9047554-17.1981049,55394.08748050001,18.934,0.501,W2
QSO_32.9047554-17.1981049,55394.4179515,18.728,,W2
QSO_32.9047554-17.1981049,55569.38614000002,18.668,,W2
QSO_32.9047554-17.1981049,55569.452314499984,19.022,,W2
QSO_32.9047554-17.1981049,55569.71661100001,18.388,,W2
QSO_32.9047554-17.1981049,55569.98090750004,18.193,,W2
QSO_32.9047554-17.1981049,55570.11311050001,18.977,,W2
QSO_32.9047554-17.1981049,56669.98889950003,18.505,0.494,W2
QSO_32.9047554-17.1981049,56670.51570399999,18.461,,W2
QSO_32.9047554-17.1981049,56859.02718100002,18.84,0.476,W2
QSO_32.9047554-17.1981049,57033.24255732477,18.101,,W2
QSO_32.9047554-17.1981049,57393.19346696421,18.442,0.394,W2
QSO_32.9047554-17.1981049,57585.448222243904,18.214,,W2
QSO_32.9047554-17.1981049,57752.528032727554,18.018,,W2
QSO_32.9047554-17.1981049,57752.92177553995,18.709,,W2
QSO_32.9047554-17.1981049,57948.94923749996,17.976,,W2
QSO_32.9047554-17.1981049,58113.570004499976,18.668,,W2
QSO_32.9047554-17.1981049,58115.7940955,17.955,,W2
QSO_32.9047554-17.1981049,58316.09244449997,17.714,0.303,W2
QSO_32.9047554-17.1981049,58476.58528049996,18.609,,W2
QSO_32.9047554-17.1981049,58840.84633800002,18.747,,W2
QSO_32.9047554-17.1981049,59205.56715520004,18.048,,W2
QSO_32.9047554-17.1981049,59208.31845040001,18.529,,W2
QSO_32.9047554-17.1981049,59572.07731,17.931,,W2
QSO_32.9047554-17.1981049,59572.20798000001,18.894,0.483,W2
QSO_32.9047554-17.1981049,59572.40383900001,18.053,,W2
QSO_32.9047554-17.1981049,59572.5996615,18.509,,W2
QSO_32.9047554-17.1981049,59775.47848750003,18.071,,W2
QSO_32.9047554-17.1981049,59936.284092,18.878,,W2
QSO_32.9047554-17.1981049,59936.349609500016,18.215,,W2
QSO_32.9047554-17.1981049,59936.4146525,17.974,,W2
QSO_32.9047554-17.1981049,60303.19632700003,18.525,0.455,W2
QSO_33.0300754-17.013135,55207.277524,19.062,0.29,W1
QSO_33.0300754-17.013135,55208.26933850002,18.992,,W1
QSO_33.0300754-17.013135,55393.55863200001,18.906,0.268,W1
QSO_33.0300754-17.013135,55393.69083499998,19.314,0.364,W1
QSO_33.0300754-17.013135,55393.822928500034,19.403,0.405,W1
QSO_33.0300754-17.013135,55393.955131500006,18.826,0.24,W1
QSO_33.0300754-17.013135,55394.021305999966,19.15,,W1
QSO_33.0300754-17.013135,55394.08737100001,18.883000000000003,0.264,W1
QSO_33.0300754-17.013135,55394.4179515,18.846,0.285,W1
QSO_33.0300754-17.013135,55394.55015449997,18.912,0.256,W1
QSO_33.0300754-17.013135,55394.68239399997,18.842,0.26,W1
QSO_33.0300754-17.013135,55569.38614000002,19.126,0.309,W1
QSO_33.0300754-17.013135,55569.71661100001,19.088,0.304,W1
QSO_33.0300754-17.013135,55569.914879000025,18.885,0.256,W1
QSO_33.0300754-17.013135,55569.98090750004,19.263,0.535,W1
QSO_33.0300754-17.013135,55569.98105349999,19.119,0.289,W1
QSO_33.0300754-17.013135,55570.11311050001,19.701,,W1
QSO_33.0300754-17.013135,56670.12073749996,18.653,0.234,W1
QSO_33.0300754-17.013135,56670.38412150001,19.021,0.309,W1
QSO_33.0300754-17.013135,56670.51570399999,18.785,0.241,W1
QSO_33.0300754-17.013135,56855.805946499975,19.34,0.458,W1
QSO_33.0300754-17.013135,56856.39753849996,18.201,0.283,W1
QSO_33.0300754-17.013135,56858.82993499999,18.946,0.336,W1
QSO_33.0300754-17.013135,56858.96140799997,18.949,0.276,W1
QSO_33.0300754-17.013135,56859.092954,19.163,0.324,W1
QSO_33.0300754-17.013135,57033.24255732477,18.939,0.279,W1
QSO_33.0300754-17.013135,57033.50521133314,19.097,0.366,W1
QSO_33.0300754-17.013135,57033.83352884349,18.907,0.251,W1
QSO_33.0300754-17.013135,57220.45309568712,19.06,0.284,W1
QSO_33.0300754-17.013135,57220.58427669128,18.928,0.412,W1
QSO_33.0300754-17.013135,57221.17433571,18.98,0.257,W1
QSO_33.0300754-17.013135,57392.86501855383,18.988,0.27,W1
QSO_33.0300754-17.013135,57393.25920056634,18.797,0.217,W1
QSO_33.0300754-17.013135,57585.18565383561,18.694,0.23,W1
QSO_33.0300754-17.013135,57585.448222243904,18.703000000000003,0.267,W1
QSO_33.0300754-17.013135,57585.71082725224,19.073,0.301,W1
QSO_33.0300754-17.013135,57752.79049133584,18.833,0.237,W1
QSO_33.0300754-17.013135,57753.64373971211,18.944000000000003,0.272,W1
QSO_33.0300754-17.013135,57950.061392500014,19.184,0.323,W1
QSO_33.0300754-17.013135,57952.80914899999,18.402,0.171,W1
QSO_33.0300754-17.013135,58113.17755650004,18.917,0.297,W1
QSO_33.0300754-17.013135,58113.30837249999,18.798,0.305,W1
QSO_33.0300754-17.013135,58113.43918850003,19.203000000000003,0.412,W1
QSO_33.0300754-17.013135,58113.570004499976,18.622,0.193,W1
QSO_33.0300754-17.013135,58113.57015050001,19.28,0.36,W1
QSO_33.0300754-17.013135,58113.63541249999,19.296,0.46,W1
QSO_33.0300754-17.013135,58113.70096649997,18.994,0.275,W1
QSO_33.0300754-17.013135,58116.18654350002,19.006,0.358,W1
QSO_33.0300754-17.013135,58116.51369300003,18.712000000000003,0.237,W1
QSO_33.0300754-17.013135,58116.57910099996,18.533,0.222,W1
QSO_33.0300754-17.013135,58316.87708499998,18.546,0.211,W1
QSO_33.0300754-17.013135,58476.78150450001,19.158,0.346,W1
QSO_33.0300754-17.013135,58476.91232049996,18.727,0.206,W1
QSO_33.0300754-17.013135,58476.97758250003,18.787,0.264,W1
QSO_33.0300754-17.013135,58477.04299049997,18.944000000000003,0.25,W1
QSO_33.0300754-17.013135,58477.23921450002,19.369,0.444,W1
QSO_33.0300754-17.013135,58840.7151205,19.449,0.393,W1
QSO_33.0300754-17.013135,58840.97700800002,18.702,0.249,W1
QSO_33.0300754-17.013135,59047.42938879997,18.672,0.236,W1
QSO_33.0300754-17.013135,59047.69159120001,18.885,0.247,W1
QSO_33.0300754-17.013135,59205.37002760002,18.811,0.405,W1
QSO_33.0300754-17.013135,59205.56715520004,18.386,0.174,W1
QSO_33.0300754-17.013135,59205.82924779998,18.9,0.249,W1
QSO_33.0300754-17.013135,59206.09134040002,18.492,0.185,W1
QSO_33.0300754-17.013135,59412.05930249998,18.734,0.428,W1
QSO_33.0300754-17.013135,59412.1247105,18.596,0.206,W1
QSO_33.0300754-17.013135,59572.07731,18.74,0.241,W1
QSO_33.0300754-17.013135,59572.3385405,18.601,0.298,W1
QSO_33.0300754-17.013135,59572.534399500015,19.287,0.445,W1
QSO_33.0300754-17.013135,59775.86965800004,18.786,0.244,W1
QSO_33.0300754-17.013135,59776.06511549998,18.572,0.206,W1
QSO_33.0300754-17.013135,59776.45628599999,18.738,0.231,W1
QSO_33.0300754-17.013135,59936.15440750003,18.862,0.306,W1
QSO_33.0300754-17.013135,59936.284092,19.413,0.448,W1
QSO_33.0300754-17.013135,59936.47980499997,18.804,0.309,W1
QSO_33.0300754-17.013135,59936.8699535,18.735,0.211,W1
QSO_33.0300754-17.013135,59937.13081900004,19.092,0.518,W1
QSO_33.0300754-17.013135,60143.24785199998,18.524,0.208,W1
QSO_33.0300754-17.013135,60303.0672995,18.798,0.28,W1
QSO_33.0300754-17.013135,60303.19632700003,18.548,0.239,W1
QSO_33.0300754-17.013135,60303.26085900001,19.193,0.43,W1
QSO_33.0300754-17.013135,60303.64794150001,18.724,0.23,W1
QSO_33.0300754-17.013135,55207.277524,18.972,,W2
QSO_33.0300754-17.013135,55208.26933850002,18.658,,W2
QSO_33.0300754-17.013135,55393.55863200001,18.486,0.351,W2
QSO_33.0300754-17.013135,55393.69083499998,18.943,0.512,W2
QSO_33.0300754-17.013135,55393.822928500034,18.572,,W2
QSO_33.0300754-17.013135,55393.955131500006,18.879,,W2
QSO_33.0300754-17.013135,55394.021305999966,18.549,,W2
QSO_33.0300754-17.013135,55394.08737100001,18.241,,W2
QSO_33.0300754-17.013135,55394.4179515,18.749,,W2
QSO_33.0300754-17.013135,55394.55015449997,18.954,,W2
QSO_33.0300754-17.013135,55394.68239399997,18.989,,W2
QSO_33.0300754-17.013135,55569.38614000002,18.391,,W2
QSO_33.0300754-17.013135,55569.71661100001,18.132,,W2
QSO_33.0300754-17.013135,55569.914879000025,18.987,,W2
QSO_33.0300754-17.013135,55569.98090750004,18.452,,W2
QSO_33.0300754-17.013135,55569.98105349999,18.452,,W2
QSO_33.0300754-17.013135,55570.11311050001,18.467,,W2
QSO_33.0300754-17.013135,56670.12073749996,18.581,,W2
QSO_33.0300754-17.013135,56670.38412150001,19.009,,W2
QSO_33.0300754-17.013135,56670.51570399999,18.288,,W2
QSO_33.0300754-17.013135,56855.805946499975,18.491,0.533,W2
QSO_33.0300754-17.013135,56856.39753849996,18.438,,W2
QSO_33.0300754-17.013135,56858.82993499999,18.694,,W2
QSO_33.0300754-17.013135,56858.96140799997,18.762,,W2
QSO_33.0300754-17.013135,56859.092954,18.021,,W2
QSO_33.0300754-17.013135,57033.24255732477,18.567,,W2
QSO_33.0300754-17.013135,57033.50521133314,18.197,0.452,W2
QSO_33.0300754-17.013135,57033.83352884349,17.81,,W2
QSO_33.0300754-17.013135,57220.45309568712,18.143,,W2
QSO_33.0300754-17.013135,57220.58427669128,18.138,,W2
QSO_33.0300754-17.013135,57221.17433571,18.555,,W2
QSO_33.0300754-17.013135,57392.86501855383,18.073,0.31,W2
QSO_33.0300754-17.013135,57393.25920056634,18.6,,W2
QSO_33.0300754-17.013135,57585.18565383561,18.094,,W2
QSO_33.0300754-17.013135,57585.448222243904,17.701999999999998,,W2
QSO_33.0300754-17.013135,57585.71082725224,18.535,,W2
QSO_33.0300754-17.013135,57752.79049133584,18.183,,W2
QSO_33.0300754-17.013135,57753.64373971211,18.9,,W2
QSO_33.0300754-17.013135,57950.061392500014,18.205,,W2
QSO_33.0300754-17.013135,57952.80914899999,18.098,0.38,W2
QSO_33.0300754-17.013135,58113.17755650004,17.967,,W2
QSO_33.0300754-17.013135,58113.30837249999,18.582,,W2
QSO_33.0300754-17.013135,58113.43918850003,18.814,,W2
QSO_33.0300754-17.013135,58113.570004499976,18.202,,W2
QSO_33.0300754-17.013135,58113.57015050001,18.705,0.505,W2
QSO_33.0300754-17.013135,58113.63541249999,18.526,0.452,W2
QSO_33.0300754-17.013135,58113.70096649997,17.969,,W2
QSO_33.0300754-17.013135,58116.18654350002,18.077,,W2
QSO_33.0300754-17.013135,58116.51369300003,17.714,,W2
QSO_33.0300754-17.013135,58116.57910099996,18.311,,W2
QSO_33.0300754-17.013135,58316.87708499998,18.659,,W2
QSO_33.0300754-17.013135,58476.78150450001,18.545,,W2
QSO_33.0300754-17.013135,58476.91232049996,18.261,,W2
QSO_33.0300754-17.013135,58476.97758250003,18.661,,W2
QSO_33.0300754-17.013135,58477.04299049997,17.913999999999998,,W2
QSO_33.0300754-17.013135,58477.23921450002,18.149,,W2
QSO_33.0300754-17.013135,58840.7151205,18.804,0.47,W2
QSO_33.0300754-17.013135,58840.97700800002,19.007,,W2
QSO_33.0300754-17.013135,59047.42938879997,18.366,,W2
QSO_33.0300754-17.013135,59047.69159120001,18.168,,W2
QSO_33.0300754-17.013135,59205.37002760002,18.009,,W2
QSO_33.0300754-17.013135,59205.56715520004,18.555,,W2
QSO_33.0300754-17.013135,59205.82924779998,17.669,,W2
QSO_33.0300754-17.013135,59206.09134040002,17.854,,W2
QSO_33.0300754-17.013135,59412.05930249998,17.913,,W2
QSO_33.0300754-17.013135,59412.1247105,18.274,,W2
QSO_33.0300754-17.013135,59572.07731,18.597,,W2
QSO_33.0300754-17.013135,59572.3385405,18.231,,W2
QSO_33.0300754-17.013135,59572.534399500015,18.825,,W2
QSO_33.0300754-17.013135,59775.86965800004,18.21,,W2
QSO_33.0300754-17.013135,59776.06511549998,18.218,,W2
QSO_33.0300754-17.013135,59776.45628599999,18.514,0.459,W2
QSO_33.0300754-17.013135,59936.15440750003,18.34,,W2
QSO_33.0300754-17.013135,59936.284092,18.175,,W2
QSO_33.0300754-17.013135,59936.47980499997,18.615,,W2
QSO_33.0300754-17.013135,59936.8699535,18.315,,W2
QSO_33.0300754-17.013135,59937.13081900004,18.852,,W2
QSO_33.0300754-17.013135,60143.24785199998,18.475,,W2
QSO_33.0300754-17.013135,60303.0672995,18.212,,W2
QSO_33.0300754-17.013135,60303.19632700003,18.365,,W2
QSO_33.0300754-17.013135,60303.26085900001,18.321,,W2
QSO_33.0300754-17.013135,60303.64794150001,18.777,,W2
QSO_32.8351076-17.0265288,55207.277524,19.197000000000003,0.311,W1
QSO_32.8351076-17.0265288,55393.55863200001,19.075000000000003,,W1
QSO_32.8351076-17.0265288,55393.690725499975,19.595,0.454,W1
QSO_32.8351076-17.0265288,55393.69083499998,19.357,,W1
QSO_32.8351076-17.0265288,55393.75690000002,18.975,0.28,W1
QSO_32.8351076-17.0265288,55393.822928500034,18.674,0.22,W1
QSO_32.8351076-17.0265288,55393.889103,18.598,0.191,W1
QSO_32.8351076-17.0265288,55393.955131500006,19.243,0.324,W1
QSO_32.8351076-17.0265288,55394.021305999966,19.39,0.395,W1
QSO_32.8351076-17.0265288,55394.08737100001,19.624,0.454,W1
QSO_32.8351076-17.0265288,55394.4179515,18.781,0.225,W1
QSO_32.8351076-17.0265288,55569.452314499984,19.427,0.407,W1
QSO_32.8351076-17.0265288,55569.71661100001,19.134,,W1
QSO_32.8351076-17.0265288,55569.98105349999,18.848,0.22,W1
QSO_32.8351076-17.0265288,55570.11311050001,19.645000000000003,,W1
QSO_32.8351076-17.0265288,56669.65981549998,18.468,0.256,W1
QSO_32.8351076-17.0265288,56669.98889950003,18.463,0.18,W1
QSO_32.8351076-17.0265288,56670.05492800004,18.836,0.235,W1
QSO_32.8351076-17.0265288,56855.67440050003,19.098,0.438,W1
QSO_32.8351076-17.0265288,56855.805946499975,19.653,0.515,W1
QSO_32.8351076-17.0265288,56858.82993499999,18.936,0.269,W1
QSO_32.8351076-17.0265288,57033.11126682061,18.819000000000003,0.274,W1
QSO_32.8351076-17.0265288,57220.45309568712,18.462,0.208,W1
QSO_32.8351076-17.0265288,57392.86501855383,18.756,0.239,W1
QSO_32.8351076-17.0265288,57949.0800535,18.691000000000003,0.237,W1
QSO_32.8351076-17.0265288,57952.35114700001,18.519,0.219,W1
QSO_32.8351076-17.0265288,57952.41670099997,19.03,0.285,W1
QSO_32.8351076-17.0265288,57952.80914899999,18.777,0.251,W1
QSO_32.8351076-17.0265288,58113.0467405,19.249,0.39,W1
QSO_32.8351076-17.0265288,58113.30837249999,18.728,0.258,W1
QSO_32.8351076-17.0265288,58113.43918850003,19.234,0.347,W1
QSO_32.8351076-17.0265288,58113.63555850003,18.652,0.19,W1
QSO_32.8351076-17.0265288,58115.7940955,19.266,0.369,W1
QSO_32.8351076-17.0265288,58116.18668949997,18.837000000000003,0.353,W1
QSO_32.8351076-17.0265288,58116.3175055,18.638,0.251,W1
QSO_32.8351076-17.0265288,58116.51369300003,19.136000000000003,0.451,W1
QSO_32.8351076-17.0265288,58476.25838649999,18.971,0.252,W1
QSO_32.8351076-17.0265288,58841.10782399998,18.853,0.233,W1
QSO_32.8351076-17.0265288,59047.69159120001,18.569,0.22,W1
QSO_32.8351076-17.0265288,59205.501568000014,18.894,0.327,W1
QSO_32.8351076-17.0265288,59207.85985239996,18.682,0.215,W1
QSO_32.8351076-17.0265288,59412.124601,19.5,0.431,W1
QSO_32.8351076-17.0265288,59572.077419500005,18.81,0.223,W1
QSO_32.8351076-17.0265288,59572.20798000001,18.726,0.201,W1
QSO_32.8351076-17.0265288,59572.795630000015,18.897,0.254,W1
QSO_32.8351076-17.0265288,59775.86965800004,18.92,0.259,W1
QSO_32.8351076-17.0265288,59775.93481050002,18.533,0.236,W1
QSO_32.8351076-17.0265288,59936.15440750003,19.359,0.384,W1
QSO_32.8351076-17.0265288,59936.21945050001,18.782,0.223,W1
QSO_32.8351076-17.0265288,59936.47980499997,18.928,0.342,W1
QSO_32.8351076-17.0265288,60142.47021949997,18.643,0.215,W1
QSO_32.8351076-17.0265288,60303.00291349996,18.842,0.24,W1
QSO_32.8351076-17.0265288,60303.067445500026,18.567,0.197,W1
QSO_32.8351076-17.0265288,60507.12877119996,18.537,0.436,W1
QSO_32.8351076-17.0265288,55207.277524,18.914,0.523,W2
QSO_32.8351076-17.0265288,55393.55863200001,18.555,,W2
QSO_32.8351076-17.0265288,55393.690725499975,18.628,,W2
QSO_32.8351076-17.0265288,55393.69083499998,18.162,,W2
QSO_32.8351076-17.0265288,55393.75690000002,18.765,0.446,W2
QSO_32.8351076-17.0265288,55393.822928500034,18.65,,W2
QSO_32.8351076-17.0265288,55393.889103,18.586,0.386,W2
QSO_32.8351076-17.0265288,55393.955131500006,18.473,,W2
QSO_32.8351076-17.0265288,55394.021305999966,18.767,0.444,W2
QSO_32.8351076-17.0265288,55394.08737100001,18.989,,W2
QSO_32.8351076-17.0265288,55394.4179515,18.332,,W2
QSO_32.8351076-17.0265288,55569.452314499984,18.299,,W2
QSO_32.8351076-17.0265288,55569.71661100001,18.378,,W2
QSO_32.8351076-17.0265288,55569.98105349999,18.966,0.528,W2
QSO_32.8351076-17.0265288,55570.11311050001,18.553,,W2
QSO_32.8351076-17.0265288,56669.65981549998,18.21,,W2
QSO_32.8351076-17.0265288,56669.98889950003,18.645,,W2
QSO_32.8351076-17.0265288,56670.05492800004,18.53,,W2
QSO_32.8351076-17.0265288,56855.67440050003,18.032,,W2
QSO_32.8351076-17.0265288,56855.805946499975,18.0,,W2
QSO_32.8351076-17.0265288,56858.82993499999,18.952,,W2
QSO_32.8351076-17.0265288,57033.11126682061,18.222,,W2
QSO_32.8351076-17.0265288,57220.45309568712,18.572,,W2
QSO_32.8351076-17.0265288,57392.86501855383,18.199,,W2
QSO_32.8351076-17.0265288,57949.0800535,18.375,,W2
QSO_32.8351076-17.0265288,57952.35114700001,17.887,,W2
QSO_32.8351076-17.0265288,57952.41670099997,18.281,,W2
QSO_32.8351076-17.0265288,57952.80914899999,17.812,,W2
QSO_32.8351076-17.0265288,58113.0467405,18.676,,W2
QSO_32.8351076-17.0265288,58113.30837249999,18.282,,W2
QSO_32.8351076-17.0265288,58113.43918850003,18.779,,W2
QSO_32.8351076-17.0265288,58113.63555850003,17.896,,W2
QSO_32.8351076-17.0265288,58115.7940955,18.143,,W2
QSO_32.8351076-17.0265288,58116.18668949997,18.3,,W2
QSO_32.8351076-17.0265288,58116.3175055,18.102,0.467,W2
QSO_32.8351076-17.0265288,58116.51369300003,17.705,0.479,W2
QSO_32.8351076-17.0265288,58476.25838649999,18.536,,W2
QSO_32.8351076-17.0265288,58841.10782399998,18.713,,W2
QSO_32.8351076-17.0265288,59047.69159120001,17.557,0.273,W2
QSO_32.8351076-17.0265288,59205.501568000014,18.182,,W2
QSO_32.8351076-17.0265288,59207.85985239996,18.463,,W2
QSO_32.8351076-17.0265288,59412.124601,18.249,0.305,W2
QSO_32.8351076-17.0265288,59572.077419500005,17.823,,W2
QSO_32.8351076-17.0265288,59572.20798000001,18.184,,W2
QSO_32.8351076-17.0265288,59572.795630000015,18.024,,W2
QSO_32.8351076-17.0265288,59775.86965800004,18.147,,W2
QSO_32.8351076-17.0265288,59775.93481050002,18.009,,W2
QSO_32.8351076-17.0265288,59936.15440750003,18.248,,W2
QSO_32.8351076-17.0265288,59936.21945050001,18.235,,W2
QSO_32.8351076-17.0265288,59936.47980499997,17.733,,W2
QSO_32.8351076-17.0265288,60142.47021949997,18.162,,W2
QSO_32.8351076-17.0265288,60303.00291349996,18.091,,W2
QSO_32.8351076-17.0265288,60303.067445500026,18.743,,W2
QSO_32.8351076-17.0265288,60507.12877119996,18.103,,W2
QSO_32.8453701-17.0270358,55207.277524,19.572000000000003,0.49,W1
QSO_32.8453701-17.0270358,55393.55863200001,19.102,0.287,W1
QSO_32.8453701-17.0270358,55393.690725499975,19.256,0.337,W1
QSO_32.8453701-17.0270358,55393.69083499998,18.739,0.215,W1
QSO_32.8453701-17.0270358,55393.75690000002,18.944000000000003,,W1
QSO_32.8453701-17.0270358,55393.822928500034,18.496,0.212,W1
QSO_32.8453701-17.0270358,55393.889103,19.12,0.305,W1
QSO_32.8453701-17.0270358,55393.955131500006,19.502,,W1
QSO_32.8453701-17.0270358,55394.021305999966,18.999,,W1
QSO_32.8453701-17.0270358,55394.08737100001,19.283,,W1
QSO_32.8453701-17.0270358,55394.4179515,18.93,0.284,W1
QSO_32.8453701-17.0270358,55569.38614000002,19.371,0.382,W1
QSO_32.8453701-17.0270358,55569.452314499984,19.102,0.287,W1
QSO_32.8453701-17.0270358,55569.71661100001,19.035,0.269,W1
QSO_32.8453701-17.0270358,55569.98105349999,19.261000000000003,0.36,W1
QSO_32.8453701-17.0270358,55570.11311050001,19.612,0.467,W1
QSO_32.8453701-17.0270358,56669.98889950003,18.659,0.302,W1
QSO_32.8453701-17.0270358,56855.805946499975,18.805,0.396,W1
QSO_32.8453701-17.0270358,56856.06885599998,18.672,0.205,W1
QSO_32.8453701-17.0270358,56858.96140799997,18.404,0.178,W1
QSO_32.8453701-17.0270358,57033.24255732477,18.862,,W1
QSO_32.8453701-17.0270358,57033.37388432896,18.741,0.229,W1
QSO_32.8453701-17.0270358,57033.50521133314,19.244,0.36,W1
QSO_32.8453701-17.0270358,57220.25647018085,18.72,0.216,W1
QSO_32.8453701-17.0270358,57220.45309568712,18.373,0.267,W1
QSO_32.8453701-17.0270358,57584.79172802314,19.571,0.486,W1
QSO_32.8453701-17.0270358,57585.11992023356,19.04,0.284,W1
QSO_32.8453701-17.0270358,57585.18565383561,18.471,0.255,W1
QSO_32.8453701-17.0270358,57752.528032727554,18.943,0.248,W1
QSO_32.8453701-17.0270358,57949.4070935,18.826,0.3,W1
QSO_32.8453701-17.0270358,58113.0467405,19.54,0.455,W1
QSO_32.8453701-17.0270358,58113.43918850003,18.958,0.26,W1
QSO_32.8453701-17.0270358,58113.50459649996,18.779,0.29,W1
QSO_32.8453701-17.0270358,58113.5047425,19.577,0.463,W1
QSO_32.8453701-17.0270358,58113.570004499976,19.059,,W1
QSO_32.8453701-17.0270358,58116.18668949997,18.778,0.231,W1
QSO_32.8453701-17.0270358,58116.51369300003,18.844,0.287,W1
QSO_32.8453701-17.0270358,58316.02692700003,18.881,0.369,W1
QSO_32.8453701-17.0270358,58476.25838649999,18.606,0.514,W1
QSO_32.8453701-17.0270358,58476.78150450001,19.105,0.311,W1
QSO_32.8453701-17.0270358,58477.23921450002,18.964,0.275,W1
QSO_32.8453701-17.0270358,58840.97700800002,19.171,0.307,W1
QSO_32.8453701-17.0270358,59205.56715520004,18.621,0.217,W1
QSO_32.8453701-17.0270358,59205.96027579998,18.628,0.191,W1
QSO_32.8453701-17.0270358,59411.86333399997,19.403,0.522,W1
QSO_32.8453701-17.0270358,59572.40383900001,18.92,0.282,W1
QSO_32.8453701-17.0270358,59572.795630000015,18.56,0.324,W1
QSO_32.8453701-17.0270358,59936.15440750003,18.983,0.278,W1
QSO_32.8453701-17.0270358,59936.414762,19.587000000000003,0.48,W1
QSO_32.8453701-17.0270358,60143.24785199998,18.9,0.28,W1
QSO_32.8453701-17.0270358,55207.277524,18.447,,W2
QSO_32.8453701-17.0270358,55393.55863200001,18.598,,W2
QSO_32.8453701-17.0270358,55393.690725499975,18.335,,W2
QSO_32.8453701-17.0270358,55393.69083499998,19.003,,W2
QSO_32.8453701-17.0270358,55393.75690000002,18.862,,W2
QSO_32.8453701-17.0270358,55393.822928500034,18.971,,W2
QSO_32.8453701-17.0270358,55393.889103,18.653,,W2
QSO_32.8453701-17.0270358,55393.955131500006,18.853,,W2
QSO_32.8453701-17.0270358,55394.021305999966,18.911,,W2
QSO_32.8453701-17.0270358,55394.08737100001,18.945,,W2
QSO_32.8453701-17.0270358,55394.4179515,19.032,0.536,W2
QSO_32.8453701-17.0270358,55569.38614000002,,,W2
QSO_32.8453701-17.0270358,55569.452314499984,19.019,,W2
QSO_32.8453701-17.0270358,55569.71661100001,18.395,,W2
QSO_32.8453701-17.0270358,55569.98105349999,18.621,,W2
QSO_32.8453701-17.0270358,55570.11311050001,18.562,,W2
QSO_32.8453701-17.0270358,56669.98889950003,18.224,,W2
QSO_32.8453701-17.0270358,56855.805946499975,18.817,,W2
QSO_32.8453701-17.0270358,56856.06885599998,18.502,0.531,W2
QSO_32.8453701-17.0270358,56858.96140799997,18.315,,W2
QSO_32.8453701-17.0270358,57033.24255732477,18.517,,W2
QSO_32.8453701-17.0270358,57033.37388432896,18.202,,W2
QSO_32.8453701-17.0270358,57033.50521133314,18.684,0.54,W2
QSO_32.8453701-17.0270358,57220.25647018085,18.886,,W2
QSO_32.8453701-17.0270358,57220.45309568712,18.379,,W2
QSO_32.8453701-17.0270358,57584.79172802314,17.954,,W2
QSO_32.8453701-17.0270358,57585.11992023356,17.791,,W2
QSO_32.8453701-17.0270358,57585.18565383561,17.642,,W2
QSO_32.8453701-17.0270358,57752.528032727554,19.006,,W2
QSO_32.8453701-17.0270358,57949.4070935,18.411,,W2
QSO_32.8453701-17.0270358,58113.0467405,18.317,0.421,W2
QSO_32.8453701-17.0270358,58113.43918850003,18.133,,W2
QSO_32.8453701-17.0270358,58113.50459649996,18.327,,W2
QSO_32.8453701-17.0270358,58113.5047425,17.997,0.453,W2
QSO_32.8453701-17.0270358,58113.570004499976,18.094,,W2
QSO_32.8453701-17.0270358,58116.18668949997,17.752,,W2
QSO_32.8453701-17.0270358,58116.51369300003,17.729,0.463,W2
QSO_32.8453701-17.0270358,58316.02692700003,18.889,,W2
QSO_32.8453701-17.0270358,58476.25838649999,18.551,,W2
QSO_32.8453701-17.0270358,58476.78150450001,18.884,,W2
QSO_32.8453701-17.0270358,58477.23921450002,18.938,,W2
QSO_32.8453701-17.0270358,58840.97700800002,18.041,,W2
QSO_32.8453701-17.0270358,59205.56715520004,18.404,0.383,W2
QSO_32.8453701-17.0270358,59205.96027579998,18.037,,W2
QSO_32.8453701-17.0270358,59411.86333399997,18.025,,W2
QSO_32.8453701-17.0270358,59572.40383900001,18.443,,W2
QSO_32.8453701-17.0270358,59572.795630000015,18.219,,W2
QSO_32.8453701-17.0270358,59936.15440750003,18.226,,W2
QSO_32.8453701-17.0270358,59936.414762,18.289,,W2
QSO_32.8453701-17.0270358,60143.24785199998,18.165,,W2
QSO_32.9483604-16.9254505,55207.277524,18.799,0.245,W1
QSO_32.9483604-16.9254505,55393.55848599998,18.743,0.204,W1
QSO_32.9483604-16.9254505,55393.55863200001,19.343,,W1
QSO_32.9483604-16.9254505,55393.690725499975,19.223,,W1
QSO_32.9483604-16.9254505,55393.822928500034,19.735,0.5,W1
QSO_32.9483604-16.9254505,55393.889103,19.137,0.325,W1
QSO_32.9483604-16.9254505,55393.955131500006,18.918,0.268,W1
QSO_32.9483604-16.9254505,55394.021305999966,19.134,0.344,W1
QSO_32.9483604-16.9254505,55394.08737100001,18.64,0.29,W1
QSO_32.9483604-16.9254505,55394.4179515,19.31,,W1
QSO_32.9483604-16.9254505,55394.55004499997,19.424,0.458,W1
QSO_32.9483604-16.9254505,55394.55015449997,18.969,,W1
QSO_32.9483604-16.9254505,55394.68224800003,19.594,0.497,W1
QSO_32.9483604-16.9254505,55569.71661100001,18.97,0.286,W1
QSO_32.9483604-16.9254505,55569.914879000025,19.006,0.26,W1
QSO_32.9483604-16.9254505,55569.98105349999,19.391,0.51,W1
QSO_32.9483604-16.9254505,55570.11311050001,19.473,0.424,W1
QSO_32.9483604-16.9254505,56670.38412150001,18.659,0.23,W1
QSO_32.9483604-16.9254505,56855.805946499975,18.841,0.241,W1
QSO_32.9483604-16.9254505,56856.39753849996,18.676,0.264,W1
QSO_32.9483604-16.9254505,56858.82993499999,18.453,0.179,W1
QSO_32.9483604-16.9254505,56859.02718100002,18.755000000000003,0.257,W1
QSO_32.9483604-16.9254505,56859.421673,18.995,0.357,W1
QSO_32.9483604-16.9254505,57220.58427669128,19.048,,W1
QSO_32.9483604-16.9254505,57220.78086569752,19.37,0.432,W1
QSO_32.9483604-16.9254505,57221.17418970997,19.422,0.46,W1
QSO_32.9483604-16.9254505,57393.25920056634,19.270000000000003,0.413,W1
QSO_32.9483604-16.9254505,57393.58775877673,18.741,0.227,W1
QSO_32.9483604-16.9254505,57393.71918938088,19.159,0.311,W1
QSO_32.9483604-16.9254505,57584.72603102113,18.509,0.192,W1
QSO_32.9483604-16.9254505,57752.659207131655,18.832,0.295,W1
QSO_32.9483604-16.9254505,57752.987362742046,18.549,0.202,W1
QSO_32.9483604-16.9254505,57753.51245702748,18.863,0.271,W1
QSO_32.9483604-16.9254505,57753.64373971211,18.738,0.249,W1
QSO_32.9483604-16.9254505,57760.05907300003,18.699,0.238,W1
QSO_32.9483604-16.9254505,57949.4070935,18.984,0.307,W1
QSO_32.9483604-16.9254505,57949.60342699997,18.634,0.222,W1
QSO_32.9483604-16.9254505,57950.061392500014,19.347,0.398,W1
QSO_32.9483604-16.9254505,58113.43918850003,18.953000000000003,0.335,W1
QSO_32.9483604-16.9254505,58113.43933449998,19.383000000000003,0.383,W1
QSO_32.9483604-16.9254505,58113.57015050001,18.974,0.269,W1
QSO_32.9483604-16.9254505,58113.63555850003,19.069000000000003,0.302,W1
QSO_32.9483604-16.9254505,58116.3175055,18.73,0.277,W1
QSO_32.9483604-16.9254505,58116.57910099996,18.892000000000003,0.288,W1
QSO_32.9483604-16.9254505,58316.61545299999,18.887,0.329,W1
QSO_32.9483604-16.9254505,58476.97772849998,19.020000000000003,0.292,W1
QSO_32.9483604-16.9254505,58679.81746299996,18.998,0.297,W1
QSO_32.9483604-16.9254505,58841.238530500006,18.943,0.256,W1
QSO_32.9483604-16.9254505,59047.69159120001,19.106,0.33,W1
QSO_32.9483604-16.9254505,59205.56715520004,19.303,0.365,W1
QSO_32.9483604-16.9254505,59205.69818320003,19.003,0.397,W1
QSO_32.9483604-16.9254505,59205.82924779998,19.65,0.507,W1
QSO_32.9483604-16.9254505,59206.09134040002,19.154,0.368,W1
QSO_32.9483604-16.9254505,59208.64602039997,19.302,0.398,W1
QSO_32.9483604-16.9254505,59208.64613019997,18.338,0.304,W1
QSO_32.9483604-16.9254505,59412.3858315,18.879,0.469,W1
QSO_32.9483604-16.9254505,59572.5996615,18.686,0.202,W1
QSO_32.9483604-16.9254505,59572.795630000015,19.011000000000003,0.312,W1
QSO_32.9483604-16.9254505,59775.86965800004,18.755000000000003,0.257,W1
QSO_32.9483604-16.9254505,59936.47980499997,18.984,0.305,W1
QSO_32.9483604-16.9254505,60143.11820400004,18.625,0.235,W1
QSO_32.9483604-16.9254505,60303.067445500026,19.116,0.312,W1
QSO_32.9483604-16.9254505,60303.196472999975,18.942,0.29,W1
QSO_32.9483604-16.9254505,60303.64794150001,18.845,0.275,W1
QSO_32.9483604-16.9254505,55207.277524,18.445,,W2
QSO_32.9483604-16.9254505,55393.55848599998,18.404,,W2
QSO_32.9483604-16.9254505,55393.55863200001,18.273,0.288,W2
QSO_32.9483604-16.9254505,55393.690725499975,18.387,,W2
QSO_32.9483604-16.9254505,55393.822928500034,19.019,0.507,W2
QSO_32.9483604-16.9254505,55393.889103,18.854,0.469,W2
QSO_32.9483604-16.9254505,55393.955131500006,18.69,,W2
QSO_32.9483604-16.9254505,55394.021305999966,18.619,,W2
QSO_32.9483604-16.9254505,55394.08737100001,18.274,,W2
QSO_32.9483604-16.9254505,55394.4179515,18.931,0.539,W2
QSO_32.9483604-16.9254505,55394.55004499997,18.902,,W2
QSO_32.9483604-16.9254505,55394.55015449997,19.111,,W2
QSO_32.9483604-16.9254505,55394.68224800003,19.037,,W2
QSO_32.9483604-16.9254505,55569.71661100001,18.293,,W2
QSO_32.9483604-16.9254505,55569.914879000025,18.174,,W2
QSO_32.9483604-16.9254505,55569.98105349999,18.771,,W2
QSO_32.9483604-16.9254505,55570.11311050001,18.427,,W2
QSO_32.9483604-16.9254505,56670.38412150001,18.441,,W2
QSO_32.9483604-16.9254505,56855.805946499975,18.568,0.448,W2
QSO_32.9483604-16.9254505,56856.39753849996,18.38,0.494,W2
QSO_32.9483604-16.9254505,56858.82993499999,18.086,,W2
QSO_32.9483604-16.9254505,56859.02718100002,18.153,,W2
QSO_32.9483604-16.9254505,56859.421673,18.874,0.502,W2
QSO_32.9483604-16.9254505,57220.58427669128,18.402,,W2
QSO_32.9483604-16.9254505,57220.78086569752,18.235,,W2
QSO_32.9483604-16.9254505,57221.17418970997,18.64,0.459,W2
QSO_32.9483604-16.9254505,57393.25920056634,18.613,0.415,W2
QSO_32.9483604-16.9254505,57393.58775877673,17.954,,W2
QSO_32.9483604-16.9254505,57393.71918938088,18.8,0.495,W2
QSO_32.9483604-16.9254505,57584.72603102113,18.031,,W2
QSO_32.9483604-16.9254505,57752.659207131655,,,W2
QSO_32.9483604-16.9254505,57752.987362742046,18.943,,W2
QSO_32.9483604-16.9254505,57753.51245702748,18.743,,W2
QSO_32.9483604-16.9254505,57753.64373971211,18.204,,W2
QSO_32.9483604-16.9254505,57760.05907300003,18.318,,W2
QSO_32.9483604-16.9254505,57949.4070935,17.905,,W2
QSO_32.9483604-16.9254505,57949.60342699997,18.008,,W2
QSO_32.9483604-16.9254505,57950.061392500014,18.322,,W2
QSO_32.9483604-16.9254505,58113.43918850003,18.812,,W2
QSO_32.9483604-16.9254505,58113.43933449998,18.419,0.441,W2
QSO_32.9483604-16.9254505,58113.57015050001,17.998,,W2
QSO_32.9483604-16.9254505,58113.63555850003,18.124,,W2
QSO_32.9483604-16.9254505,58116.3175055,17.534,,W2
QSO_32.9483604-16.9254505,58116.57910099996,18.377,,W2
QSO_32.9483604-16.9254505,58316.61545299999,18.097,,W2
QSO_32.9483604-16.9254505,58476.97772849998,18.569,,W2
QSO_32.9483604-16.9254505,58679.81746299996,18.138,,W2
QSO_32.9483604-16.9254505,58841.238530500006,18.636,,W2
QSO_32.9483604-16.9254505,59047.69159120001,18.328,,W2
QSO_32.9483604-16.9254505,59205.56715520004,18.181,,W2
QSO_32.9483604-16.9254505,59205.69818320003,18.424,,W2
QSO_32.9483604-16.9254505,59205.82924779998,18.419,0.473,W2
QSO_32.9483604-16.9254505,59206.09134040002,17.935,,W2
QSO_32.9483604-16.9254505,59208.64602039997,17.957,0.392,W2
QSO_32.9483604-16.9254505,59208.64613019997,18.37,,W2
QSO_32.9483604-16.9254505,59412.3858315,18.428,,W2
QSO_32.9483604-16.9254505,59572.5996615,18.55,,W2
QSO_32.9483604-16.9254505,59572.795630000015,18.299,,W2
QSO_32.9483604-16.9254505,59775.86965800004,18.14,,W2
QSO_32.9483604-16.9254505,59936.47980499997,18.564,0.477,W2
QSO_32.9483604-16.9254505,60143.11820400004,,,W2
QSO_32.9483604-16.9254505,60303.067445500026,17.963,0.441,W2
QSO_32.9483604-16.9254505,60303.196472999975,18.198,,W2
QSO_32.9483604-16.9254505,60303.64794150001,18.006999999999998,,W2
QSO_33.0640148-17.1460308,55207.277524,18.567,0.207,W1
QSO_33.0640148-17.1460308,55393.55863200001,19.518,0.435,W1
QSO_33.0640148-17.1460308,55393.69083499998,19.130000000000003,0.331,W1
QSO_33.0640148-17.1460308,55393.889103,18.877,0.24,W1
QSO_33.0640148-17.1460308,55393.95527750004,19.037,0.281,W1
QSO_33.0640148-17.1460308,55394.021305999966,19.508000000000003,0.428,W1
QSO_33.0640148-17.1460308,55394.08748050001,19.359,0.383,W1
QSO_33.0640148-17.1460308,55394.4179515,19.437,0.444,W1
QSO_33.0640148-17.1460308,55394.55015449997,19.450000000000003,0.511,W1
QSO_33.0640148-17.1460308,55394.68239399997,19.669,0.479,W1
QSO_33.0640148-17.1460308,55569.38614000002,18.897,0.267,W1
QSO_33.0640148-17.1460308,55569.71661100001,19.227,0.331,W1
QSO_33.0640148-17.1460308,55569.914879000025,19.142000000000003,,W1
QSO_33.0640148-17.1460308,55569.98090750004,19.214,0.329,W1
QSO_33.0640148-17.1460308,55570.11311050001,19.126,0.293,W1
QSO_33.0640148-17.1460308,56670.05481850004,18.377,0.17,W1
QSO_33.0640148-17.1460308,56670.12073749996,18.751,0.214,W1
QSO_33.0640148-17.1460308,56858.82993499999,19.081000000000003,0.314,W1
QSO_33.0640148-17.1460308,57033.24255732477,19.099,0.319,W1
QSO_33.0640148-17.1460308,57033.50521133314,18.802,0.267,W1
QSO_33.0640148-17.1460308,57220.71545769543,18.852,0.244,W1
QSO_33.0640148-17.1460308,57221.17433571,18.491,0.172,W1
QSO_33.0640148-17.1460308,57393.71904298084,19.35,0.369,W1
QSO_33.0640148-17.1460308,57752.92177553995,18.864,0.229,W1
QSO_33.0640148-17.1460308,57753.38113774316,18.633,0.219,W1
QSO_33.0640148-17.1460308,57950.061392500014,18.662,0.387,W1
QSO_33.0640148-17.1460308,58113.63541249999,19.346,0.419,W1
QSO_33.0640148-17.1460308,58116.44817550001,18.916,0.36,W1
QSO_33.0640148-17.1460308,58476.97758250003,18.907,0.266,W1
QSO_33.0640148-17.1460308,58477.04299049997,19.26,0.325,W1
QSO_33.0640148-17.1460308,58477.23921450002,18.918,0.263,W1
QSO_33.0640148-17.1460308,58680.66721950001,18.66,0.241,W1
QSO_33.0640148-17.1460308,58840.25792149999,18.476,0.236,W1
QSO_33.0640148-17.1460308,58841.238530500006,19.096,0.319,W1
QSO_33.0640148-17.1460308,59572.534399500015,19.267000000000003,,W1
QSO_33.0640148-17.1460308,59936.4146525,18.821,0.343,W1
QSO_33.0640148-17.1460308,59936.54495750004,19.593,0.432,W1
QSO_33.0640148-17.1460308,55207.277524,18.214,0.275,W2
QSO_33.0640148-17.1460308,55393.55863200001,18.764,0.473,W2
QSO_33.0640148-17.1460308,55393.69083499998,18.558,,W2
QSO_33.0640148-17.1460308,55393.889103,18.317,,W2
QSO_33.0640148-17.1460308,55393.95527750004,18.374,,W2
QSO_33.0640148-17.1460308,55394.021305999966,18.941,,W2
QSO_33.0640148-17.1460308,55394.08748050001,18.661,,W2
QSO_33.0640148-17.1460308,55394.4179515,18.43,,W2
QSO_33.0640148-17.1460308,55394.55015449997,18.146,0.337,W2
QSO_33.0640148-17.1460308,55394.68239399997,19.003,0.486,W2
QSO_33.0640148-17.1460308,55569.38614000002,18.273,,W2
QSO_33.0640148-17.1460308,55569.71661100001,18.911,,W2
QSO_33.0640148-17.1460308,55569.914879000025,18.715,,W2
QSO_33.0640148-17.1460308,55569.98090750004,18.814,0.46,W2
QSO_33.0640148-17.1460308,55570.11311050001,18.424,0.391,W2
QSO_33.0640148-17.1460308,56670.05481850004,18.299,,W2
QSO_33.0640148-17.1460308,56670.12073749996,18.09,,W2
QSO_33.0640148-17.1460308,56858.82993499999,18.587,,W2
QSO_33.0640148-17.1460308,57033.24255732477,18.138,,W2
QSO_33.0640148-17.1460308,57033.50521133314,17.99,,W2
QSO_33.0640148-17.1460308,57220.71545769543,18.616,0.529,W2
QSO_33.0640148-17.1460308,57221.17433571,18.495,,W2
QSO_33.0640148-17.1460308,57393.71904298084,18.54,,W2
QSO_33.0640148-17.1460308,57752.92177553995,18.099,,W2
QSO_33.0640148-17.1460308,57753.38113774316,18.642,,W2
QSO_33.0640148-17.1460308,57950.061392500014,18.605,,W2
QSO_33.0640148-17.1460308,58113.63541249999,18.329,,W2
QSO_33.0640148-17.1460308,58116.44817550001,17.922,,W2
QSO_33.0640148-17.1460308,58476.97758250003,17.647,,W2
QSO_33.0640148-17.1460308,58477.04299049997,18.461,0.348,W2
QSO_33.0640148-17.1460308,58477.23921450002,18.155,,W2
QSO_33.0640148-17.1460308,58680.66721950001,18.461,0.424,W2
QSO_33.0640148-17.1460308,58840.25792149999,18.378,,W2
QSO_33.0640148-17.1460308,58841.238530500006,18.206,,W2
QSO_33.0640148-17.1460308,59572.534399500015,18.197,0.306,W2
QSO_33.0640148-17.1460308,59936.4146525,18.53,,W2
QSO_33.0640148-17.1460308,59936.54495750004,18.581,0.412,W2
QSO_32.9501978-16.9355828,55207.277524,19.005000000000003,0.306,W1
QSO_32.9501978-16.9355828,55393.55848599998,19.067,0.278,W1
QSO_32.9501978-16.9355828,55393.55863200001,19.35,,W1
QSO_32.9501978-16.9355828,55393.690725499975,19.758000000000003,0.51,W1
QSO_32.9501978-16.9355828,55393.822928500034,19.365,0.378,W1
QSO_32.9501978-16.9355828,55393.889103,19.036,0.281,W1
QSO_32.9501978-16.9355828,55393.955131500006,19.143,,W1
QSO_32.9501978-16.9355828,55394.021305999966,18.931,0.254,W1
QSO_32.9501978-16.9355828,55394.08737100001,19.475,,W1
QSO_32.9501978-16.9355828,55394.4179515,18.763,0.208,W1
QSO_32.9501978-16.9355828,55394.55004499997,19.492,,W1
QSO_32.9501978-16.9355828,55394.55015449997,19.577,0.496,W1
QSO_32.9501978-16.9355828,55394.68224800003,18.745,0.215,W1
QSO_32.9501978-16.9355828,55569.71661100001,18.6,0.192,W1
QSO_32.9501978-16.9355828,55569.914879000025,18.851,0.233,W1
QSO_32.9501978-16.9355828,55569.98105349999,19.566000000000003,0.447,W1
QSO_32.9501978-16.9355828,55570.11311050001,18.709000000000003,0.202,W1
QSO_32.9501978-16.9355828,57033.24255732477,18.79,0.228,W1
QSO_32.9501978-16.9355828,57221.17433571,19.195,0.327,W1
QSO_32.9501978-16.9355828,57584.72603102113,18.6,0.196,W1
QSO_32.9501978-16.9355828,57752.92177553995,19.151000000000003,0.309,W1
QSO_32.9501978-16.9355828,57753.51245702748,19.066000000000003,0.288,W1
QSO_32.9501978-16.9355828,57753.64373971211,19.109,0.296,W1
QSO_32.9501978-16.9355828,57952.220330999975,19.004,0.288,W1
QSO_32.9501978-16.9355828,57952.80914899999,18.704,0.291,W1
QSO_32.9501978-16.9355828,58113.43933449998,18.671,0.191,W1
QSO_32.9501978-16.9355828,58113.5047425,19.026000000000003,0.308,W1
QSO_32.9501978-16.9355828,58116.64450899998,19.14,0.494,W1
QSO_32.9501978-16.9355828,58316.02692700003,19.489,0.484,W1
QSO_32.9501978-16.9355828,58476.97772849998,19.351,0.353,W1
QSO_32.9501978-16.9355828,58841.10782399998,19.009,0.268,W1
QSO_32.9501978-16.9355828,59572.20798000001,18.67,0.197,W1
QSO_32.9501978-16.9355828,59572.534399500015,18.851,0.289,W1
QSO_32.9501978-16.9355828,59937.0006235,18.916,0.244,W1
QSO_32.9501978-16.9355828,55207.277524,18.174,,W2
QSO_32.9501978-16.9355828,55393.55848599998,18.802,,W2
QSO_32.9501978-16.9355828,55393.55863200001,18.388,,W2
QSO_32.9501978-16.9355828,55393.690725499975,18.922,,W2
QSO_32.9501978-16.9355828,55393.822928500034,18.568,,W2
QSO_32.9501978-16.9355828,55393.889103,18.819,,W2
QSO_32.9501978-16.9355828,55393.955131500006,18.537,,W2
QSO_32.9501978-16.9355828,55394.021305999966,18.562,,W2
QSO_32.9501978-16.9355828,55394.08737100001,18.246,,W2
QSO_32.9501978-16.9355828,55394.4179515,18.669,,W2
QSO_32.9501978-16.9355828,55394.55004499997,18.413,,W2
QSO_32.9501978-16.9355828,55394.55015449997,18.752,,W2
QSO_32.9501978-16.9355828,55394.68224800003,18.491,,W2
QSO_32.9501978-16.9355828,55569.71661100001,18.553,,W2
QSO_32.9501978-16.9355828,55569.914879000025,18.608,,W2
QSO_32.9501978-16.9355828,55569.98105349999,18.643,,W2
QSO_32.9501978-16.9355828,55570.11311050001,18.494,,W2
QSO_32.9501978-16.9355828,57033.24255732477,18.115,,W2
QSO_32.9501978-16.9355828,57221.17433571,18.964,,W2
QSO_32.9501978-16.9355828,57584.72603102113,18.819,,W2
QSO_32.9501978-16.9355828,57752.92177553995,18.606,,W2
QSO_32.9501978-16.9355828,57753.51245702748,18.364,,W2
QSO_32.9501978-16.9355828,57753.64373971211,18.625,0.512,W2
QSO_32.9501978-16.9355828,57952.220330999975,18.535,0.537,W2
QSO_32.9501978-16.9355828,57952.80914899999,18.572,,W2
QSO_32.9501978-16.9355828,58113.43933449998,18.128,,W2
QSO_32.9501978-16.9355828,58113.5047425,18.743,,W2
QSO_32.9501978-16.9355828,58116.64450899998,18.355,,W2
QSO_32.9501978-16.9355828,58316.02692700003,18.58,,W2
QSO_32.9501978-16.9355828,58476.97772849998,18.871,,W2
QSO_32.9501978-16.9355828,58841.10782399998,18.514,,W2
QSO_32.9501978-16.9355828,59572.20798000001,18.264,,W2
QSO_32.9501978-16.9355828,59572.534399500015,18.047,,W2
QSO_32.9501978-16.9355828,59937.0006235,18.564,0.457,W2
QSO_32.9394522-16.9665619,55207.277524,19.339,,W1
QSO_32.9394522-16.9665619,55393.55863200001,19.26,0.337,W1
QSO_32.9394522-16.9665619,55393.690725499975,19.557,0.42,W1
QSO_32.9394522-16.9665619,55393.69083499998,19.381,,W1
QSO_32.9394522-16.9665619,55393.822928500034,19.15,,W1
QSO_32.9394522-16.9665619,55393.889103,19.43,0.416,W1
QSO_32.9394522-16.9665619,55393.955131500006,19.468,0.409,W1
QSO_32.9394522-16.9665619,55394.021305999966,19.431,0.416,W1
QSO_32.9394522-16.9665619,55394.08737100001,18.643,0.213,W1
QSO_32.9394522-16.9665619,55394.4179515,19.242,0.337,W1
QSO_32.9394522-16.9665619,55394.55004499997,18.974,,W1
QSO_32.9394522-16.9665619,55394.55015449997,18.926,0.269,W1
QSO_32.9394522-16.9665619,55569.71661100001,18.687,0.208,W1
QSO_32.9394522-16.9665619,55569.98105349999,19.238,,W1
QSO_32.9394522-16.9665619,55570.11311050001,18.997,0.296,W1
QSO_32.9394522-16.9665619,56670.05492800004,18.976,,W1
QSO_32.9394522-16.9665619,56670.51570399999,18.944000000000003,0.32,W1
QSO_32.9394522-16.9665619,56858.82993499999,18.886000000000003,0.271,W1
QSO_32.9394522-16.9665619,56859.55310950003,18.953000000000003,0.249,W1
QSO_32.9394522-16.9665619,57220.45309568712,18.594,0.377,W1
QSO_32.9394522-16.9665619,57220.58427669128,18.605,0.204,W1
QSO_32.9394522-16.9665619,57220.78086569752,19.009,0.283,W1
QSO_32.9394522-16.9665619,57584.72603102113,19.49,0.438,W1
QSO_32.9394522-16.9665619,57753.64373971211,19.164,0.378,W1
QSO_32.9394522-16.9665619,57952.35114700001,19.048,0.399,W1
QSO_32.9394522-16.9665619,58113.17755650004,18.719,0.432,W1
QSO_32.9394522-16.9665619,58113.50459649996,18.988,0.371,W1
QSO_32.9394522-16.9665619,58114.027970000025,18.986,,W1
QSO_32.9394522-16.9665619,58116.05572749999,18.163,0.343,W1
QSO_32.9394522-16.9665619,58116.18668949997,18.965,0.293,W1
QSO_32.9394522-16.9665619,58116.51369300003,19.067,0.339,W1
QSO_32.9394522-16.9665619,58116.64450899998,18.75,0.287,W1
QSO_32.9394522-16.9665619,58476.25838649999,18.784,0.284,W1
QSO_32.9394522-16.9665619,58840.7151205,19.064,0.283,W1
QSO_32.9394522-16.9665619,59048.01912460003,19.05,0.461,W1
QSO_32.9394522-16.9665619,59205.82924779998,19.113,0.338,W1
QSO_32.9394522-16.9665619,59206.09134040002,18.82,0.246,W1
QSO_32.9394522-16.9665619,59776.195530000026,18.322,0.283,W1
QSO_32.9394522-16.9665619,59936.349609500016,18.93,0.263,W1
QSO_32.9394522-16.9665619,60303.19632700003,18.68,0.25,W1
QSO_32.9394522-16.9665619,60507.512449,18.289,0.297,W1
QSO_32.9394522-16.9665619,55207.277524,18.774,,W2
QSO_32.9394522-16.9665619,55393.55863200001,18.589,,W2
QSO_32.9394522-16.9665619,55393.690725499975,18.714,,W2
QSO_32.9394522-16.9665619,55393.69083499998,18.791,0.529,W2
QSO_32.9394522-16.9665619,55393.822928500034,18.789,,W2
QSO_32.9394522-16.9665619,55393.889103,18.361,,W2
QSO_32.9394522-16.9665619,55393.955131500006,18.311,,W2
QSO_32.9394522-16.9665619,55394.021305999966,18.973,,W2
QSO_32.9394522-16.9665619,55394.08737100001,19.026,,W2
QSO_32.9394522-16.9665619,55394.4179515,18.834,,W2
QSO_32.9394522-16.9665619,55394.55004499997,18.942,,W2
QSO_32.9394522-16.9665619,55394.55015449997,18.273,,W2
QSO_32.9394522-16.9665619,55569.71661100001,19.008,,W2
QSO_32.9394522-16.9665619,55569.98105349999,18.449,,W2
QSO_32.9394522-16.9665619,55570.11311050001,18.814,,W2
QSO_32.9394522-16.9665619,56670.05492800004,18.229,0.395,W2
QSO_32.9394522-16.9665619,56670.51570399999,18.467,,W2
QSO_32.9394522-16.9665619,56858.82993499999,18.074,,W2
QSO_32.9394522-16.9665619,56859.55310950003,18.472,,W2
QSO_32.9394522-16.9665619,57220.45309568712,18.943,,W2
QSO_32.9394522-16.9665619,57220.58427669128,18.27,,W2
QSO_32.9394522-16.9665619,57220.78086569752,18.639,,W2
QSO_32.9394522-16.9665619,57584.72603102113,18.608,,W2
QSO_32.9394522-16.9665619,57753.64373971211,18.763,,W2
QSO_32.9394522-16.9665619,57952.35114700001,18.714,,W2
QSO_32.9394522-16.9665619,58113.17755650004,18.592,,W2
QSO_32.9394522-16.9665619,58113.50459649996,18.751,,W2
QSO_32.9394522-16.9665619,58114.027970000025,18.152,,W2
QSO_32.9394522-16.9665619,58116.05572749999,17.737,,W2
QSO_32.9394522-16.9665619,58116.18668949997,17.94,,W2
QSO_32.9394522-16.9665619,58116.51369300003,18.424,,W2
QSO_32.9394522-16.9665619,58116.64450899998,17.95,,W2
QSO_32.9394522-16.9665619,58476.25838649999,18.622,,W2
QSO_32.9394522-16.9665619,58840.7151205,18.906,,W2
QSO_32.9394522-16.9665619,59048.01912460003,17.573,,W2
QSO_32.9394522-16.9665619,59205.82924779998,18.427,,W2
QSO_32.9394522-16.9665619,59206.09134040002,18.173,,W2
QSO_32.9394522-16.9665619,59776.195530000026,17.779,,W2
QSO_32.9394522-16.9665619,59936.349609500016,18.939,,W2
QSO_32.9394522-16.9665619,60303.19632700003,18.35,,W2
QSO_32.9394522-16.9665619,60507.512449,17.878,,W2
QSO_33.0241274-17.0952638,55207.277524,19.195,0.374,W1
QSO_33.0241274-17.0952638,55393.55863200001,18.553,0.183,W1
QSO_33.0241274-17.0952638,55393.69083499998,19.270000000000003,0.395,W1
QSO_33.0241274-17.0952638,55393.889103,18.899,,W1
QSO_33.0241274-17.0952638,55393.95527750004,19.204,0.365,W1
QSO_33.0241274-17.0952638,55394.021305999966,19.583,0.517,W1
QSO_33.0241274-17.0952638,55394.08737100001,19.005000000000003,,W1
QSO_33.0241274-17.0952638,55394.08748050001,19.25,,W1
QSO_33.0241274-17.0952638,55394.4179515,19.246,0.379,W1
QSO_33.0241274-17.0952638,55394.55015449997,19.532,0.477,W1
QSO_33.0241274-17.0952638,55394.68239399997,19.255000000000003,,W1
QSO_33.0241274-17.0952638,55569.38614000002,18.946,,W1
QSO_33.0241274-17.0952638,55569.71661100001,18.899,0.316,W1
QSO_33.0241274-17.0952638,55569.914879000025,19.138,,W1
QSO_33.0241274-17.0952638,55569.98090750004,19.199,0.359,W1
QSO_33.0241274-17.0952638,55570.11311050001,19.299,0.418,W1
QSO_33.0241274-17.0952638,56670.05481850004,18.958,0.394,W1
QSO_33.0241274-17.0952638,56670.31823900003,18.55,0.199,W1
QSO_33.0241274-17.0952638,56856.06885599998,19.01,0.43,W1
QSO_33.0241274-17.0952638,56856.39753849996,18.973,0.379,W1
QSO_33.0241274-17.0952638,56859.55310950003,19.136000000000003,0.489,W1
QSO_33.0241274-17.0952638,57033.50521133314,19.091,0.352,W1
QSO_33.0241274-17.0952638,57220.58427669128,19.105,0.472,W1
QSO_33.0241274-17.0952638,57392.86501855383,18.707,0.288,W1
QSO_33.0241274-17.0952638,57393.25920056634,18.531,0.191,W1
QSO_33.0241274-17.0952638,57393.58775877673,19.533,0.441,W1
QSO_33.0241274-17.0952638,57584.988636029375,18.364,0.184,W1
QSO_33.0241274-17.0952638,57585.05433303147,18.798,,W1
QSO_33.0241274-17.0952638,57585.11992023356,18.552,0.205,W1
QSO_33.0241274-17.0952638,57753.51245702748,18.637,0.203,W1
QSO_33.0241274-17.0952638,57949.0800535,19.316000000000003,0.46,W1
QSO_33.0241274-17.0952638,57949.60342699997,18.522,0.189,W1
QSO_33.0241274-17.0952638,57952.67833299996,18.935,0.276,W1
QSO_33.0241274-17.0952638,58113.70096649997,19.076,0.496,W1
QSO_33.0241274-17.0952638,58116.44817550001,18.542,0.282,W1
QSO_33.0241274-17.0952638,58116.57910099996,18.551,0.239,W1
QSO_33.0241274-17.0952638,58476.97758250003,18.808,0.229,W1
QSO_33.0241274-17.0952638,58477.36992099997,19.12,0.358,W1
QSO_33.0241274-17.0952638,58680.66721950001,18.646,0.343,W1
QSO_33.0241274-17.0952638,58840.71501099999,18.436,0.175,W1
QSO_33.0241274-17.0952638,58840.7151205,19.265,0.321,W1
QSO_33.0241274-17.0952638,58841.10771449997,19.063,0.279,W1
QSO_33.0241274-17.0952638,59047.69159120001,19.108,0.295,W1
QSO_33.0241274-17.0952638,59047.82265579996,19.211,0.334,W1
QSO_33.0241274-17.0952638,59205.63259600002,19.074,0.311,W1
QSO_33.0241274-17.0952638,59205.69807340003,19.049,0.325,W1
QSO_33.0241274-17.0952638,59205.69818320003,18.736,0.237,W1
QSO_33.0241274-17.0952638,59205.82924779998,19.338,0.403,W1
QSO_33.0241274-17.0952638,59412.19000900002,18.575,0.18,W1
QSO_33.0241274-17.0952638,59572.2078705,18.797,0.273,W1
QSO_33.0241274-17.0952638,59572.20798000001,19.032,0.344,W1
QSO_33.0241274-17.0952638,59572.3385405,18.698,0.256,W1
QSO_33.0241274-17.0952638,59572.534399500015,18.595,0.201,W1
QSO_33.0241274-17.0952638,59572.730222,18.743,0.272,W1
QSO_33.0241274-17.0952638,59775.86965800004,18.67,0.206,W1
QSO_33.0241274-17.0952638,59775.999963,18.617,0.274,W1
QSO_33.0241274-17.0952638,59936.54495750004,18.521,0.209,W1
QSO_33.0241274-17.0952638,59944.420124500015,18.892000000000003,0.323,W1
QSO_33.0241274-17.0952638,60302.938381499975,18.968,0.277,W1
QSO_33.0241274-17.0952638,60303.19632700003,18.486,0.273,W1
QSO_33.0241274-17.0952638,60303.26085900001,18.715,0.23,W1
QSO_33.0241274-17.0952638,60303.64794150001,19.041,0.327,W1
QSO_33.0241274-17.0952638,60507.512449,18.579,0.279,W1
QSO_33.0241274-17.0952638,55207.277524,18.499,,W2
QSO_33.0241274-17.0952638,55393.55863200001,18.466,,W2
QSO_33.0241274-17.0952638,55393.69083499998,18.964,,W2
QSO_33.0241274-17.0952638,55393.889103,18.305,,W2
QSO_33.0241274-17.0952638,55393.95527750004,18.667,,W2
QSO_33.0241274-17.0952638,55394.021305999966,18.413,,W2
QSO_33.0241274-17.0952638,55394.08737100001,18.738,,W2
QSO_33.0241274-17.0952638,55394.08748050001,18.794,,W2
QSO_33.0241274-17.0952638,55394.4179515,18.283,,W2
QSO_33.0241274-17.0952638,55394.55015449997,18.438,,W2
QSO_33.0241274-17.0952638,55394.68239399997,18.472,,W2
QSO_33.0241274-17.0952638,55569.38614000002,18.543,,W2
QSO_33.0241274-17.0952638,55569.71661100001,18.372,,W2
QSO_33.0241274-17.0952638,55569.914879000025,18.427,,W2
QSO_33.0241274-17.0952638,55569.98090750004,18.852,0.491,W2
QSO_33.0241274-17.0952638,55570.11311050001,18.839,0.522,W2
QSO_33.0241274-17.0952638,56670.05481850004,18.822,,W2
QSO_33.0241274-17.0952638,56670.31823900003,18.699,0.492,W2
QSO_33.0241274-17.0952638,56856.06885599998,18.785,,W2
QSO_33.0241274-17.0952638,56856.39753849996,18.338,,W2
QSO_33.0241274-17.0952638,56859.55310950003,18.565,0.409,W2
QSO_33.0241274-17.0952638,57033.50521133314,17.8,,W2
QSO_33.0241274-17.0952638,57220.58427669128,18.729,0.48,W2
QSO_33.0241274-17.0952638,57392.86501855383,18.772,,W2
QSO_33.0241274-17.0952638,57393.25920056634,18.645,0.48,W2
QSO_33.0241274-17.0952638,57393.58775877673,18.378,0.496,W2
QSO_33.0241274-17.0952638,57584.988636029375,18.528,,W2
QSO_33.0241274-17.0952638,57585.05433303147,18.029,,W2
QSO_33.0241274-17.0952638,57585.11992023356,18.61,,W2
QSO_33.0241274-17.0952638,57753.51245702748,18.788,,W2
QSO_33.0241274-17.0952638,57949.0800535,17.989,0.401,W2
QSO_33.0241274-17.0952638,57949.60342699997,18.486,,W2
QSO_33.0241274-17.0952638,57952.67833299996,18.403,,W2
QSO_33.0241274-17.0952638,58113.70096649997,18.247,,W2
QSO_33.0241274-17.0952638,58116.44817550001,18.003,,W2
QSO_33.0241274-17.0952638,58116.57910099996,17.9,,W2
QSO_33.0241274-17.0952638,58476.97758250003,18.047,,W2
QSO_33.0241274-17.0952638,58477.36992099997,18.333,,W2
QSO_33.0241274-17.0952638,58680.66721950001,18.113,,W2
QSO_33.0241274-17.0952638,58840.71501099999,18.732,,W2
QSO_33.0241274-17.0952638,58840.7151205,18.636,,W2
QSO_33.0241274-17.0952638,58841.10771449997,18.415,,W2
QSO_33.0241274-17.0952638,59047.69159120001,17.586,,W2
QSO_33.0241274-17.0952638,59047.82265579996,18.526,,W2
QSO_33.0241274-17.0952638,59205.63259600002,18.277,,W2
QSO_33.0241274-17.0952638,59205.69807340003,18.495,0.51,W2
QSO_33.0241274-17.0952638,59205.69818320003,18.601,,W2
QSO_33.0241274-17.0952638,59205.82924779998,18.31,0.443,W2
QSO_33.0241274-17.0952638,59412.19000900002,18.365,,W2
QSO_33.0241274-17.0952638,59572.2078705,18.283,,W2
QSO_33.0241274-17.0952638,59572.20798000001,18.567,,W2
QSO_33.0241274-17.0952638,59572.3385405,18.513,,W2
QSO_33.0241274-17.0952638,59572.534399500015,18.676,,W2
QSO_33.0241274-17.0952638,59572.730222,18.51,0.431,W2
QSO_33.0241274-17.0952638,59775.86965800004,18.115,,W2
QSO_33.0241274-17.0952638,59775.999963,18.017,,W2
QSO_33.0241274-17.0952638,59936.54495750004,17.932,,W2
QSO_33.0241274-17.0952638,59944.420124500015,18.325,,W2
QSO_33.0241274-17.0952638,60302.938381499975,18.247,,W2
QSO_33.0241274-17.0952638,60303.19632700003,18.398,,W2
QSO_33.0241274-17.0952638,60303.26085900001,17.956,,W2
QSO_33.0241274-17.0952638,60303.64794150001,18.001,,W2
QSO_33.0241274-17.0952638,60507.512449,17.672,,W2
QSO_33.0776856-17.1602687,55207.27741449999,18.98,0.287,W1
QSO_33.0776856-17.1602687,55207.277524,19.519,0.454,W1
QSO_33.0776856-17.1602687,55208.26933850002,18.654,0.213,W1
QSO_33.0776856-17.1602687,55393.55863200001,19.09,,W1
QSO_33.0776856-17.1602687,55393.69083499998,18.836,0.24,W1
QSO_33.0776856-17.1602687,55393.889103,19.066000000000003,0.277,W1
QSO_33.0776856-17.1602687,55393.95527750004,19.183,0.336,W1
QSO_33.0776856-17.1602687,55394.021305999966,19.419,0.424,W1
QSO_33.0776856-17.1602687,55394.08748050001,19.436,0.383,W1
QSO_33.0776856-17.1602687,55394.4179515,19.442,0.398,W1
QSO_33.0776856-17.1602687,55394.55015449997,19.321,,W1
QSO_33.0776856-17.1602687,55394.68239399997,19.069000000000003,0.282,W1
QSO_33.0776856-17.1602687,55569.38614000002,18.699,0.243,W1
QSO_33.0776856-17.1602687,55569.71661100001,19.107,,W1
QSO_33.0776856-17.1602687,55569.914879000025,18.811,0.231,W1
QSO_33.0776856-17.1602687,55569.98090750004,19.099,0.304,W1
QSO_33.0776856-17.1602687,55570.11311050001,19.078000000000003,,W1
QSO_33.0776856-17.1602687,56670.05481850004,18.543,0.299,W1
QSO_33.0776856-17.1602687,56855.805946499975,18.921,0.264,W1
QSO_33.0776856-17.1602687,57033.24255732477,19.259,0.368,W1
QSO_33.0776856-17.1602687,57033.50521133314,19.217,0.333,W1
QSO_33.0776856-17.1602687,57033.83352884349,18.697,0.217,W1
QSO_33.0776856-17.1602687,57393.85047358498,18.746,0.22,W1
QSO_33.0776856-17.1602687,57752.659207131655,18.815,0.251,W1
QSO_33.0776856-17.1602687,57752.92177553995,19.059,0.271,W1
QSO_33.0776856-17.1602687,57753.64373971211,18.781,0.23,W1
QSO_33.0776856-17.1602687,57760.058927,19.124,0.324,W1
QSO_33.0776856-17.1602687,57948.94923749996,18.237,0.308,W1
QSO_33.0776856-17.1602687,57949.60342699997,18.547,0.321,W1
QSO_33.0776856-17.1602687,58113.43918850003,18.962000000000003,0.272,W1
QSO_33.0776856-17.1602687,58113.50459649996,18.700000000000003,0.205,W1
QSO_33.0776856-17.1602687,58113.570004499976,18.797,0.226,W1
QSO_33.0776856-17.1602687,58113.76622850003,18.738,0.241,W1
QSO_33.0776856-17.1602687,58116.05572749999,19.073,,W1
QSO_33.0776856-17.1602687,58116.18654350002,18.799,0.38,W1
QSO_33.0776856-17.1602687,58116.57899149996,18.691000000000003,0.234,W1
QSO_33.0776856-17.1602687,58116.64450899998,18.703000000000003,0.394,W1
QSO_33.0776856-17.1602687,58477.04299049997,19.103,0.307,W1
QSO_33.0776856-17.1602687,58477.10839849999,18.693,0.246,W1
QSO_33.0776856-17.1602687,58840.25792149999,18.729,0.217,W1
QSO_33.0776856-17.1602687,58840.84633800002,18.715,0.209,W1
QSO_33.0776856-17.1602687,58840.97700800002,18.583,0.219,W1
QSO_33.0776856-17.1602687,58841.238530500006,18.934,0.272,W1
QSO_33.0776856-17.1602687,59205.96016599998,18.501,0.208,W1
QSO_33.0776856-17.1602687,59572.07731,18.8,0.224,W1
QSO_33.0776856-17.1602687,59572.3385405,19.678,0.459,W1
QSO_33.0776856-17.1602687,59572.730222,18.409,0.164,W1
QSO_33.0776856-17.1602687,59775.86965800004,18.721,0.297,W1
QSO_33.0776856-17.1602687,59775.93481050002,19.112,0.329,W1
QSO_33.0776856-17.1602687,59775.999963,19.008000000000003,0.377,W1
QSO_33.0776856-17.1602687,59776.45628599999,18.770000000000003,0.314,W1
QSO_33.0776856-17.1602687,59936.15429800002,19.167,0.374,W1
QSO_33.0776856-17.1602687,59936.4146525,19.042,0.326,W1
QSO_33.0776856-17.1602687,59936.47980499997,18.538,0.181,W1
QSO_33.0776856-17.1602687,59936.54495750004,18.778,0.229,W1
QSO_33.0776856-17.1602687,59944.420124500015,18.759,0.377,W1
QSO_33.0776856-17.1602687,60142.923878,19.043,0.353,W1
QSO_33.0776856-17.1602687,60303.26085900001,18.408,0.298,W1
QSO_33.0776856-17.1602687,55207.27741449999,18.757,,W2
QSO_33.0776856-17.1602687,55207.277524,18.274,,W2
QSO_33.0776856-17.1602687,55208.26933850002,18.607,,W2
QSO_33.0776856-17.1602687,55393.55863200001,18.414,,W2
QSO_33.0776856-17.1602687,55393.69083499998,18.516,,W2
QSO_33.0776856-17.1602687,55393.889103,18.579,,W2
QSO_33.0776856-17.1602687,55393.95527750004,18.258,,W2
QSO_33.0776856-17.1602687,55394.021305999966,18.743,,W2
QSO_33.0776856-17.1602687,55394.08748050001,18.787,,W2
QSO_33.0776856-17.1602687,55394.4179515,19.011,,W2
QSO_33.0776856-17.1602687,55394.55015449997,18.924,,W2
QSO_33.0776856-17.1602687,55394.68239399997,18.762,,W2
QSO_33.0776856-17.1602687,55569.38614000002,18.5,,W2
QSO_33.0776856-17.1602687,55569.71661100001,18.572,,W2
QSO_33.0776856-17.1602687,55569.914879000025,18.977,0.54,W2
QSO_33.0776856-17.1602687,55569.98090750004,18.584,,W2
QSO_33.0776856-17.1602687,55570.11311050001,18.95,,W2
QSO_33.0776856-17.1602687,56670.05481850004,18.048,,W2
QSO_33.0776856-17.1602687,56855.805946499975,17.692999999999998,,W2
QSO_33.0776856-17.1602687,57033.24255732477,18.61,0.476,W2
QSO_33.0776856-17.1602687,57033.50521133314,18.165,,W2
QSO_33.0776856-17.1602687,57033.83352884349,18.071,,W2
QSO_33.0776856-17.1602687,57393.85047358498,18.322,,W2
QSO_33.0776856-17.1602687,57752.659207131655,18.757,,W2
QSO_33.0776856-17.1602687,57752.92177553995,18.685,,W2
QSO_33.0776856-17.1602687,57753.64373971211,18.908,,W2
QSO_33.0776856-17.1602687,57760.058927,18.367,,W2
QSO_33.0776856-17.1602687,57948.94923749996,18.385,0.449,W2
QSO_33.0776856-17.1602687,57949.60342699997,18.444,,W2
QSO_33.0776856-17.1602687,58113.43918850003,18.327,,W2
QSO_33.0776856-17.1602687,58113.50459649996,17.942,,W2
QSO_33.0776856-17.1602687,58113.570004499976,18.253,,W2
QSO_33.0776856-17.1602687,58113.76622850003,18.654,,W2
QSO_33.0776856-17.1602687,58116.05572749999,17.836,0.51,W2
QSO_33.0776856-17.1602687,58116.18654350002,17.965,,W2
QSO_33.0776856-17.1602687,58116.57899149996,17.931,,W2
QSO_33.0776856-17.1602687,58116.64450899998,17.457,,W2
QSO_33.0776856-17.1602687,58477.04299049997,18.366,,W2
QSO_33.0776856-17.1602687,58477.10839849999,18.512,,W2
QSO_33.0776856-17.1602687,58840.25792149999,18.492,,W2
QSO_33.0776856-17.1602687,58840.84633800002,18.799,,W2
QSO_33.0776856-17.1602687,58840.97700800002,18.495,,W2
QSO_33.0776856-17.1602687,58841.238530500006,17.858,,W2
QSO_33.0776856-17.1602687,59205.96016599998,18.788,,W2
QSO_33.0776856-17.1602687,59572.07731,18.043,,W2
QSO_33.0776856-17.1602687,59572.3385405,18.339,,W2
QSO_33.0776856-17.1602687,59572.730222,18.177,,W2
QSO_33.0776856-17.1602687,59775.86965800004,17.608999999999998,,W2
QSO_33.0776856-17.1602687,59775.93481050002,17.948,,W2
QSO_33.0776856-17.1602687,59775.999963,18.189,,W2
QSO_33.0776856-17.1602687,59776.45628599999,18.409,,W2
QSO_33.0776856-17.1602687,59936.15429800002,18.688,,W2
QSO_33.0776856-17.1602687,59936.4146525,19.034,,W2
QSO_33.0776856-17.1602687,59936.47980499997,18.032,,W2
QSO_33.0776856-17.1602687,59936.54495750004,18.232,,W2
QSO_33.0776856-17.1602687,59944.420124500015,18.3,,W2
QSO_33.0776856-17.1602687,60142.923878,17.797,,W2
QSO_33.0776856-17.1602687,60303.26085900001,18.792,,W2
QSO_32.7468122-17.1501416,55207.277524,18.907,0.247,W1
QSO_32.7468122-17.1501416,55207.34358900003,18.913,0.261,W1
QSO_32.7468122-17.1501416,55393.55863200001,19.037,,W1
QSO_32.7468122-17.1501416,55393.62466050002,18.476,0.181,W1
QSO_32.7468122-17.1501416,55393.69083499998,19.367,0.377,W1
QSO_32.7468122-17.1501416,55393.75690000002,19.129,0.33,W1
QSO_32.7468122-17.1501416,55393.889103,19.199,0.341,W1
QSO_32.7468122-17.1501416,55393.955131500006,18.939,0.276,W1
QSO_32.7468122-17.1501416,55393.95527750004,19.606,0.454,W1
QSO_32.7468122-17.1501416,55394.021305999966,19.347,0.368,W1
QSO_32.7468122-17.1501416,55568.989640500025,19.517000000000003,0.494,W1
QSO_32.7468122-17.1501416,55569.32011150001,19.752,0.517,W1
QSO_32.7468122-17.1501416,55569.38614000002,19.075000000000003,0.298,W1
QSO_32.7468122-17.1501416,55569.452314499984,19.205,0.33,W1
QSO_32.7468122-17.1501416,55569.71661100001,18.843,0.251,W1
QSO_32.7468122-17.1501416,55569.98090750004,19.238,0.36,W1
QSO_32.7468122-17.1501416,56670.05481850004,19.059,0.355,W1
QSO_32.7468122-17.1501416,56670.05492800004,18.651,0.285,W1
QSO_32.7468122-17.1501416,56855.805946499975,18.349,0.205,W1
QSO_32.7468122-17.1501416,56859.02718100002,19.103,0.428,W1
QSO_32.7468122-17.1501416,57033.3082208269,18.672,0.21,W1
QSO_32.7468122-17.1501416,57033.37388432896,18.701,0.26,W1
QSO_32.7468122-17.1501416,57033.50521133314,18.863,0.245,W1
QSO_32.7468122-17.1501416,57220.78086569752,19.014000000000003,0.396,W1
QSO_32.7468122-17.1501416,57393.19346696421,19.135,0.371,W1
QSO_32.7468122-17.1501416,57584.72603102113,18.502,0.219,W1
QSO_32.7468122-17.1501416,57584.79172802314,18.773000000000003,0.235,W1
QSO_32.7468122-17.1501416,57585.05433303147,18.883000000000003,0.292,W1
QSO_32.7468122-17.1501416,57752.72490413376,18.942,0.249,W1
QSO_32.7468122-17.1501416,57949.4070935,18.974,0.434,W1
QSO_32.7468122-17.1501416,57952.41670099997,18.923,0.319,W1
QSO_32.7468122-17.1501416,58113.37378050001,18.439,0.247,W1
QSO_32.7468122-17.1501416,58113.43918850003,18.872,0.249,W1
QSO_32.7468122-17.1501416,58113.63541249999,18.961,0.352,W1
QSO_32.7468122-17.1501416,58113.63555850003,18.415,,W1
QSO_32.7468122-17.1501416,58113.76637449998,19.063,0.281,W1
QSO_32.7468122-17.1501416,58115.7940955,18.369,0.236,W1
QSO_32.7468122-17.1501416,58116.05572749999,19.149,0.381,W1
QSO_32.7468122-17.1501416,58116.64450899998,19.364,0.448,W1
QSO_32.7468122-17.1501416,58476.25838649999,19.256,0.458,W1
QSO_32.7468122-17.1501416,58476.97758250003,18.985,0.331,W1
QSO_32.7468122-17.1501416,58679.81746299996,19.052,0.327,W1
QSO_32.7468122-17.1501416,58679.94813299997,18.821,0.34,W1
QSO_32.7468122-17.1501416,58840.7151205,18.767000000000003,0.217,W1
QSO_32.7468122-17.1501416,58840.84633800002,18.477,0.186,W1
QSO_32.7468122-17.1501416,58841.10771449997,18.838,0.231,W1
QSO_32.7468122-17.1501416,59204.97738280003,18.509,0.225,W1
QSO_32.7468122-17.1501416,59205.82924779998,18.782,0.345,W1
QSO_32.7468122-17.1501416,59207.85985239996,18.697,0.347,W1
QSO_32.7468122-17.1501416,59411.79807199998,18.751,0.289,W1
QSO_32.7468122-17.1501416,59571.816189000005,19.071,0.275,W1
QSO_32.7468122-17.1501416,59572.07731,18.966,0.456,W1
QSO_32.7468122-17.1501416,59572.27327850002,19.015,0.296,W1
QSO_32.7468122-17.1501416,59572.3385405,19.037,0.346,W1
QSO_32.7468122-17.1501416,59775.80435950003,19.005000000000003,0.351,W1
QSO_32.7468122-17.1501416,59776.06511549998,18.887,0.289,W1
QSO_32.7468122-17.1501416,59936.414762,19.011000000000003,0.321,W1
QSO_32.7468122-17.1501416,60302.873886000016,18.235,0.188,W1
QSO_32.7468122-17.1501416,60302.938381499975,19.107,0.4,W1
QSO_32.7468122-17.1501416,55207.277524,18.903,,W2
QSO_32.7468122-17.1501416,55207.34358900003,18.395,,W2
QSO_32.7468122-17.1501416,55393.55863200001,18.935,,W2
QSO_32.7468122-17.1501416,55393.62466050002,18.57,,W2
QSO_32.7468122-17.1501416,55393.69083499998,18.662,,W2
QSO_32.7468122-17.1501416,55393.75690000002,18.58,,W2
QSO_32.7468122-17.1501416,55393.889103,18.504,,W2
QSO_32.7468122-17.1501416,55393.955131500006,18.628,,W2
QSO_32.7468122-17.1501416,55393.95527750004,18.386,,W2
QSO_32.7468122-17.1501416,55394.021305999966,19.021,,W2
QSO_32.7468122-17.1501416,55568.989640500025,18.76,,W2
QSO_32.7468122-17.1501416,55569.32011150001,18.259,,W2
QSO_32.7468122-17.1501416,55569.38614000002,19.021,,W2
QSO_32.7468122-17.1501416,55569.452314499984,18.922,,W2
QSO_32.7468122-17.1501416,55569.71661100001,18.208,,W2
QSO_32.7468122-17.1501416,55569.98090750004,18.251,,W2
QSO_32.7468122-17.1501416,56670.05481850004,18.241,,W2
QSO_32.7468122-17.1501416,56670.05492800004,18.608,0.488,W2
QSO_32.7468122-17.1501416,56855.805946499975,18.119,,W2
QSO_32.7468122-17.1501416,56859.02718100002,18.508,0.483,W2
QSO_32.7468122-17.1501416,57033.3082208269,18.712,,W2
QSO_32.7468122-17.1501416,57033.37388432896,18.119,0.378,W2
QSO_32.7468122-17.1501416,57033.50521133314,18.22,,W2
QSO_32.7468122-17.1501416,57220.78086569752,18.517,,W2
QSO_32.7468122-17.1501416,57393.19346696421,18.396,,W2
QSO_32.7468122-17.1501416,57584.72603102113,18.47,0.435,W2
QSO_32.7468122-17.1501416,57584.79172802314,18.566,0.466,W2
QSO_32.7468122-17.1501416,57585.05433303147,18.786,0.51,W2
QSO_32.7468122-17.1501416,57752.72490413376,18.586,,W2
QSO_32.7468122-17.1501416,57949.4070935,17.913999999999998,,W2
QSO_32.7468122-17.1501416,57952.41670099997,18.18,0.389,W2
QSO_32.7468122-17.1501416,58113.37378050001,18.418,,W2
QSO_32.7468122-17.1501416,58113.43918850003,18.415,,W2
QSO_32.7468122-17.1501416,58113.63541249999,18.243,,W2
QSO_32.7468122-17.1501416,58113.63555850003,18.345,0.477,W2
QSO_32.7468122-17.1501416,58113.76637449998,18.319,0.407,W2
QSO_32.7468122-17.1501416,58115.7940955,18.389,,W2
QSO_32.7468122-17.1501416,58116.05572749999,18.172,,W2
QSO_32.7468122-17.1501416,58116.64450899998,17.596999999999998,,W2
QSO_32.7468122-17.1501416,58476.25838649999,18.305,0.394,W2
QSO_32.7468122-17.1501416,58476.97758250003,18.777,0.54,W2
QSO_32.7468122-17.1501416,58679.81746299996,18.55,0.503,W2
QSO_32.7468122-17.1501416,58679.94813299997,18.033,,W2
QSO_32.7468122-17.1501416,58840.7151205,18.296,,W2
QSO_32.7468122-17.1501416,58840.84633800002,18.339,,W2
QSO_32.7468122-17.1501416,58841.10771449997,18.602,,W2
QSO_32.7468122-17.1501416,59204.97738280003,18.072,,W2
QSO_32.7468122-17.1501416,59205.82924779998,18.352,,W2
QSO_32.7468122-17.1501416,59207.85985239996,17.838,,W2
QSO_32.7468122-17.1501416,59411.79807199998,17.945999999999998,,W2
QSO_32.7468122-17.1501416,59571.816189000005,18.304,,W2
QSO_32.7468122-17.1501416,59572.07731,18.685,,W2
QSO_32.7468122-17.1501416,59572.27327850002,18.137,,W2
QSO_32.7468122-17.1501416,59572.3385405,18.797,,W2
QSO_32.7468122-17.1501416,59775.80435950003,18.329,0.373,W2
QSO_32.7468122-17.1501416,59776.06511549998,18.347,,W2
QSO_32.7468122-17.1501416,59936.414762,18.857,,W2
QSO_32.7468122-17.1501416,60302.873886000016,18.809,,W2
QSO_32.7468122-17.1501416,60302.938381499975,18.769,,W2
QSO_33.0096337-17.2254491,55207.27741449999,18.922,,W1
QSO_33.0096337-17.2254491,55207.277524,19.096,0.281,W1
QSO_33.0096337-17.2254491,55393.55863200001,19.157,,W1
QSO_33.0096337-17.2254491,55393.69083499998,18.757,0.236,W1
QSO_33.0096337-17.2254491,55393.889103,19.371,0.387,W1
QSO_33.0096337-17.2254491,55393.95527750004,19.134,,W1
QSO_33.0096337-17.2254491,55394.021305999966,19.175,0.327,W1
QSO_33.0096337-17.2254491,55394.08748050001,19.347,0.379,W1
QSO_33.0096337-17.2254491,55394.4179515,18.892000000000003,0.249,W1
QSO_33.0096337-17.2254491,55394.55015449997,19.402,,W1
QSO_33.0096337-17.2254491,55569.25393699997,19.701,0.499,W1
QSO_33.0096337-17.2254491,55569.38614000002,19.264000000000003,0.347,W1
QSO_33.0096337-17.2254491,55569.71661100001,19.753,,W1
QSO_33.0096337-17.2254491,55569.98090750004,19.169,0.316,W1
QSO_33.0096337-17.2254491,55570.11311050001,18.804,0.241,W1
QSO_33.0096337-17.2254491,57033.24255732477,19.561,0.491,W1
QSO_33.0096337-17.2254491,57033.50521133314,18.711,0.214,W1
QSO_33.0096337-17.2254491,57393.25920056634,18.945,0.251,W1
QSO_33.0096337-17.2254491,57753.64373971211,19.152,0.473,W1
QSO_33.0096337-17.2254491,57952.220330999975,18.342,,W1
QSO_33.0096337-17.2254491,58476.25838649999,18.98,0.415,W1
QSO_33.0096337-17.2254491,58840.58481550004,19.096,0.277,W1
QSO_33.0096337-17.2254491,59205.96016599998,18.818,0.275,W1
QSO_33.0096337-17.2254491,59936.349609500016,18.911,0.242,W1
QSO_33.0096337-17.2254491,60303.19632700003,18.932,0.366,W1
QSO_33.0096337-17.2254491,55207.27741449999,18.998,,W2
QSO_33.0096337-17.2254491,55207.277524,19.081,,W2
QSO_33.0096337-17.2254491,55393.55863200001,18.69,,W2
QSO_33.0096337-17.2254491,55393.69083499998,18.824,,W2
QSO_33.0096337-17.2254491,55393.889103,18.46,,W2
QSO_33.0096337-17.2254491,55393.95527750004,18.912,0.494,W2
QSO_33.0096337-17.2254491,55394.021305999966,18.799,,W2
QSO_33.0096337-17.2254491,55394.08748050001,18.543,,W2
QSO_33.0096337-17.2254491,55394.4179515,18.4,,W2
QSO_33.0096337-17.2254491,55394.55015449997,18.84,,W2
QSO_33.0096337-17.2254491,55569.25393699997,18.816,0.472,W2
QSO_33.0096337-17.2254491,55569.38614000002,18.725,,W2
QSO_33.0096337-17.2254491,55569.71661100001,18.473,,W2
QSO_33.0096337-17.2254491,55569.98090750004,18.318,,W2
QSO_33.0096337-17.2254491,55570.11311050001,18.896,,W2
QSO_33.0096337-17.2254491,57033.24255732477,18.784,,W2
QSO_33.0096337-17.2254491,57033.50521133314,18.703,0.481,W2
QSO_33.0096337-17.2254491,57393.25920056634,18.546,0.475,W2
QSO_33.0096337-17.2254491,57753.64373971211,18.413,,W2
QSO_33.0096337-17.2254491,57952.220330999975,,,W2
QSO_33.0096337-17.2254491,58476.25838649999,18.465,,W2
QSO_33.0096337-17.2254491,58840.58481550004,18.953,,W2
QSO_33.0096337-17.2254491,59205.96016599998,17.864,,W2
QSO_33.0096337-17.2254491,59936.349609500016,18.566,,W2
QSO_33.0096337-17.2254491,60303.19632700003,18.441,,W2
QSO_32.7950695-17.1997514,55207.277524,19.234,0.363,W1
QSO_32.7950695-17.1997514,55207.34358900003,19.146,0.325,W1
QSO_32.7950695-17.1997514,55393.55863200001,19.331000000000003,0.355,W1
QSO_32.7950695-17.1997514,55393.62466050002,19.128,0.366,W1
QSO_32.7950695-17.1997514,55393.69083499998,18.738,0.231,W1
QSO_32.7950695-17.1997514,55393.75690000002,19.246,,W1
QSO_32.7950695-17.1997514,55393.889103,19.066000000000003,,W1
QSO_32.7950695-17.1997514,55393.95527750004,19.374,0.392,W1
QSO_32.7950695-17.1997514,55394.021305999966,19.255000000000003,0.34,W1
QSO_32.7950695-17.1997514,55394.4179515,19.472,0.394,W1
QSO_32.7950695-17.1997514,55568.989640500025,18.699,0.237,W1
QSO_32.7950695-17.1997514,55569.32011150001,19.068,0.283,W1
QSO_32.7950695-17.1997514,55569.38614000002,19.6,0.459,W1
QSO_32.7950695-17.1997514,55569.452314499984,19.612,0.505,W1
QSO_32.7950695-17.1997514,55569.71661100001,19.248,0.357,W1
QSO_32.7950695-17.1997514,55569.98090750004,19.318,0.359,W1
QSO_32.7950695-17.1997514,56669.65970599998,18.782,0.257,W1
QSO_32.7950695-17.1997514,56670.05481850004,19.217,0.383,W1
QSO_32.7950695-17.1997514,56855.805946499975,18.603,0.269,W1
QSO_32.7950695-17.1997514,57033.24255732477,18.941000000000003,0.401,W1
QSO_32.7950695-17.1997514,57033.37388432896,19.362,0.397,W1
QSO_32.7950695-17.1997514,57392.86501855383,18.971,0.267,W1
QSO_32.7950695-17.1997514,57584.79172802314,19.026000000000003,0.292,W1
QSO_32.7950695-17.1997514,57585.18565383561,18.55,0.19,W1
QSO_32.7950695-17.1997514,57752.659207131655,18.944000000000003,0.314,W1
QSO_32.7950695-17.1997514,57949.4070935,18.804,0.273,W1
QSO_32.7950695-17.1997514,58113.30837249999,18.915,0.273,W1
QSO_32.7950695-17.1997514,58113.37378050001,18.794,0.257,W1
QSO_32.7950695-17.1997514,58113.50459649996,18.467,0.241,W1
QSO_32.7950695-17.1997514,58113.63541249999,18.418,0.187,W1
QSO_32.7950695-17.1997514,58115.66327949996,18.511,0.213,W1
QSO_32.7950695-17.1997514,58116.64450899998,18.8,0.308,W1
QSO_32.7950695-17.1997514,58476.454464500006,18.679,0.259,W1
QSO_32.7950695-17.1997514,58841.10771449997,19.066000000000003,0.282,W1
QSO_32.7950695-17.1997514,59204.97738280003,18.44,0.214,W1
QSO_32.7950695-17.1997514,59205.501568000014,18.787,0.24,W1
QSO_32.7950695-17.1997514,59205.69807340003,19.014000000000003,0.369,W1
QSO_32.7950695-17.1997514,59205.69818320003,18.445,,W1
QSO_32.7950695-17.1997514,59205.96016599998,18.509,0.194,W1
QSO_32.7950695-17.1997514,59207.85974260004,18.374,0.252,W1
QSO_32.7950695-17.1997514,59411.79807199998,18.577,0.241,W1
QSO_32.7950695-17.1997514,59412.1247105,18.624,0.257,W1
QSO_32.7950695-17.1997514,59572.20798000001,18.877,0.228,W1
QSO_32.7950695-17.1997514,59572.534399500015,18.645,0.247,W1
QSO_32.7950695-17.1997514,59775.80435950003,19.020000000000003,0.425,W1
QSO_32.7950695-17.1997514,59936.21945050001,19.502,0.47,W1
QSO_32.7950695-17.1997514,59936.284092,19.308,0.333,W1
QSO_32.7950695-17.1997514,60302.680326500005,19.187,,W1
QSO_32.7950695-17.1997514,60302.93827199997,19.006,0.369,W1
QSO_32.7950695-17.1997514,55207.277524,18.412,,W2
QSO_32.7950695-17.1997514,55207.34358900003,19.074,,W2
QSO_32.7950695-17.1997514,55393.55863200001,18.761,0.415,W2
QSO_32.7950695-17.1997514,55393.62466050002,18.727,0.459,W2
QSO_32.7950695-17.1997514,55393.69083499998,18.74,0.419,W2
QSO_32.7950695-17.1997514,55393.75690000002,18.832,,W2
QSO_32.7950695-17.1997514,55393.889103,18.948,0.516,W2
QSO_32.7950695-17.1997514,55393.95527750004,18.786,,W2
QSO_32.7950695-17.1997514,55394.021305999966,18.821,0.478,W2
QSO_32.7950695-17.1997514,55394.4179515,19.009,,W2
QSO_32.7950695-17.1997514,55568.989640500025,18.361,,W2
QSO_32.7950695-17.1997514,55569.32011150001,18.733,,W2
QSO_32.7950695-17.1997514,55569.38614000002,18.899,0.502,W2
QSO_32.7950695-17.1997514,55569.452314499984,18.794,,W2
QSO_32.7950695-17.1997514,55569.71661100001,18.184,,W2
QSO_32.7950695-17.1997514,55569.98090750004,18.985,,W2
QSO_32.7950695-17.1997514,56669.65970599998,18.545,,W2
QSO_32.7950695-17.1997514,56670.05481850004,18.157,,W2
QSO_32.7950695-17.1997514,56855.805946499975,18.248,,W2
QSO_32.7950695-17.1997514,57033.24255732477,18.507,,W2
QSO_32.7950695-17.1997514,57033.37388432896,18.107,,W2
QSO_32.7950695-17.1997514,57392.86501855383,18.391,,W2
QSO_32.7950695-17.1997514,57584.79172802314,17.97,0.445,W2
QSO_32.7950695-17.1997514,57585.18565383561,18.119,,W2
QSO_32.7950695-17.1997514,57752.659207131655,17.62,0.26,W2
QSO_32.7950695-17.1997514,57949.4070935,18.689,,W2
QSO_32.7950695-17.1997514,58113.30837249999,17.631999999999998,,W2
QSO_32.7950695-17.1997514,58113.37378050001,18.593,,W2
QSO_32.7950695-17.1997514,58113.50459649996,17.908,,W2
QSO_32.7950695-17.1997514,58113.63541249999,18.368,,W2
QSO_32.7950695-17.1997514,58115.66327949996,18.402,,W2
QSO_32.7950695-17.1997514,58116.64450899998,18.188,,W2
QSO_32.7950695-17.1997514,58476.454464500006,18.57,0.441,W2
QSO_32.7950695-17.1997514,58841.10771449997,18.785,,W2
QSO_32.7950695-17.1997514,59204.97738280003,18.42,,W2
QSO_32.7950695-17.1997514,59205.501568000014,18.479,,W2
QSO_32.7950695-17.1997514,59205.69807340003,18.263,,W2
QSO_32.7950695-17.1997514,59205.69818320003,18.265,,W2
QSO_32.7950695-17.1997514,59205.96016599998,17.983999999999998,,W2
QSO_32.7950695-17.1997514,59207.85974260004,17.897,0.47,W2
QSO_32.7950695-17.1997514,59411.79807199998,18.52,,W2
QSO_32.7950695-17.1997514,59412.1247105,18.289,,W2
QSO_32.7950695-17.1997514,59572.20798000001,18.291,,W2
QSO_32.7950695-17.1997514,59572.534399500015,18.36,,W2
QSO_32.7950695-17.1997514,59775.80435950003,18.579,0.47,W2
QSO_32.7950695-17.1997514,59936.21945050001,18.45,,W2
QSO_32.7950695-17.1997514,59936.284092,18.062,0.293,W2
QSO_32.7950695-17.1997514,60302.680326500005,18.234,0.448,W2
QSO_32.7950695-17.1997514,60302.93827199997,18.189,,W2
QSO_32.9265973-17.114473,55207.277524,19.273000000000003,0.345,W1
QSO_32.9265973-17.114473,55393.55863200001,19.547,0.438,W1
QSO_32.9265973-17.114473,55393.69083499998,18.956000000000003,0.248,W1
QSO_32.9265973-17.114473,55393.75690000002,19.302,0.347,W1
QSO_32.9265973-17.114473,55393.889103,18.882,0.254,W1
QSO_32.9265973-17.114473,55393.955131500006,19.18,,W1
QSO_32.9265973-17.114473,55393.95527750004,19.396,0.389,W1
QSO_32.9265973-17.114473,55394.021305999966,19.51,0.408,W1
QSO_32.9265973-17.114473,55394.08737100001,18.993,,W1
QSO_32.9265973-17.114473,55394.08748050001,18.862,0.247,W1
QSO_32.9265973-17.114473,55394.4179515,19.764000000000003,0.524,W1
QSO_32.9265973-17.114473,55394.55015449997,19.353,,W1
QSO_32.9265973-17.114473,55569.38614000002,18.598,0.207,W1
QSO_32.9265973-17.114473,55569.452314499984,19.303,,W1
QSO_32.9265973-17.114473,55569.71661100001,19.42,,W1
QSO_32.9265973-17.114473,55569.98090750004,19.17,,W1
QSO_32.9265973-17.114473,55570.11311050001,19.149,,W1
QSO_32.9265973-17.114473,56670.12073749996,18.9,0.255,W1
QSO_32.9265973-17.114473,56670.6474325,19.083,0.317,W1
QSO_32.9265973-17.114473,56855.54292749997,19.17,0.344,W1
QSO_32.9265973-17.114473,56855.805946499975,18.695,0.272,W1
QSO_32.9265973-17.114473,57220.58427669128,18.880000000000003,0.256,W1
QSO_32.9265973-17.114473,57585.18565383561,18.854,0.251,W1
QSO_32.9265973-17.114473,57752.528032727554,19.159,0.302,W1
QSO_32.9265973-17.114473,57752.659207131655,18.776000000000003,0.242,W1
QSO_32.9265973-17.114473,57753.51245702748,18.977,0.321,W1
QSO_32.9265973-17.114473,58113.76622850003,18.845,0.412,W1
QSO_32.9265973-17.114473,58114.027970000025,18.877,0.302,W1
QSO_32.9265973-17.114473,58116.05572749999,19.048,0.451,W1
QSO_32.9265973-17.114473,58476.58528049996,18.801,0.243,W1
QSO_32.9265973-17.114473,58477.10839849999,18.644,0.223,W1
QSO_32.9265973-17.114473,58477.23921450002,18.932,0.26,W1
QSO_32.9265973-17.114473,58840.25792149999,18.753,0.236,W1
QSO_32.9265973-17.114473,59208.31845040001,18.811,0.233,W1
QSO_32.9265973-17.114473,59412.05930249998,18.45,0.274,W1
QSO_32.9265973-17.114473,59572.20798000001,18.93,0.243,W1
QSO_32.9265973-17.114473,59775.804505499975,19.143,0.414,W1
QSO_32.9265973-17.114473,59776.195530000026,18.561,0.301,W1
QSO_32.9265973-17.114473,59935.89390700003,19.138,0.353,W1
QSO_32.9265973-17.114473,59936.414762,18.753,0.228,W1
QSO_32.9265973-17.114473,60302.680326500005,18.671,0.227,W1
QSO_32.9265973-17.114473,60303.13183149998,18.815,0.489,W1
QSO_32.9265973-17.114473,60303.64794150001,19.151000000000003,0.334,W1
QSO_32.9265973-17.114473,55207.277524,18.674,,W2
QSO_32.9265973-17.114473,55393.55863200001,18.106,,W2
QSO_32.9265973-17.114473,55393.69083499998,18.53,,W2
QSO_32.9265973-17.114473,55393.75690000002,18.939,,W2
QSO_32.9265973-17.114473,55393.889103,18.544,,W2
QSO_32.9265973-17.114473,55393.955131500006,18.744,0.437,W2
QSO_32.9265973-17.114473,55393.95527750004,18.472,,W2
QSO_32.9265973-17.114473,55394.021305999966,18.812,,W2
QSO_32.9265973-17.114473,55394.08737100001,19.092,,W2
QSO_32.9265973-17.114473,55394.08748050001,18.678,0.421,W2
QSO_32.9265973-17.114473,55394.4179515,18.768,,W2
QSO_32.9265973-17.114473,55394.55015449997,18.828,,W2
QSO_32.9265973-17.114473,55569.38614000002,18.742,0.432,W2
QSO_32.9265973-17.114473,55569.452314499984,18.382,,W2
QSO_32.9265973-17.114473,55569.71661100001,18.98,,W2
QSO_32.9265973-17.114473,55569.98090750004,18.773,,W2
QSO_32.9265973-17.114473,55570.11311050001,18.451,,W2
QSO_32.9265973-17.114473,56670.12073749996,18.233,,W2
QSO_32.9265973-17.114473,56670.6474325,18.646,,W2
QSO_32.9265973-17.114473,56855.54292749997,17.831,0.476,W2
QSO_32.9265973-17.114473,56855.805946499975,17.877,,W2
QSO_32.9265973-17.114473,57220.58427669128,18.297,,W2
QSO_32.9265973-17.114473,57585.18565383561,18.474,0.514,W2
QSO_32.9265973-17.114473,57752.528032727554,18.888,0.5,W2
QSO_32.9265973-17.114473,57752.659207131655,18.71,,W2
QSO_32.9265973-17.114473,57753.51245702748,18.646,,W2
QSO_32.9265973-17.114473,58113.76622850003,18.353,,W2
QSO_32.9265973-17.114473,58114.027970000025,18.158,,W2
QSO_32.9265973-17.114473,58116.05572749999,17.843,,W2
QSO_32.9265973-17.114473,58476.58528049996,18.402,,W2
QSO_32.9265973-17.114473,58477.10839849999,18.706,,W2
QSO_32.9265973-17.114473,58477.23921450002,18.352,,W2
QSO_32.9265973-17.114473,58840.25792149999,18.178,,W2
QSO_32.9265973-17.114473,59208.31845040001,18.248,,W2
QSO_32.9265973-17.114473,59412.05930249998,18.561,,W2
QSO_32.9265973-17.114473,59572.20798000001,18.607,,W2
QSO_32.9265973-17.114473,59775.804505499975,18.358,0.42,W2
QSO_32.9265973-17.114473,59776.195530000026,18.49,,W2
QSO_32.9265973-17.114473,59935.89390700003,18.372,,W2
QSO_32.9265973-17.114473,59936.414762,18.537,,W2
QSO_32.9265973-17.114473,60302.680326500005,18.359,,W2
QSO_32.9265973-17.114473,60303.13183149998,18.509,,W2
QSO_32.9265973-17.114473,60303.64794150001,18.604,0.471,W2
QSO_32.9867386-16.9226568,55207.277524,19.346,0.348,W1
QSO_32.9867386-16.9226568,55208.26933850002,19.152,,W1
QSO_32.9867386-16.9226568,55393.55848599998,19.29,0.359,W1
QSO_32.9867386-16.9226568,55393.55863200001,19.387,,W1
QSO_32.9867386-16.9226568,55393.690725499975,19.076,,W1
QSO_32.9867386-16.9226568,55393.69083499998,19.422,0.406,W1
QSO_32.9867386-16.9226568,55393.822928500034,19.130000000000003,,W1
QSO_32.9867386-16.9226568,55393.955131500006,19.309,0.497,W1
QSO_32.9867386-16.9226568,55394.021305999966,19.071,,W1
QSO_32.9867386-16.9226568,55394.08737100001,18.758000000000003,0.217,W1
QSO_32.9867386-16.9226568,55394.4179515,19.657,,W1
QSO_32.9867386-16.9226568,55394.55004499997,18.526,0.207,W1
QSO_32.9867386-16.9226568,55394.55015449997,18.962000000000003,0.255,W1
QSO_32.9867386-16.9226568,55394.68224800003,19.203000000000003,0.361,W1
QSO_32.9867386-16.9226568,55569.71661100001,18.946,0.267,W1
QSO_32.9867386-16.9226568,55569.914879000025,19.251,0.337,W1
QSO_32.9867386-16.9226568,55569.98105349999,19.237,0.334,W1
QSO_32.9867386-16.9226568,55570.11311050001,19.06,,W1
QSO_32.9867386-16.9226568,56670.51570399999,18.967,0.31,W1
QSO_32.9867386-16.9226568,56858.96140799997,18.631,0.203,W1
QSO_32.9867386-16.9226568,56859.02718100002,19.18,0.328,W1
QSO_32.9867386-16.9226568,56859.092954,19.366,0.358,W1
QSO_32.9867386-16.9226568,56859.68454599998,18.9,0.237,W1
QSO_32.9867386-16.9226568,57033.83352884349,19.096,0.291,W1
QSO_32.9867386-16.9226568,57220.78086569752,19.061,0.302,W1
QSO_32.9867386-16.9226568,57393.85047358498,18.533,0.183,W1
QSO_32.9867386-16.9226568,57753.38113774316,18.847,,W1
QSO_32.9867386-16.9226568,57949.0800535,18.918,0.46,W1
QSO_32.9867386-16.9226568,57950.061392500014,19.021,0.286,W1
QSO_32.9867386-16.9226568,57952.61292500002,19.159,,W1
QSO_32.9867386-16.9226568,57952.80914899999,19.04,0.283,W1
QSO_32.9867386-16.9226568,58113.5047425,19.254,0.378,W1
QSO_32.9867386-16.9226568,58316.02692700003,19.398000000000003,0.488,W1
QSO_32.9867386-16.9226568,58316.87708499998,18.943,0.351,W1
QSO_32.9867386-16.9226568,58477.0431365,18.396,0.306,W1
QSO_32.9867386-16.9226568,58679.68664700001,18.682,0.246,W1
QSO_32.9867386-16.9226568,58840.7151205,18.902,0.316,W1
QSO_32.9867386-16.9226568,58841.10782399998,19.357,0.404,W1
QSO_32.9867386-16.9226568,59205.37013740002,18.887,0.255,W1
QSO_32.9867386-16.9226568,59411.79807199998,19.236,0.47,W1
QSO_32.9867386-16.9226568,59572.077419500005,19.208,0.344,W1
QSO_32.9867386-16.9226568,59572.20798000001,19.165,,W1
QSO_32.9867386-16.9226568,59572.3385405,19.354,0.433,W1
QSO_32.9867386-16.9226568,59572.730222,18.97,0.256,W1
QSO_32.9867386-16.9226568,59775.80435950003,19.345,0.414,W1
QSO_32.9867386-16.9226568,59944.42027049996,18.974,0.285,W1
QSO_32.9867386-16.9226568,55207.277524,18.177,,W2
QSO_32.9867386-16.9226568,55208.26933850002,18.407,0.325,W2
QSO_32.9867386-16.9226568,55393.55848599998,18.208,,W2
QSO_32.9867386-16.9226568,55393.55863200001,18.302,,W2
QSO_32.9867386-16.9226568,55393.690725499975,19.059,,W2
QSO_32.9867386-16.9226568,55393.69083499998,18.886,0.506,W2
QSO_32.9867386-16.9226568,55393.822928500034,19.079,,W2
QSO_32.9867386-16.9226568,55393.955131500006,18.869,0.478,W2
QSO_32.9867386-16.9226568,55394.021305999966,18.526,,W2
QSO_32.9867386-16.9226568,55394.08737100001,18.459,,W2
QSO_32.9867386-16.9226568,55394.4179515,18.928,0.525,W2
QSO_32.9867386-16.9226568,55394.55004499997,18.266,,W2
QSO_32.9867386-16.9226568,55394.55015449997,18.789,,W2
QSO_32.9867386-16.9226568,55394.68224800003,18.58,,W2
QSO_32.9867386-16.9226568,55569.71661100001,18.505,0.352,W2
QSO_32.9867386-16.9226568,55569.914879000025,18.168,0.27,W2
QSO_32.9867386-16.9226568,55569.98105349999,18.302,,W2
QSO_32.9867386-16.9226568,55570.11311050001,18.761,,W2
QSO_32.9867386-16.9226568,56670.51570399999,18.052,0.523,W2
QSO_32.9867386-16.9226568,56858.96140799997,18.749,0.473,W2
QSO_32.9867386-16.9226568,56859.02718100002,18.241,0.398,W2
QSO_32.9867386-16.9226568,56859.092954,18.184,0.335,W2
QSO_32.9867386-16.9226568,56859.68454599998,18.184,,W2
QSO_32.9867386-16.9226568,57033.83352884349,18.774,0.486,W2
QSO_32.9867386-16.9226568,57220.78086569752,18.461,0.376,W2
QSO_32.9867386-16.9226568,57393.85047358498,19.058,,W2
QSO_32.9867386-16.9226568,57753.38113774316,18.373,0.353,W2
QSO_32.9867386-16.9226568,57949.0800535,18.568,,W2
QSO_32.9867386-16.9226568,57950.061392500014,18.34,,W2
QSO_32.9867386-16.9226568,57952.61292500002,18.005,0.322,W2
QSO_32.9867386-16.9226568,57952.80914899999,17.820999999999998,,W2
QSO_32.9867386-16.9226568,58113.5047425,18.126,0.385,W2
QSO_32.9867386-16.9226568,58316.02692700003,18.773,0.528,W2
QSO_32.9867386-16.9226568,58316.87708499998,18.476,,W2
QSO_32.9867386-16.9226568,58477.0431365,18.983,,W2
QSO_32.9867386-16.9226568,58679.68664700001,18.254,,W2
QSO_32.9867386-16.9226568,58840.7151205,18.569,,W2
QSO_32.9867386-16.9226568,58841.10782399998,17.944,,W2
QSO_32.9867386-16.9226568,59205.37013740002,17.65,,W2
QSO_32.9867386-16.9226568,59411.79807199998,17.666999999999998,,W2
QSO_32.9867386-16.9226568,59572.077419500005,18.087,,W2
QSO_32.9867386-16.9226568,59572.20798000001,17.97,0.399,W2
QSO_32.9867386-16.9226568,59572.3385405,18.195,0.385,W2
QSO_32.9867386-16.9226568,59572.730222,18.298,,W2
QSO_32.9867386-16.9226568,59775.80435950003,18.024,0.398,W2
QSO_32.9867386-16.9226568,59944.42027049996,18.093,,W2
QSO_32.7669644-16.9548659,55207.277524,18.83,0.249,W1
QSO_32.7669644-16.9548659,55393.55848599998,18.974,0.303,W1
QSO_32.7669644-16.9548659,55393.55863200001,18.907,0.256,W1
QSO_32.7669644-16.9548659,55393.690725499975,18.663,0.193,W1
QSO_32.7669644-16.9548659,55393.75690000002,19.01,0.3,W1
QSO_32.7669644-16.9548659,55393.822928500034,18.951,0.247,W1
QSO_32.7669644-16.9548659,55393.889103,19.554,0.47,W1
QSO_32.7669644-16.9548659,55393.955131500006,19.204,0.369,W1
QSO_32.7669644-16.9548659,55394.021305999966,18.646,0.206,W1
QSO_32.7669644-16.9548659,55394.417842,19.381,0.412,W1
QSO_32.7669644-16.9548659,55394.4179515,19.367,,W1
QSO_32.7669644-16.9548659,55568.98975000003,18.765,0.219,W1
QSO_32.7669644-16.9548659,55569.452314499984,19.064,0.396,W1
QSO_32.7669644-16.9548659,55569.71661100001,19.41,0.416,W1
QSO_32.7669644-16.9548659,55569.98105349999,18.796,0.254,W1
QSO_32.7669644-16.9548659,55570.11311050001,19.591,,W1
QSO_32.7669644-16.9548659,56669.98900900003,18.925,0.273,W1
QSO_32.7669644-16.9548659,56670.38412150001,18.672,0.229,W1
QSO_32.7669644-16.9548659,56670.6474325,18.635,0.207,W1
QSO_32.7669644-16.9548659,56858.43547950003,18.877,0.249,W1
QSO_32.7669644-16.9548659,56858.764162000014,19.369,0.378,W1
QSO_32.7669644-16.9548659,57033.11126682061,18.927,0.337,W1
QSO_32.7669644-16.9548659,57033.111376320616,18.629,0.204,W1
QSO_32.7669644-16.9548659,57033.37388432896,18.91,0.25,W1
QSO_32.7669644-16.9548659,57033.50521133314,18.541,0.194,W1
QSO_32.7669644-16.9548659,57220.1908066788,18.037,0.184,W1
QSO_32.7669644-16.9548659,57392.86501855383,18.969,0.268,W1
QSO_32.7669644-16.9548659,57393.58775877673,18.768,0.231,W1
QSO_32.7669644-16.9548659,57584.79172802314,18.962000000000003,0.272,W1
QSO_32.7669644-16.9548659,57585.448222243904,18.722,0.221,W1
QSO_32.7669644-16.9548659,57752.528032727554,18.615,0.186,W1
QSO_32.7669644-16.9548659,57752.92177553995,19.087000000000003,0.291,W1
QSO_32.7669644-16.9548659,57760.05907300003,18.85,0.276,W1
QSO_32.7669644-16.9548659,57948.68735000002,18.495,0.222,W1
QSO_32.7669644-16.9548659,57949.4070935,18.803,0.248,W1
QSO_32.7669644-16.9548659,57952.220330999975,19.067,0.316,W1
QSO_32.7669644-16.9548659,58113.43933449998,18.836,0.242,W1
QSO_32.7669644-16.9548659,58113.57015050001,18.445,0.223,W1
QSO_32.7669644-16.9548659,58116.18668949997,19.008000000000003,0.326,W1
QSO_32.7669644-16.9548659,58116.25209749999,18.717,0.308,W1
QSO_32.7669644-16.9548659,58116.51369300003,18.583,0.227,W1
QSO_32.7669644-16.9548659,58476.25838649999,18.406,0.211,W1
QSO_32.7669644-16.9548659,58477.10839849999,19.528,0.472,W1
QSO_32.7669644-16.9548659,58477.23921450002,18.34,0.151,W1
QSO_32.7669644-16.9548659,58679.94813299997,18.782,0.352,W1
QSO_32.7669644-16.9548659,58840.127360999984,18.792,0.239,W1
QSO_32.7669644-16.9548659,58840.58481550004,18.883000000000003,0.27,W1
QSO_32.7669644-16.9548659,58840.84633800002,18.789,0.228,W1
QSO_32.7669644-16.9548659,58841.10782399998,18.616,0.194,W1
QSO_32.7669644-16.9548659,59047.42938879997,18.963,0.272,W1
QSO_32.7669644-16.9548659,59047.69159120001,18.96,0.268,W1
QSO_32.7669644-16.9548659,59048.01912460003,18.783,0.352,W1
QSO_32.7669644-16.9548659,59204.97738280003,18.686,0.229,W1
QSO_32.7669644-16.9548659,59204.97752919998,18.995,0.314,W1
QSO_32.7669644-16.9548659,59205.37013740002,18.912,0.252,W1
QSO_32.7669644-16.9548659,59205.69818320003,18.958,0.398,W1
QSO_32.7669644-16.9548659,59572.077419500005,18.957,0.303,W1
QSO_32.7669644-16.9548659,59572.795630000015,19.341,0.39,W1
QSO_32.7669644-16.9548659,59775.73920699996,18.984,0.364,W1
QSO_32.7669644-16.9548659,59776.195530000026,18.929,0.27,W1
QSO_32.7669644-16.9548659,59936.21945050001,18.891,0.291,W1
QSO_32.7669644-16.9548659,59936.349609500016,19.429,0.527,W1
QSO_32.7669644-16.9548659,60142.59975799999,18.722,0.363,W1
QSO_32.7669644-16.9548659,60142.85898099997,19.592,0.511,W1
QSO_32.7669644-16.9548659,60302.938381499975,19.12,0.342,W1
QSO_32.7669644-16.9548659,60303.00291349996,19.284,0.369,W1
QSO_32.7669644-16.9548659,60303.067445500026,19.106,0.326,W1
QSO_32.7669644-16.9548659,60303.196472999975,18.794,0.261,W1
QSO_32.7669644-16.9548659,55207.277524,18.414,,W2
QSO_32.7669644-16.9548659,55393.55848599998,18.191,,W2
QSO_32.7669644-16.9548659,55393.55863200001,18.809,,W2
QSO_32.7669644-16.9548659,55393.690725499975,19.083,,W2
QSO_32.7669644-16.9548659,55393.75690000002,18.622,0.449,W2
QSO_32.7669644-16.9548659,55393.822928500034,18.374,,W2
QSO_32.7669644-16.9548659,55393.889103,18.223,,W2
QSO_32.7669644-16.9548659,55393.955131500006,18.961,,W2
QSO_32.7669644-16.9548659,55394.021305999966,18.112,,W2
QSO_32.7669644-16.9548659,55394.417842,18.767,0.439,W2
QSO_32.7669644-16.9548659,55394.4179515,18.404,,W2
QSO_32.7669644-16.9548659,55568.98975000003,18.289,0.286,W2
QSO_32.7669644-16.9548659,55569.452314499984,18.708,,W2
QSO_32.7669644-16.9548659,55569.71661100001,18.522,,W2
QSO_32.7669644-16.9548659,55569.98105349999,18.979,,W2
QSO_32.7669644-16.9548659,55570.11311050001,19.017,,W2
QSO_32.7669644-16.9548659,56669.98900900003,18.652,,W2
QSO_32.7669644-16.9548659,56670.38412150001,18.226,,W2
QSO_32.7669644-16.9548659,56670.6474325,18.272,,W2
QSO_32.7669644-16.9548659,56858.43547950003,18.594,,W2
QSO_32.7669644-16.9548659,56858.764162000014,18.848,,W2
QSO_32.7669644-16.9548659,57033.11126682061,18.182,,W2
QSO_32.7669644-16.9548659,57033.111376320616,18.141,,W2
QSO_32.7669644-16.9548659,57033.37388432896,18.399,,W2
QSO_32.7669644-16.9548659,57033.50521133314,18.932,,W2
QSO_32.7669644-16.9548659,57220.1908066788,18.224,,W2
QSO_32.7669644-16.9548659,57392.86501855383,18.331,,W2
QSO_32.7669644-16.9548659,57393.58775877673,18.598,0.479,W2
QSO_32.7669644-16.9548659,57584.79172802314,17.855999999999998,,W2
QSO_32.7669644-16.9548659,57585.448222243904,18.957,0.535,W2
QSO_32.7669644-16.9548659,57752.528032727554,17.774,,W2
QSO_32.7669644-16.9548659,57752.92177553995,18.325,,W2
QSO_32.7669644-16.9548659,57760.05907300003,17.691,,W2
QSO_32.7669644-16.9548659,57948.68735000002,18.685,,W2
QSO_32.7669644-16.9548659,57949.4070935,17.555,0.422,W2
QSO_32.7669644-16.9548659,57952.220330999975,18.083,0.369,W2
QSO_32.7669644-16.9548659,58113.43933449998,18.092,,W2
QSO_32.7669644-16.9548659,58113.57015050001,18.368,0.383,W2
QSO_32.7669644-16.9548659,58116.18668949997,17.483999999999998,,W2
QSO_32.7669644-16.9548659,58116.25209749999,17.788,,W2
QSO_32.7669644-16.9548659,58116.51369300003,18.1,,W2
QSO_32.7669644-16.9548659,58476.25838649999,18.36,,W2
QSO_32.7669644-16.9548659,58477.10839849999,18.555,0.419,W2
QSO_32.7669644-16.9548659,58477.23921450002,18.553,,W2
QSO_32.7669644-16.9548659,58679.94813299997,18.526,,W2
QSO_32.7669644-16.9548659,58840.127360999984,18.306,,W2
QSO_32.7669644-16.9548659,58840.58481550004,18.049,,W2
QSO_32.7669644-16.9548659,58840.84633800002,18.832,,W2
QSO_32.7669644-16.9548659,58841.10782399998,18.052,,W2
QSO_32.7669644-16.9548659,59047.42938879997,18.089,,W2
QSO_32.7669644-16.9548659,59047.69159120001,18.929,,W2
QSO_32.7669644-16.9548659,59048.01912460003,18.343,,W2
QSO_32.7669644-16.9548659,59204.97738280003,18.194,,W2
QSO_32.7669644-16.9548659,59204.97752919998,18.858,0.511,W2
QSO_32.7669644-16.9548659,59205.37013740002,18.009999999999998,,W2
QSO_32.7669644-16.9548659,59205.69818320003,17.844,,W2
QSO_32.7669644-16.9548659,59572.077419500005,17.105999999999998,,W2
QSO_32.7669644-16.9548659,59572.795630000015,18.366,,W2
QSO_32.7669644-16.9548659,59775.73920699996,18.725,,W2
QSO_32.7669644-16.9548659,59776.195530000026,18.377,,W2
QSO_32.7669644-16.9548659,59936.21945050001,18.312,,W2
QSO_32.7669644-16.9548659,59936.349609500016,18.374,0.432,W2
QSO_32.7669644-16.9548659,60142.59975799999,18.333,0.533,W2
QSO_32.7669644-16.9548659,60142.85898099997,18.358,,W2
QSO_32.7669644-16.9548659,60302.938381499975,18.386,,W2
QSO_32.7669644-16.9548659,60303.00291349996,18.504,,W2
QSO_32.7669644-16.9548659,60303.067445500026,17.858999999999998,,W2
QSO_32.7669644-16.9548659,60303.196472999975,18.48,,W2
QSO_32.902703-17.2057408,55207.277524,19.491,0.389,W1
QSO_32.902703-17.2057408,55393.55863200001,19.26,0.408,W1
QSO_32.902703-17.2057408,55393.69083499998,18.701,0.203,W1
QSO_32.902703-17.2057408,55393.75690000002,19.506,0.441,W1
QSO_32.902703-17.2057408,55393.889103,19.542,,W1
QSO_32.902703-17.2057408,55393.95527750004,19.541,,W1
QSO_32.902703-17.2057408,55394.021305999966,19.403,0.399,W1
QSO_32.902703-17.2057408,55394.08748050001,19.268,,W1
QSO_32.902703-17.2057408,55394.4179515,18.762,0.241,W1
QSO_32.902703-17.2057408,55568.989640500025,19.422,,W1
QSO_32.902703-17.2057408,55569.38614000002,19.069000000000003,,W1
QSO_32.902703-17.2057408,55569.452314499984,19.207,0.315,W1
QSO_32.902703-17.2057408,55569.71661100001,18.978,,W1
QSO_32.902703-17.2057408,55569.98090750004,19.422,0.462,W1
QSO_32.902703-17.2057408,55570.11311050001,19.711,0.528,W1
QSO_32.902703-17.2057408,56670.05481850004,19.053,0.31,W1
QSO_32.902703-17.2057408,56670.25232000002,18.79,0.277,W1
QSO_32.902703-17.2057408,56859.02718100002,19.073,0.308,W1
QSO_32.902703-17.2057408,56859.421673,19.376,0.357,W1
QSO_32.902703-17.2057408,57033.37388432896,18.842,0.272,W1
QSO_32.902703-17.2057408,57752.659207131655,19.289,0.348,W1
QSO_32.902703-17.2057408,57752.79049133584,19.071,0.284,W1
QSO_32.902703-17.2057408,58113.0467405,18.535,0.336,W1
QSO_32.902703-17.2057408,58113.63541249999,18.382,0.243,W1
QSO_32.902703-17.2057408,58476.97758250003,19.082,0.278,W1
QSO_32.902703-17.2057408,58840.71501099999,18.968,0.356,W1
QSO_32.902703-17.2057408,59205.501568000014,18.703000000000003,,W1
QSO_32.902703-17.2057408,59411.79807199998,18.382,0.307,W1
QSO_32.902703-17.2057408,59572.27327850002,19.14,0.309,W1
QSO_32.902703-17.2057408,60303.19632700003,19.125,0.347,W1
QSO_32.902703-17.2057408,60507.512449,18.747,0.324,W1
QSO_32.902703-17.2057408,55207.277524,18.869,,W2
QSO_32.902703-17.2057408,55393.55863200001,18.666,0.446,W2
QSO_32.902703-17.2057408,55393.69083499998,18.518,,W2
QSO_32.902703-17.2057408,55393.75690000002,18.784,,W2
QSO_32.902703-17.2057408,55393.889103,18.886,,W2
QSO_32.902703-17.2057408,55393.95527750004,19.147,,W2
QSO_32.902703-17.2057408,55394.021305999966,18.924,,W2
QSO_32.902703-17.2057408,55394.08748050001,19.109,,W2
QSO_32.902703-17.2057408,55394.4179515,19.024,,W2
QSO_32.902703-17.2057408,55568.989640500025,18.402,,W2
QSO_32.902703-17.2057408,55569.38614000002,18.972,,W2
QSO_32.902703-17.2057408,55569.452314499984,18.566,,W2
QSO_32.902703-17.2057408,55569.71661100001,18.259,,W2
QSO_32.902703-17.2057408,55569.98090750004,18.141,,W2
QSO_32.902703-17.2057408,55570.11311050001,18.269,,W2
QSO_32.902703-17.2057408,56670.05481850004,18.796,,W2
QSO_32.902703-17.2057408,56670.25232000002,18.501,,W2
QSO_32.902703-17.2057408,56859.02718100002,18.959,,W2
QSO_32.902703-17.2057408,56859.421673,18.839,0.537,W2
QSO_32.902703-17.2057408,57033.37388432896,18.434,,W2
QSO_32.902703-17.2057408,57752.659207131655,18.243,,W2
QSO_32.902703-17.2057408,57752.79049133584,18.011,0.352,W2
QSO_32.902703-17.2057408,58113.0467405,18.225,,W2
QSO_32.902703-17.2057408,58113.63541249999,17.845,,W2
QSO_32.902703-17.2057408,58476.97758250003,18.215,0.33,W2
QSO_32.902703-17.2057408,58840.71501099999,18.485,,W2
QSO_32.902703-17.2057408,59205.501568000014,17.684,,W2
QSO_32.902703-17.2057408,59411.79807199998,18.383,,W2
QSO_32.902703-17.2057408,59572.27327850002,18.626,,W2
QSO_32.902703-17.2057408,60303.19632700003,18.192,,W2
QSO_32.902703-17.2057408,60507.512449,17.736,,W2
QSO_32.8940128-17.1697229,55207.277524,18.726,0.195,W1
QSO_32.8940128-17.1697229,55393.55863200001,19.05,0.304,W1
QSO_32.8940128-17.1697229,55393.69083499998,19.502,0.451,W1
QSO_32.8940128-17.1697229,55393.75690000002,18.832,0.261,W1
QSO_32.8940128-17.1697229,55393.889103,18.974,,W1
QSO_32.8940128-17.1697229,55393.95527750004,19.08,,W1
QSO_32.8940128-17.1697229,55394.021305999966,19.499,0.424,W1
QSO_32.8940128-17.1697229,55394.08737100001,19.322000000000003,0.383,W1
QSO_32.8940128-17.1697229,55394.08748050001,18.819000000000003,0.229,W1
QSO_32.8940128-17.1697229,55394.4179515,19.371,0.409,W1
QSO_32.8940128-17.1697229,55569.38614000002,19.169,,W1
QSO_32.8940128-17.1697229,55569.452314499984,19.145000000000003,,W1
QSO_32.8940128-17.1697229,55569.71661100001,19.172,,W1
QSO_32.8940128-17.1697229,55569.98090750004,19.28,,W1
QSO_32.8940128-17.1697229,55570.11311050001,19.056,,W1
QSO_32.8940128-17.1697229,56669.65970599998,18.507,0.36,W1
QSO_32.8940128-17.1697229,56669.98889950003,18.908,0.252,W1
QSO_32.8940128-17.1697229,56670.05481850004,18.582,0.207,W1
QSO_32.8940128-17.1697229,56670.51570399999,18.568,0.226,W1
QSO_32.8940128-17.1697229,56670.6474325,18.966,0.286,W1
QSO_32.8940128-17.1697229,56855.54292749997,18.76,0.239,W1
QSO_32.8940128-17.1697229,56858.76427150002,18.950000000000003,0.282,W1
QSO_32.8940128-17.1697229,57033.11126682061,19.01,0.475,W1
QSO_32.8940128-17.1697229,57033.50521133314,18.841,0.242,W1
QSO_32.8940128-17.1697229,57033.83352884349,18.894,0.257,W1
QSO_32.8940128-17.1697229,57392.86501855383,18.579,0.182,W1
QSO_32.8940128-17.1697229,57585.448222243904,18.878,0.288,W1
QSO_32.8940128-17.1697229,57752.528032727554,18.876,0.232,W1
QSO_32.8940128-17.1697229,57949.4070935,18.586,0.25,W1
QSO_32.8940128-17.1697229,57952.220330999975,18.742,0.352,W1
QSO_32.8940128-17.1697229,57952.67833299996,18.738,0.234,W1
QSO_32.8940128-17.1697229,58113.0467405,19.604,0.489,W1
QSO_32.8940128-17.1697229,58113.37378050001,19.255000000000003,0.374,W1
QSO_32.8940128-17.1697229,58113.50459649996,18.909,0.322,W1
QSO_32.8940128-17.1697229,58113.570004499976,19.177,0.323,W1
QSO_32.8940128-17.1697229,58113.63541249999,19.208,0.484,W1
QSO_32.8940128-17.1697229,58116.05572749999,18.94,0.317,W1
QSO_32.8940128-17.1697229,58116.51369300003,18.881,0.281,W1
QSO_32.8940128-17.1697229,58476.25838649999,19.154,0.301,W1
QSO_32.8940128-17.1697229,58840.84633800002,18.808,0.248,W1
QSO_32.8940128-17.1697229,58840.97700800002,18.633,0.208,W1
QSO_32.8940128-17.1697229,59205.56715520004,18.841,0.285,W1
QSO_32.8940128-17.1697229,59205.63259600002,18.74,0.235,W1
QSO_32.8940128-17.1697229,59207.85974260004,18.971,0.35,W1
QSO_32.8940128-17.1697229,59207.99077059996,18.734,0.246,W1
QSO_32.8940128-17.1697229,59572.2078705,18.639,0.217,W1
QSO_32.8940128-17.1697229,59572.20798000001,18.84,0.239,W1
QSO_32.8940128-17.1697229,59572.3385405,19.25,0.334,W1
QSO_32.8940128-17.1697229,59572.40383900001,18.759,0.214,W1
QSO_32.8940128-17.1697229,59572.5996615,18.99,0.27,W1
QSO_32.8940128-17.1697229,59775.804505499975,18.435,0.191,W1
QSO_32.8940128-17.1697229,59936.15429800002,18.636,0.257,W1
QSO_32.8940128-17.1697229,59936.284092,19.115,0.294,W1
QSO_32.8940128-17.1697229,59936.414762,18.927,0.241,W1
QSO_32.8940128-17.1697229,59936.54495750004,18.009999999999998,,W1
QSO_32.8940128-17.1697229,60302.680326500005,18.776000000000003,0.234,W1
QSO_32.8940128-17.1697229,60303.0672995,18.86,0.262,W1
QSO_32.8940128-17.1697229,60303.26085900001,18.94,0.285,W1
QSO_32.8940128-17.1697229,60303.64794150001,19.428,0.441,W1
QSO_32.8940128-17.1697229,55207.277524,18.494,,W2
QSO_32.8940128-17.1697229,55393.55863200001,18.138,,W2
QSO_32.8940128-17.1697229,55393.69083499998,18.988,0.543,W2
QSO_32.8940128-17.1697229,55393.75690000002,18.58,0.378,W2
QSO_32.8940128-17.1697229,55393.889103,18.372,,W2
QSO_32.8940128-17.1697229,55393.95527750004,18.42,,W2
QSO_32.8940128-17.1697229,55394.021305999966,18.549,,W2
QSO_32.8940128-17.1697229,55394.08737100001,18.308,,W2
QSO_32.8940128-17.1697229,55394.08748050001,18.986,,W2
QSO_32.8940128-17.1697229,55394.4179515,18.348,,W2
QSO_32.8940128-17.1697229,55569.38614000002,18.372,,W2
QSO_32.8940128-17.1697229,55569.452314499984,18.328,0.296,W2
QSO_32.8940128-17.1697229,55569.71661100001,18.646,,W2
QSO_32.8940128-17.1697229,55569.98090750004,18.99,,W2
QSO_32.8940128-17.1697229,55570.11311050001,18.072,,W2
QSO_32.8940128-17.1697229,56669.65970599998,18.16,,W2
QSO_32.8940128-17.1697229,56669.98889950003,18.561,0.432,W2
QSO_32.8940128-17.1697229,56670.05481850004,18.926,,W2
QSO_32.8940128-17.1697229,56670.51570399999,17.553,0.288,W2
QSO_32.8940128-17.1697229,56670.6474325,18.444,0.423,W2
QSO_32.8940128-17.1697229,56855.54292749997,18.128,,W2
QSO_32.8940128-17.1697229,56858.76427150002,17.802,,W2
QSO_32.8940128-17.1697229,57033.11126682061,18.579,,W2
QSO_32.8940128-17.1697229,57033.50521133314,18.392,,W2
QSO_32.8940128-17.1697229,57033.83352884349,18.121,,W2
QSO_32.8940128-17.1697229,57392.86501855383,18.406,,W2
QSO_32.8940128-17.1697229,57585.448222243904,18.526,0.487,W2
QSO_32.8940128-17.1697229,57752.528032727554,18.628,,W2
QSO_32.8940128-17.1697229,57949.4070935,18.596,,W2
QSO_32.8940128-17.1697229,57952.220330999975,18.277,0.441,W2
QSO_32.8940128-17.1697229,57952.67833299996,18.613,,W2
QSO_32.8940128-17.1697229,58113.0467405,18.159,,W2
QSO_32.8940128-17.1697229,58113.37378050001,18.156,,W2
QSO_32.8940128-17.1697229,58113.50459649996,17.948,,W2
QSO_32.8940128-17.1697229,58113.570004499976,17.823999999999998,,W2
QSO_32.8940128-17.1697229,58113.63541249999,18.275,0.383,W2
QSO_32.8940128-17.1697229,58116.05572749999,18.328,,W2
QSO_32.8940128-17.1697229,58116.51369300003,18.065,,W2
QSO_32.8940128-17.1697229,58476.25838649999,17.872,,W2
QSO_32.8940128-17.1697229,58840.84633800002,18.369,,W2
QSO_32.8940128-17.1697229,58840.97700800002,18.565,0.398,W2
QSO_32.8940128-17.1697229,59205.56715520004,18.203,,W2
QSO_32.8940128-17.1697229,59205.63259600002,18.066,,W2
QSO_32.8940128-17.1697229,59207.85974260004,17.623,,W2
QSO_32.8940128-17.1697229,59207.99077059996,18.04,,W2
QSO_32.8940128-17.1697229,59572.2078705,18.962,0.541,W2
QSO_32.8940128-17.1697229,59572.20798000001,18.681,,W2
QSO_32.8940128-17.1697229,59572.3385405,18.207,,W2
QSO_32.8940128-17.1697229,59572.40383900001,18.396,,W2
QSO_32.8940128-17.1697229,59572.5996615,18.093,,W2
QSO_32.8940128-17.1697229,59775.804505499975,18.687,,W2
QSO_32.8940128-17.1697229,59936.15429800002,18.319,,W2
QSO_32.8940128-17.1697229,59936.284092,18.202,,W2
QSO_32.8940128-17.1697229,59936.414762,18.543,,W2
QSO_32.8940128-17.1697229,59936.54495750004,18.492,0.528,W2
QSO_32.8940128-17.1697229,60302.680326500005,18.374,0.482,W2
QSO_32.8940128-17.1697229,60303.0672995,18.107,,W2
QSO_32.8940128-17.1697229,60303.26085900001,17.941,,W2
QSO_32.8940128-17.1697229,60303.64794150001,18.526,0.448,W2
QSO_32.9778976-16.9473472,55207.277524,19.114,0.306,W1
QSO_32.9778976-16.9473472,55393.55863200001,19.249,0.406,W1
QSO_32.9778976-16.9473472,55393.690725499975,19.156,0.305,W1
QSO_32.9778976-16.9473472,55393.69083499998,19.484,0.401,W1
QSO_32.9778976-16.9473472,55393.822928500034,18.622,0.227,W1
QSO_32.9778976-16.9473472,55393.889103,19.295,0.37,W1
QSO_32.9778976-16.9473472,55393.955131500006,18.86,0.303,W1
QSO_32.9778976-16.9473472,55394.021305999966,19.168,,W1
QSO_32.9778976-16.9473472,55394.08737100001,18.837000000000003,0.247,W1
QSO_32.9778976-16.9473472,55394.4179515,19.232,,W1
QSO_32.9778976-16.9473472,55394.55004499997,19.575000000000003,0.463,W1
QSO_32.9778976-16.9473472,55394.55015449997,18.856,0.279,W1
QSO_32.9778976-16.9473472,55394.68224800003,18.778,0.237,W1
QSO_32.9778976-16.9473472,55569.71661100001,18.964,,W1
QSO_32.9778976-16.9473472,55569.914879000025,18.918,0.252,W1
QSO_32.9778976-16.9473472,55569.98105349999,19.177,0.325,W1
QSO_32.9778976-16.9473472,55570.11311050001,19.356,0.454,W1
QSO_32.9778976-16.9473472,56670.12073749996,18.746,0.216,W1
QSO_32.9778976-16.9473472,56670.51570399999,19.188,0.409,W1
QSO_32.9778976-16.9473472,56670.6474325,18.773000000000003,0.235,W1
QSO_32.9778976-16.9473472,56855.54292749997,18.949,0.29,W1
QSO_32.9778976-16.9473472,56855.67440050003,19.051,0.31,W1
QSO_32.9778976-16.9473472,56858.43547950003,18.501,0.225,W1
QSO_32.9778976-16.9473472,56858.82993499999,18.94,0.338,W1
QSO_32.9778976-16.9473472,56859.421673,18.843,0.293,W1
QSO_32.9778976-16.9473472,57033.24255732477,18.854,0.334,W1
QSO_32.9778976-16.9473472,57220.45309568712,18.995,0.32,W1
QSO_32.9778976-16.9473472,57220.58427669128,18.964,0.253,W1
QSO_32.9778976-16.9473472,57221.17418970997,18.577,0.205,W1
QSO_32.9778976-16.9473472,57393.25920056634,18.75,0.222,W1
QSO_32.9778976-16.9473472,57393.71918938088,19.547,0.47,W1
QSO_32.9778976-16.9473472,57584.72603102113,18.815,0.247,W1
QSO_32.9778976-16.9473472,57585.18565383561,19.01,0.395,W1
QSO_32.9778976-16.9473472,57585.448222243904,18.774,0.233,W1
QSO_32.9778976-16.9473472,57752.65931693166,18.634,0.254,W1
QSO_32.9778976-16.9473472,57752.92177553995,18.962000000000003,0.268,W1
QSO_32.9778976-16.9473472,57753.05309572956,19.305,0.368,W1
QSO_32.9778976-16.9473472,57753.51245702748,18.868,0.282,W1
QSO_32.9778976-16.9473472,57753.64373971211,18.911,0.267,W1
QSO_32.9778976-16.9473472,57949.0800535,18.616,0.264,W1
QSO_32.9778976-16.9473472,57950.061392500014,18.633,0.202,W1
QSO_32.9778976-16.9473472,57952.61292500002,18.891,0.243,W1
QSO_32.9778976-16.9473472,57953.07089049999,18.454,0.21,W1
QSO_32.9778976-16.9473472,58113.43918850003,18.687,0.498,W1
QSO_32.9778976-16.9473472,58113.43933449998,18.641,0.227,W1
QSO_32.9778976-16.9473472,58113.5047425,18.849,0.236,W1
QSO_32.9778976-16.9473472,58114.027970000025,18.941000000000003,0.282,W1
QSO_32.9778976-16.9473472,58116.18668949997,18.748,0.235,W1
QSO_32.9778976-16.9473472,58116.51369300003,18.545,0.232,W1
QSO_32.9778976-16.9473472,58116.57910099996,18.904,0.305,W1
QSO_32.9778976-16.9473472,58476.97772849998,18.922,0.255,W1
QSO_32.9778976-16.9473472,58477.04299049997,18.963,0.308,W1
QSO_32.9778976-16.9473472,58477.10839849999,18.897,0.429,W1
QSO_32.9778976-16.9473472,58477.23921450002,19.638,0.474,W1
QSO_32.9778976-16.9473472,58680.34043500004,18.596,0.225,W1
QSO_32.9778976-16.9473472,58680.66721950001,18.609,0.258,W1
QSO_32.9778976-16.9473472,58840.7151205,19.047,0.281,W1
QSO_32.9778976-16.9473472,58840.84633800002,18.914,0.319,W1
QSO_32.9778976-16.9473472,58841.10782399998,18.81,0.257,W1
QSO_32.9778976-16.9473472,59047.69159120001,18.287,0.184,W1
QSO_32.9778976-16.9473472,59048.281217199976,18.699,0.371,W1
QSO_32.9778976-16.9473472,59205.37013740002,18.816000000000003,0.307,W1
QSO_32.9778976-16.9473472,59208.64602039997,18.717,0.283,W1
QSO_32.9778976-16.9473472,59411.79807199998,19.247,0.426,W1
QSO_32.9778976-16.9473472,59411.86333399997,18.612,0.24,W1
QSO_32.9778976-16.9473472,59412.3858315,18.894,0.276,W1
QSO_32.9778976-16.9473472,59572.077419500005,19.069000000000003,0.297,W1
QSO_32.9778976-16.9473472,59572.5996615,19.102,0.306,W1
QSO_32.9778976-16.9473472,59572.730222,18.467,0.203,W1
QSO_32.9778976-16.9473472,59572.795630000015,19.454,0.412,W1
QSO_32.9778976-16.9473472,59775.47848750003,18.708,0.222,W1
QSO_32.9778976-16.9473472,59775.80435950003,18.484,0.182,W1
QSO_32.9778976-16.9473472,59775.86965800004,18.559,0.262,W1
QSO_32.9778976-16.9473472,59936.8699535,19.249,0.354,W1
QSO_32.9778976-16.9473472,59944.42027049996,19.223,,W1
QSO_32.9778976-16.9473472,60142.79368250004,18.9,0.301,W1
QSO_32.9778976-16.9473472,60303.19632700003,18.658,0.23,W1
QSO_32.9778976-16.9473472,60507.512449,18.334,0.291,W1
QSO_32.9778976-16.9473472,60507.89601700003,18.574,0.266,W1
QSO_32.9778976-16.9473472,55207.277524,18.251,0.283,W2
QSO_32.9778976-16.9473472,55393.55863200001,19.019,,W2
QSO_32.9778976-16.9473472,55393.690725499975,18.799,,W2
QSO_32.9778976-16.9473472,55393.69083499998,18.87,,W2
QSO_32.9778976-16.9473472,55393.822928500034,18.579,,W2
QSO_32.9778976-16.9473472,55393.889103,18.441,,W2
QSO_32.9778976-16.9473472,55393.955131500006,18.27,0.281,W2
QSO_32.9778976-16.9473472,55394.021305999966,18.501,,W2
QSO_32.9778976-16.9473472,55394.08737100001,18.683,0.417,W2
QSO_32.9778976-16.9473472,55394.4179515,18.769,,W2
QSO_32.9778976-16.9473472,55394.55004499997,18.361,,W2
QSO_32.9778976-16.9473472,55394.55015449997,18.231,,W2
QSO_32.9778976-16.9473472,55394.68224800003,18.329,,W2
QSO_32.9778976-16.9473472,55569.71661100001,18.824,,W2
QSO_32.9778976-16.9473472,55569.914879000025,18.309,,W2
QSO_32.9778976-16.9473472,55569.98105349999,18.46,,W2
QSO_32.9778976-16.9473472,55570.11311050001,18.418,,W2
QSO_32.9778976-16.9473472,56670.12073749996,18.461,,W2
QSO_32.9778976-16.9473472,56670.51570399999,18.979,,W2
QSO_32.9778976-16.9473472,56670.6474325,18.786,,W2
QSO_32.9778976-16.9473472,56855.54292749997,18.133,,W2
QSO_32.9778976-16.9473472,56855.67440050003,18.582,,W2
QSO_32.9778976-16.9473472,56858.43547950003,18.425,,W2
QSO_32.9778976-16.9473472,56858.82993499999,18.39,,W2
QSO_32.9778976-16.9473472,56859.421673,18.652,0.451,W2
QSO_32.9778976-16.9473472,57033.24255732477,18.389,,W2
QSO_32.9778976-16.9473472,57220.45309568712,17.886,,W2
QSO_32.9778976-16.9473472,57220.58427669128,18.078,,W2
QSO_32.9778976-16.9473472,57221.17418970997,18.785,,W2
QSO_32.9778976-16.9473472,57393.25920056634,18.36,,W2
QSO_32.9778976-16.9473472,57393.71918938088,18.04,,W2
QSO_32.9778976-16.9473472,57584.72603102113,18.372,,W2
QSO_32.9778976-16.9473472,57585.18565383561,18.51,,W2
QSO_32.9778976-16.9473472,57585.448222243904,18.182,,W2
QSO_32.9778976-16.9473472,57752.65931693166,17.986,,W2
QSO_32.9778976-16.9473472,57752.92177553995,18.35,0.493,W2
QSO_32.9778976-16.9473472,57753.05309572956,18.15,,W2
QSO_32.9778976-16.9473472,57753.51245702748,18.665,,W2
QSO_32.9778976-16.9473472,57753.64373971211,18.059,,W2
QSO_32.9778976-16.9473472,57949.0800535,17.945999999999998,0.334,W2
QSO_32.9778976-16.9473472,57950.061392500014,17.58,,W2
QSO_32.9778976-16.9473472,57952.61292500002,18.147,,W2
QSO_32.9778976-16.9473472,57953.07089049999,18.745,0.515,W2
QSO_32.9778976-16.9473472,58113.43918850003,18.284,,W2
QSO_32.9778976-16.9473472,58113.43933449998,18.006999999999998,,W2
QSO_32.9778976-16.9473472,58113.5047425,18.112,,W2
QSO_32.9778976-16.9473472,58114.027970000025,18.051,,W2
QSO_32.9778976-16.9473472,58116.18668949997,17.956,,W2
QSO_32.9778976-16.9473472,58116.51369300003,18.225,,W2
QSO_32.9778976-16.9473472,58116.57910099996,17.567999999999998,,W2
QSO_32.9778976-16.9473472,58476.97772849998,18.289,,W2
QSO_32.9778976-16.9473472,58477.04299049997,18.993,,W2
QSO_32.9778976-16.9473472,58477.10839849999,18.605,,W2
QSO_32.9778976-16.9473472,58477.23921450002,18.39,0.444,W2
QSO_32.9778976-16.9473472,58680.34043500004,18.523,,W2
QSO_32.9778976-16.9473472,58680.66721950001,18.684,,W2
QSO_32.9778976-16.9473472,58840.7151205,18.412,0.338,W2
QSO_32.9778976-16.9473472,58840.84633800002,18.345,,W2
QSO_32.9778976-16.9473472,58841.10782399998,18.705,0.507,W2
QSO_32.9778976-16.9473472,59047.69159120001,18.294,,W2
QSO_32.9778976-16.9473472,59048.281217199976,,,W2
QSO_32.9778976-16.9473472,59205.37013740002,18.301,,W2
QSO_32.9778976-16.9473472,59208.64602039997,17.814,,W2
QSO_32.9778976-16.9473472,59411.79807199998,18.175,,W2
QSO_32.9778976-16.9473472,59411.86333399997,18.677,0.54,W2
QSO_32.9778976-16.9473472,59412.3858315,18.774,0.524,W2
QSO_32.9778976-16.9473472,59572.077419500005,17.944,,W2
QSO_32.9778976-16.9473472,59572.5996615,18.376,,W2
QSO_32.9778976-16.9473472,59572.730222,18.731,0.509,W2
QSO_32.9778976-16.9473472,59572.795630000015,18.594,,W2
QSO_32.9778976-16.9473472,59775.47848750003,17.794999999999998,,W2
QSO_32.9778976-16.9473472,59775.80435950003,18.144,,W2
QSO_32.9778976-16.9473472,59775.86965800004,18.51,,W2
QSO_32.9778976-16.9473472,59936.8699535,18.217,,W2
QSO_32.9778976-16.9473472,59944.42027049996,17.934,0.428,W2
QSO_32.9778976-16.9473472,60142.79368250004,18.081,,W2
QSO_32.9778976-16.9473472,60303.19632700003,18.144,0.329,W2
QSO_32.9778976-16.9473472,60507.512449,18.084,0.506,W2
QSO_32.9778976-16.9473472,60507.89601700003,18.112,,W2
QSO_32.753922-16.9830413,55207.277524,18.82,0.284,W1
QSO_32.753922-16.9830413,55393.55848599998,19.301,0.337,W1
QSO_32.753922-16.9830413,55393.55863200001,18.923,0.227,W1
QSO_32.753922-16.9830413,55393.690725499975,19.345,0.372,W1
QSO_32.753922-16.9830413,55393.75690000002,19.512,0.426,W1
QSO_32.753922-16.9830413,55393.822928500034,19.183,,W1
QSO_32.753922-16.9830413,55393.889103,18.944000000000003,0.276,W1
QSO_32.753922-16.9830413,55393.955131500006,19.324,0.417,W1
QSO_32.753922-16.9830413,55394.021305999966,19.315,,W1
QSO_32.753922-16.9830413,55394.417842,19.152,0.338,W1
QSO_32.753922-16.9830413,55394.4179515,19.446,0.398,W1
QSO_32.753922-16.9830413,55568.98975000003,19.627,0.488,W1
QSO_32.753922-16.9830413,55569.452314499984,19.783,,W1
QSO_32.753922-16.9830413,55569.71661100001,18.948,0.274,W1
QSO_32.753922-16.9830413,55569.98105349999,18.933,0.249,W1
QSO_32.753922-16.9830413,55570.11311050001,19.503,0.425,W1
QSO_32.753922-16.9830413,56669.65981549998,18.956000000000003,0.311,W1
QSO_32.753922-16.9830413,56670.186656499965,18.606,0.2,W1
QSO_32.753922-16.9830413,56855.54292749997,18.669,0.24,W1
QSO_32.753922-16.9830413,56855.67440050003,18.766,0.265,W1
QSO_32.753922-16.9830413,56855.805946499975,18.898000000000003,0.247,W1
QSO_32.753922-16.9830413,56856.003083,18.816000000000003,0.364,W1
QSO_32.753922-16.9830413,56856.39753849996,18.718,0.242,W1
QSO_32.753922-16.9830413,56858.82993499999,18.952,0.365,W1
QSO_32.753922-16.9830413,56859.421673,18.693,0.209,W1
QSO_32.753922-16.9830413,57033.37388432896,18.75,0.241,W1
QSO_32.753922-16.9830413,57033.50521133314,19.154,0.312,W1
QSO_32.753922-16.9830413,57033.83352884349,19.019,,W1
QSO_32.753922-16.9830413,57220.25647018085,19.57,0.481,W1
QSO_32.753922-16.9830413,57220.78086569752,18.72,0.307,W1
QSO_32.753922-16.9830413,57584.72603102113,18.997,0.272,W1
QSO_32.753922-16.9830413,57752.528032727554,19.345,0.366,W1
QSO_32.753922-16.9830413,57752.65931693166,18.677,0.196,W1
QSO_32.753922-16.9830413,57753.38113774316,18.878,0.267,W1
QSO_32.753922-16.9830413,57753.51245702748,18.871,0.316,W1
QSO_32.753922-16.9830413,57952.67833299996,18.987,0.491,W1
QSO_32.753922-16.9830413,58113.37392649996,19.062,0.399,W1
QSO_32.753922-16.9830413,58113.43918850003,18.53,0.211,W1
QSO_32.753922-16.9830413,58113.63555850003,18.659,0.249,W1
QSO_32.753922-16.9830413,58116.25209749999,18.894,0.42,W1
QSO_32.753922-16.9830413,58316.092334999965,19.604,0.493,W1
QSO_32.753922-16.9830413,58476.58538999997,18.849,0.237,W1
QSO_32.753922-16.9830413,58476.97772849998,18.911,0.279,W1
QSO_32.753922-16.9830413,58679.94813299997,19.067,0.316,W1
QSO_32.753922-16.9830413,58840.97700800002,18.763,0.22,W1
QSO_32.753922-16.9830413,58841.10782399998,19.157,0.336,W1
QSO_32.753922-16.9830413,59047.42938879997,18.463,0.32,W1
QSO_32.753922-16.9830413,59204.97752919998,19.229,0.469,W1
QSO_32.753922-16.9830413,59205.37013740002,18.874,0.302,W1
QSO_32.753922-16.9830413,59207.85985239996,18.697,,W1
QSO_32.753922-16.9830413,59411.406135000034,18.681,0.303,W1
QSO_32.753922-16.9830413,59411.79807199998,18.823,0.287,W1
QSO_32.753922-16.9830413,59412.124601,18.663,0.208,W1
QSO_32.753922-16.9830413,59572.5996615,18.901000000000003,0.255,W1
QSO_32.753922-16.9830413,59775.47848750003,18.661,0.229,W1
QSO_32.753922-16.9830413,59936.21945050001,18.849,0.242,W1
QSO_32.753922-16.9830413,59936.349609500016,18.879,0.289,W1
QSO_32.753922-16.9830413,60142.14613599999,18.67,0.221,W1
QSO_32.753922-16.9830413,60303.00291349996,18.741,0.328,W1
QSO_32.753922-16.9830413,60303.196472999975,18.645,0.288,W1
QSO_32.753922-16.9830413,60303.64794150001,18.794,0.298,W1
QSO_32.753922-16.9830413,55207.277524,18.858,0.519,W2
QSO_32.753922-16.9830413,55393.55848599998,19.05,,W2
QSO_32.753922-16.9830413,55393.55863200001,18.722,,W2
QSO_32.753922-16.9830413,55393.690725499975,18.48,,W2
QSO_32.753922-16.9830413,55393.75690000002,18.872,,W2
QSO_32.753922-16.9830413,55393.822928500034,19.011,,W2
QSO_32.753922-16.9830413,55393.889103,18.343,,W2
QSO_32.753922-16.9830413,55393.955131500006,18.324,,W2
QSO_32.753922-16.9830413,55394.021305999966,18.438,,W2
QSO_32.753922-16.9830413,55394.417842,18.355,,W2
QSO_32.753922-16.9830413,55394.4179515,18.266,,W2
QSO_32.753922-16.9830413,55568.98975000003,18.255,,W2
QSO_32.753922-16.9830413,55569.452314499984,18.295,,W2
QSO_32.753922-16.9830413,55569.71661100001,18.82,,W2
QSO_32.753922-16.9830413,55569.98105349999,18.733,0.443,W2
QSO_32.753922-16.9830413,55570.11311050001,18.962,,W2
QSO_32.753922-16.9830413,56669.65981549998,18.173,,W2
QSO_32.753922-16.9830413,56670.186656499965,18.507,,W2
QSO_32.753922-16.9830413,56855.54292749997,17.522,,W2
QSO_32.753922-16.9830413,56855.67440050003,18.731,,W2
QSO_32.753922-16.9830413,56855.805946499975,18.679,,W2
QSO_32.753922-16.9830413,56856.003083,18.277,,W2
QSO_32.753922-16.9830413,56856.39753849996,18.75,,W2
QSO_32.753922-16.9830413,56858.82993499999,18.21,,W2
QSO_32.753922-16.9830413,56859.421673,18.541,0.37,W2
QSO_32.753922-16.9830413,57033.37388432896,18.059,,W2
QSO_32.753922-16.9830413,57033.50521133314,18.787,,W2
QSO_32.753922-16.9830413,57033.83352884349,18.188,,W2
QSO_32.753922-16.9830413,57220.25647018085,18.549,,W2
QSO_32.753922-16.9830413,57220.78086569752,18.724,,W2
QSO_32.753922-16.9830413,57584.72603102113,18.035,,W2
QSO_32.753922-16.9830413,57752.528032727554,18.851,,W2
QSO_32.753922-16.9830413,57752.65931693166,18.585,,W2
QSO_32.753922-16.9830413,57753.38113774316,18.963,,W2
QSO_32.753922-16.9830413,57753.51245702748,18.512,0.471,W2
QSO_32.753922-16.9830413,57952.67833299996,18.356,,W2
QSO_32.753922-16.9830413,58113.37392649996,18.089,,W2
QSO_32.753922-16.9830413,58113.43918850003,18.867,,W2
QSO_32.753922-16.9830413,58113.63555850003,17.804,,W2
QSO_32.753922-16.9830413,58116.25209749999,17.529,,W2
QSO_32.753922-16.9830413,58316.092334999965,18.059,,W2
QSO_32.753922-16.9830413,58476.58538999997,18.641,0.433,W2
QSO_32.753922-16.9830413,58476.97772849998,18.374,,W2
QSO_32.753922-16.9830413,58679.94813299997,18.032,,W2
QSO_32.753922-16.9830413,58840.97700800002,18.452,,W2
QSO_32.753922-16.9830413,58841.10782399998,18.199,,W2
QSO_32.753922-16.9830413,59047.42938879997,18.773,,W2
QSO_32.753922-16.9830413,59204.97752919998,18.298,0.35,W2
QSO_32.753922-16.9830413,59205.37013740002,18.509,0.471,W2
QSO_32.753922-16.9830413,59207.85985239996,17.905,0.413,W2
QSO_32.753922-16.9830413,59411.406135000034,17.922,0.282,W2
QSO_32.753922-16.9830413,59411.79807199998,17.798,,W2
QSO_32.753922-16.9830413,59412.124601,18.272,,W2
QSO_32.753922-16.9830413,59572.5996615,18.426,0.406,W2
QSO_32.753922-16.9830413,59775.47848750003,18.142,,W2
QSO_32.753922-16.9830413,59936.21945050001,18.166,,W2
QSO_32.753922-16.9830413,59936.349609500016,18.461,0.472,W2
QSO_32.753922-16.9830413,60142.14613599999,18.686,0.54,W2
QSO_32.753922-16.9830413,60303.00291349996,18.354,,W2
QSO_32.753922-16.9830413,60303.196472999975,18.82,,W2
QSO_32.753922-16.9830413,60303.64794150001,18.75,,W2
QSO_32.7697916-17.1545348,55207.277524,18.925,0.252,W1
QSO_32.7697916-17.1545348,55207.34358900003,19.201,0.313,W1
QSO_32.7697916-17.1545348,55393.55863200001,19.25,0.342,W1
QSO_32.7697916-17.1545348,55393.62466050002,19.074,0.292,W1
QSO_32.7697916-17.1545348,55393.69083499998,19.101,,W1
QSO_32.7697916-17.1545348,55393.75690000002,18.693,0.215,W1
QSO_32.7697916-17.1545348,55393.889103,18.749,0.229,W1
QSO_32.7697916-17.1545348,55393.955131500006,19.009,,W1
QSO_32.7697916-17.1545348,55393.95527750004,19.546,0.523,W1
QSO_32.7697916-17.1545348,55394.021305999966,19.252,0.325,W1
QSO_32.7697916-17.1545348,55394.4179515,19.109,0.272,W1
QSO_32.7697916-17.1545348,55568.989640500025,19.261000000000003,0.372,W1
QSO_32.7697916-17.1545348,55569.32011150001,19.193,,W1
QSO_32.7697916-17.1545348,55569.38614000002,18.991,,W1
QSO_32.7697916-17.1545348,55569.452314499984,19.101,,W1
QSO_32.7697916-17.1545348,55569.71661100001,19.416,0.422,W1
QSO_32.7697916-17.1545348,55569.98090750004,19.595,0.46,W1
QSO_32.7697916-17.1545348,56670.05481850004,18.783,0.254,W1
QSO_32.7697916-17.1545348,56670.51570399999,19.222,0.354,W1
QSO_32.7697916-17.1545348,56855.805946499975,18.782,0.228,W1
QSO_32.7697916-17.1545348,57033.3082208269,18.914,0.255,W1
QSO_32.7697916-17.1545348,57033.37388432896,18.626,0.229,W1
QSO_32.7697916-17.1545348,57033.50521133314,18.542,0.213,W1
QSO_32.7697916-17.1545348,57393.58775877673,18.989,0.349,W1
QSO_32.7697916-17.1545348,57584.66044381903,18.805,0.243,W1
QSO_32.7697916-17.1545348,57752.528032727554,19.182,0.335,W1
QSO_32.7697916-17.1545348,57752.659207131655,19.157,0.462,W1
QSO_32.7697916-17.1545348,57752.79049133584,18.505,0.203,W1
QSO_32.7697916-17.1545348,57753.05309572956,18.993,0.347,W1
QSO_32.7697916-17.1545348,57753.38113774316,19.28,0.333,W1
QSO_32.7697916-17.1545348,57952.67833299996,19.331000000000003,0.417,W1
QSO_32.7697916-17.1545348,58113.570004499976,18.968,0.347,W1
QSO_32.7697916-17.1545348,58116.38276749999,18.559,0.25,W1
QSO_32.7697916-17.1545348,58316.09244449997,18.919,0.271,W1
QSO_32.7697916-17.1545348,58679.81746299996,18.873,0.265,W1
QSO_32.7697916-17.1545348,58840.7151205,18.842,0.285,W1
QSO_32.7697916-17.1545348,59205.37002760002,18.798,0.282,W1
QSO_32.7697916-17.1545348,59205.56715520004,19.16,0.348,W1
QSO_32.7697916-17.1545348,59205.63259600002,18.862,0.24,W1
QSO_32.7697916-17.1545348,59205.82910140004,19.043,0.304,W1
QSO_32.7697916-17.1545348,59205.82924779998,19.135,0.306,W1
QSO_32.7697916-17.1545348,59207.99091699999,18.768,0.356,W1
QSO_32.7697916-17.1545348,59411.79807199998,18.981,0.313,W1
QSO_32.7697916-17.1545348,59571.816189000005,19.029,0.299,W1
QSO_32.7697916-17.1545348,59572.27327850002,18.927,0.245,W1
QSO_32.7697916-17.1545348,59572.534399500015,18.556,0.315,W1
QSO_32.7697916-17.1545348,59935.89390700003,18.472,0.314,W1
QSO_32.7697916-17.1545348,59936.15440750003,19.055,0.281,W1
QSO_32.7697916-17.1545348,59936.21945050001,18.134,0.186,W1
QSO_32.7697916-17.1545348,59936.414762,18.571,0.191,W1
QSO_32.7697916-17.1545348,59936.47980499997,19.109,0.289,W1
QSO_32.7697916-17.1545348,55207.277524,18.396,,W2
QSO_32.7697916-17.1545348,55207.34358900003,18.191,,W2
QSO_32.7697916-17.1545348,55393.55863200001,18.568,,W2
QSO_32.7697916-17.1545348,55393.62466050002,18.762,0.434,W2
QSO_32.7697916-17.1545348,55393.69083499998,19.01,,W2
QSO_32.7697916-17.1545348,55393.75690000002,18.712,0.426,W2
QSO_32.7697916-17.1545348,55393.889103,18.79,0.503,W2
QSO_32.7697916-17.1545348,55393.955131500006,18.375,0.361,W2
QSO_32.7697916-17.1545348,55393.95527750004,19.093,,W2
QSO_32.7697916-17.1545348,55394.021305999966,18.884,0.523,W2
QSO_32.7697916-17.1545348,55394.4179515,18.947,0.46,W2
QSO_32.7697916-17.1545348,55568.989640500025,18.55,,W2
QSO_32.7697916-17.1545348,55569.32011150001,18.519,,W2
QSO_32.7697916-17.1545348,55569.38614000002,18.448,0.34,W2
QSO_32.7697916-17.1545348,55569.452314499984,18.555,,W2
QSO_32.7697916-17.1545348,55569.71661100001,18.922,,W2
QSO_32.7697916-17.1545348,55569.98090750004,18.526,,W2
QSO_32.7697916-17.1545348,56670.05481850004,18.203,,W2
QSO_32.7697916-17.1545348,56670.51570399999,18.613,0.501,W2
QSO_32.7697916-17.1545348,56855.805946499975,18.126,,W2
QSO_32.7697916-17.1545348,57033.3082208269,18.548,,W2
QSO_32.7697916-17.1545348,57033.37388432896,18.113,,W2
QSO_32.7697916-17.1545348,57033.50521133314,18.111,0.338,W2
QSO_32.7697916-17.1545348,57393.58775877673,18.725,0.447,W2
QSO_32.7697916-17.1545348,57584.66044381903,18.483,0.509,W2
QSO_32.7697916-17.1545348,57752.528032727554,18.379,,W2
QSO_32.7697916-17.1545348,57752.659207131655,17.663999999999998,0.311,W2
QSO_32.7697916-17.1545348,57752.79049133584,18.533,0.399,W2
QSO_32.7697916-17.1545348,57753.05309572956,18.927,0.519,W2
QSO_32.7697916-17.1545348,57753.38113774316,18.224,0.33,W2
QSO_32.7697916-17.1545348,57952.67833299996,18.135,0.473,W2
QSO_32.7697916-17.1545348,58113.570004499976,18.561,0.534,W2
QSO_32.7697916-17.1545348,58116.38276749999,17.717,,W2
QSO_32.7697916-17.1545348,58316.09244449997,18.653,,W2
QSO_32.7697916-17.1545348,58679.81746299996,18.354,,W2
QSO_32.7697916-17.1545348,58840.7151205,18.797,,W2
QSO_32.7697916-17.1545348,59205.37002760002,18.603,0.513,W2
QSO_32.7697916-17.1545348,59205.56715520004,18.703,,W2
QSO_32.7697916-17.1545348,59205.63259600002,18.661,0.493,W2
QSO_32.7697916-17.1545348,59205.82910140004,18.365,,W2
QSO_32.7697916-17.1545348,59205.82924779998,18.73,0.531,W2
QSO_32.7697916-17.1545348,59207.99091699999,18.322,,W2
QSO_32.7697916-17.1545348,59411.79807199998,18.356,0.422,W2
QSO_32.7697916-17.1545348,59571.816189000005,18.113,,W2
QSO_32.7697916-17.1545348,59572.27327850002,18.794,,W2
QSO_32.7697916-17.1545348,59572.534399500015,18.929,,W2
QSO_32.7697916-17.1545348,59935.89390700003,18.009,,W2
QSO_32.7697916-17.1545348,59936.15440750003,18.776,,W2
QSO_32.7697916-17.1545348,59936.21945050001,18.556,0.502,W2
QSO_32.7697916-17.1545348,59936.414762,18.77,,W2
QSO_32.7697916-17.1545348,59936.47980499997,18.19,,W2
QSO_32.9798816-17.1369116,55207.277524,19.198,0.319,W1
QSO_32.9798816-17.1369116,55393.55863200001,19.154,0.348,W1
QSO_32.9798816-17.1369116,55393.69083499998,19.212000000000003,0.309,W1
QSO_32.9798816-17.1369116,55393.889103,19.582,0.522,W1
QSO_32.9798816-17.1369116,55393.95527750004,19.098,,W1
QSO_32.9798816-17.1369116,55394.021305999966,18.664,0.205,W1
QSO_32.9798816-17.1369116,55394.08737100001,19.667,0.526,W1
QSO_32.9798816-17.1369116,55394.08748050001,19.142000000000003,,W1
QSO_32.9798816-17.1369116,55394.4179515,18.628,0.22,W1
QSO_32.9798816-17.1369116,55394.55015449997,18.74,0.225,W1
QSO_32.9798816-17.1369116,55569.38614000002,19.108,0.299,W1
QSO_32.9798816-17.1369116,55569.71661100001,19.497,0.423,W1
QSO_32.9798816-17.1369116,55569.98090750004,19.098,,W1
QSO_32.9798816-17.1369116,55570.11311050001,19.450000000000003,0.43,W1
QSO_32.9798816-17.1369116,56670.6474325,19.333,0.441,W1
QSO_32.9798816-17.1369116,56855.805946499975,18.346,0.265,W1
QSO_32.9798816-17.1369116,56859.02718100002,18.761000000000003,0.224,W1
QSO_32.9798816-17.1369116,56859.092954,19.255000000000003,0.375,W1
QSO_32.9798816-17.1369116,56859.421673,19.001,0.308,W1
QSO_32.9798816-17.1369116,57033.37388432896,19.102,0.302,W1
QSO_32.9798816-17.1369116,57033.50521133314,18.783,0.234,W1
QSO_32.9798816-17.1369116,57220.58427669128,18.872,0.253,W1
QSO_32.9798816-17.1369116,57393.25920056634,18.703000000000003,0.23,W1
QSO_32.9798816-17.1369116,57585.18565383561,19.166,0.332,W1
QSO_32.9798816-17.1369116,57585.448222243904,18.409,0.17,W1
QSO_32.9798816-17.1369116,57752.659207131655,18.722,0.233,W1
QSO_32.9798816-17.1369116,57752.92177553995,19.064,0.28,W1
QSO_32.9798816-17.1369116,57752.987362742046,18.894,0.237,W1
QSO_32.9798816-17.1369116,57753.51245702748,18.716,0.227,W1
QSO_32.9798816-17.1369116,57949.4070935,18.807,0.292,W1
QSO_32.9798816-17.1369116,57952.41670099997,18.882,0.262,W1
QSO_32.9798816-17.1369116,58113.0467405,18.993,0.268,W1
QSO_32.9798816-17.1369116,58113.17755650004,19.246,0.492,W1
QSO_32.9798816-17.1369116,58113.30837249999,18.956000000000003,0.259,W1
QSO_32.9798816-17.1369116,58113.76637449998,18.983,0.273,W1
QSO_32.9798816-17.1369116,58116.18654350002,18.791,0.261,W1
QSO_32.9798816-17.1369116,58316.09244449997,18.871,0.293,W1
QSO_32.9798816-17.1369116,58476.25838649999,18.6,0.19,W1
QSO_32.9798816-17.1369116,58477.10839849999,18.916,0.248,W1
QSO_32.9798816-17.1369116,58477.36992099997,18.79,0.214,W1
QSO_32.9798816-17.1369116,58840.84633800002,19.125,0.323,W1
QSO_32.9798816-17.1369116,58841.238530500006,19.105,0.287,W1
QSO_32.9798816-17.1369116,59205.501568000014,18.864,0.287,W1
QSO_32.9798816-17.1369116,59412.1247105,18.984,0.357,W1
QSO_32.9798816-17.1369116,59572.07731,18.793,0.266,W1
QSO_32.9798816-17.1369116,59572.2078705,18.992,0.294,W1
QSO_32.9798816-17.1369116,59572.20798000001,18.615,0.202,W1
QSO_32.9798816-17.1369116,59572.40383900001,18.979,0.251,W1
QSO_32.9798816-17.1369116,59572.534399500015,18.695,0.265,W1
QSO_32.9798816-17.1369116,59775.47848750003,18.743,0.244,W1
QSO_32.9798816-17.1369116,59775.73920699996,18.479,0.187,W1
QSO_32.9798816-17.1369116,59775.804505499975,18.732,0.22,W1
QSO_32.9798816-17.1369116,59775.86965800004,18.775,0.263,W1
QSO_32.9798816-17.1369116,59775.93481050002,18.411,0.188,W1
QSO_32.9798816-17.1369116,59775.999963,18.992,0.311,W1
QSO_32.9798816-17.1369116,59776.195530000026,18.694,0.313,W1
QSO_32.9798816-17.1369116,59936.349609500016,19.203000000000003,0.332,W1
QSO_32.9798816-17.1369116,59936.4146525,18.997,0.265,W1
QSO_32.9798816-17.1369116,59936.47980499997,18.629,0.199,W1
QSO_32.9798816-17.1369116,60302.938381499975,19.257,0.334,W1
QSO_32.9798816-17.1369116,60507.512449,18.398,0.264,W1
QSO_32.9798816-17.1369116,55207.277524,18.901,,W2
QSO_32.9798816-17.1369116,55393.55863200001,18.611,,W2
QSO_32.9798816-17.1369116,55393.69083499998,18.471,,W2
QSO_32.9798816-17.1369116,55393.889103,18.347,,W2
QSO_32.9798816-17.1369116,55393.95527750004,18.831,0.438,W2
QSO_32.9798816-17.1369116,55394.021305999966,18.829,0.47,W2
QSO_32.9798816-17.1369116,55394.08737100001,18.987,,W2
QSO_32.9798816-17.1369116,55394.08748050001,18.475,0.42,W2
QSO_32.9798816-17.1369116,55394.4179515,18.11,,W2
QSO_32.9798816-17.1369116,55394.55015449997,19.086,,W2
QSO_32.9798816-17.1369116,55569.38614000002,19.014,,W2
QSO_32.9798816-17.1369116,55569.71661100001,18.213,,W2
QSO_32.9798816-17.1369116,55569.98090750004,18.648,,W2
QSO_32.9798816-17.1369116,55570.11311050001,18.811,0.5,W2
QSO_32.9798816-17.1369116,56670.6474325,18.611,,W2
QSO_32.9798816-17.1369116,56855.805946499975,18.36,,W2
QSO_32.9798816-17.1369116,56859.02718100002,18.493,,W2
QSO_32.9798816-17.1369116,56859.092954,18.125,,W2
QSO_32.9798816-17.1369116,56859.421673,18.27,,W2
QSO_32.9798816-17.1369116,57033.37388432896,18.302,,W2
QSO_32.9798816-17.1369116,57033.50521133314,18.116,,W2
QSO_32.9798816-17.1369116,57220.58427669128,18.762,,W2
QSO_32.9798816-17.1369116,57393.25920056634,18.783,,W2
QSO_32.9798816-17.1369116,57585.18565383561,18.128,,W2
QSO_32.9798816-17.1369116,57585.448222243904,18.475,,W2
QSO_32.9798816-17.1369116,57752.659207131655,18.804,,W2
QSO_32.9798816-17.1369116,57752.92177553995,17.906,,W2
QSO_32.9798816-17.1369116,57752.987362742046,17.913999999999998,,W2
QSO_32.9798816-17.1369116,57753.51245702748,18.897,,W2
QSO_32.9798816-17.1369116,57949.4070935,18.373,,W2
QSO_32.9798816-17.1369116,57952.41670099997,18.578,,W2
QSO_32.9798816-17.1369116,58113.0467405,18.517,,W2
QSO_32.9798816-17.1369116,58113.17755650004,18.227,,W2
QSO_32.9798816-17.1369116,58113.30837249999,17.915,,W2
QSO_32.9798816-17.1369116,58113.76637449998,18.133,0.424,W2
QSO_32.9798816-17.1369116,58116.18654350002,18.162,,W2
QSO_32.9798816-17.1369116,58316.09244449997,18.08,,W2
QSO_32.9798816-17.1369116,58476.25838649999,17.979,,W2
QSO_32.9798816-17.1369116,58477.10839849999,18.039,,W2
QSO_32.9798816-17.1369116,58477.36992099997,18.948,,W2
QSO_32.9798816-17.1369116,58840.84633800002,18.335,,W2
QSO_32.9798816-17.1369116,58841.238530500006,18.236,,W2
QSO_32.9798816-17.1369116,59205.501568000014,18.112,,W2
QSO_32.9798816-17.1369116,59412.1247105,18.777,,W2
QSO_32.9798816-17.1369116,59572.07731,18.651,,W2
QSO_32.9798816-17.1369116,59572.2078705,18.961,,W2
QSO_32.9798816-17.1369116,59572.20798000001,17.805,,W2
QSO_32.9798816-17.1369116,59572.40383900001,18.644,,W2
QSO_32.9798816-17.1369116,59572.534399500015,18.515,,W2
QSO_32.9798816-17.1369116,59775.47848750003,18.565,,W2
QSO_32.9798816-17.1369116,59775.73920699996,18.126,,W2
QSO_32.9798816-17.1369116,59775.804505499975,18.549,,W2
QSO_32.9798816-17.1369116,59775.86965800004,17.785,,W2
QSO_32.9798816-17.1369116,59775.93481050002,17.964,,W2
QSO_32.9798816-17.1369116,59775.999963,18.063,,W2
QSO_32.9798816-17.1369116,59776.195530000026,18.428,,W2
QSO_32.9798816-17.1369116,59936.349609500016,18.777,,W2
QSO_32.9798816-17.1369116,59936.4146525,18.753,0.486,W2
QSO_32.9798816-17.1369116,59936.47980499997,18.038,,W2
QSO_32.9798816-17.1369116,60302.938381499975,18.287,,W2
QSO_32.9798816-17.1369116,60507.512449,17.988,,W2
QSO_33.0016677-17.1875528,55207.27741449999,19.077,0.304,W1
QSO_33.0016677-17.1875528,55207.277524,19.327,0.358,W1
QSO_33.0016677-17.1875528,55393.55863200001,19.069000000000003,,W1
QSO_33.0016677-17.1875528,55393.69083499998,18.732,0.211,W1
QSO_33.0016677-17.1875528,55393.889103,18.896,0.29,W1
QSO_33.0016677-17.1875528,55393.95527750004,18.827,0.216,W1
QSO_33.0016677-17.1875528,55394.021305999966,19.383000000000003,0.403,W1
QSO_33.0016677-17.1875528,55394.08748050001,19.041,0.303,W1
QSO_33.0016677-17.1875528,55394.4179515,19.626,0.449,W1
QSO_33.0016677-17.1875528,55394.55015449997,19.056,,W1
QSO_33.0016677-17.1875528,55569.38614000002,18.895000000000003,0.339,W1
QSO_33.0016677-17.1875528,55569.71661100001,19.465,0.54,W1
QSO_33.0016677-17.1875528,55569.98090750004,19.334000000000003,0.364,W1
QSO_33.0016677-17.1875528,55570.11311050001,19.049,0.302,W1
QSO_33.0016677-17.1875528,57393.25920056634,18.79,0.235,W1
QSO_33.0016677-17.1875528,58316.09244449997,19.096,0.367,W1
QSO_33.0016677-17.1875528,59205.69807340003,18.581,0.278,W1
QSO_33.0016677-17.1875528,59572.2078705,18.885,0.495,W1
QSO_33.0016677-17.1875528,55207.27741449999,18.486,,W2
QSO_33.0016677-17.1875528,55207.277524,18.385,,W2
QSO_33.0016677-17.1875528,55393.55863200001,18.335,,W2
QSO_33.0016677-17.1875528,55393.69083499998,18.724,0.437,W2
QSO_33.0016677-17.1875528,55393.889103,18.62,0.411,W2
QSO_33.0016677-17.1875528,55393.95527750004,18.412,0.322,W2
QSO_33.0016677-17.1875528,55394.021305999966,18.068,,W2
QSO_33.0016677-17.1875528,55394.08748050001,18.379,,W2
QSO_33.0016677-17.1875528,55394.4179515,18.66,,W2
QSO_33.0016677-17.1875528,55394.55015449997,18.863,,W2
QSO_33.0016677-17.1875528,55569.38614000002,18.366,,W2
QSO_33.0016677-17.1875528,55569.71661100001,18.6,,W2
QSO_33.0016677-17.1875528,55569.98090750004,18.686,0.478,W2
QSO_33.0016677-17.1875528,55570.11311050001,18.389,,W2
QSO_33.0016677-17.1875528,57393.25920056634,18.339,,W2
QSO_33.0016677-17.1875528,58316.09244449997,17.953,,W2
QSO_33.0016677-17.1875528,59205.69807340003,18.407,0.404,W2
QSO_33.0016677-17.1875528,59572.2078705,18.73,,W2
QSO_32.8605504-17.1617403,55207.277524,19.149,,W1
QSO_32.8605504-17.1617403,55393.55863200001,19.139000000000003,0.331,W1
QSO_32.8605504-17.1617403,55393.69083499998,19.39,0.369,W1
QSO_32.8605504-17.1617403,55393.75690000002,18.597,0.193,W1
QSO_32.8605504-17.1617403,55393.889103,19.168,0.341,W1
QSO_32.8605504-17.1617403,55393.95527750004,19.005000000000003,0.31,W1
QSO_32.8605504-17.1617403,55394.021305999966,19.241,0.374,W1
QSO_32.8605504-17.1617403,55394.4179515,18.532,0.178,W1
QSO_32.8605504-17.1617403,55568.989640500025,19.631,0.472,W1
QSO_32.8605504-17.1617403,55569.38614000002,19.274,,W1
QSO_32.8605504-17.1617403,55569.452314499984,19.687,0.487,W1
QSO_32.8605504-17.1617403,55569.71661100001,19.269,0.351,W1
QSO_32.8605504-17.1617403,55569.98090750004,18.984,0.281,W1
QSO_32.8605504-17.1617403,55570.11311050001,19.044,0.28,W1
QSO_32.8605504-17.1617403,56670.05481850004,19.089,0.47,W1
QSO_32.8605504-17.1617403,56670.6474325,18.661,0.225,W1
QSO_32.8605504-17.1617403,56856.39753849996,19.246,0.404,W1
QSO_32.8605504-17.1617403,56859.421673,19.303,0.336,W1
QSO_32.8605504-17.1617403,57033.24255732477,18.398,0.236,W1
QSO_32.8605504-17.1617403,57220.58427669128,18.909,0.243,W1
QSO_32.8605504-17.1617403,57393.19346696421,19.123,0.372,W1
QSO_32.8605504-17.1617403,57393.25920056634,18.826,0.231,W1
QSO_32.8605504-17.1617403,57393.58775877673,18.971,0.266,W1
QSO_32.8605504-17.1617403,57752.92177553995,18.573,0.197,W1
QSO_32.8605504-17.1617403,57753.51245702748,18.879,0.261,W1
QSO_32.8605504-17.1617403,58113.43918850003,19.093,0.316,W1
QSO_32.8605504-17.1617403,58113.76637449998,18.922,0.284,W1
QSO_32.8605504-17.1617403,58116.05572749999,18.711,0.23,W1
QSO_32.8605504-17.1617403,58116.18654350002,18.772,0.256,W1
QSO_32.8605504-17.1617403,58116.38276749999,18.983,0.423,W1
QSO_32.8605504-17.1617403,58116.64450899998,19.424,0.452,W1
QSO_32.8605504-17.1617403,58316.09244449997,18.667,0.209,W1
QSO_32.8605504-17.1617403,58477.23921450002,19.507,0.502,W1
QSO_32.8605504-17.1617403,58841.10771449997,19.022,0.274,W1
QSO_32.8605504-17.1617403,59047.69159120001,18.568,0.223,W1
QSO_32.8605504-17.1617403,59205.82924779998,18.765,0.235,W1
QSO_32.8605504-17.1617403,59205.96016599998,18.694,0.226,W1
QSO_32.8605504-17.1617403,59572.07731,18.508,,W1
QSO_32.8605504-17.1617403,59572.2078705,18.582,0.342,W1
QSO_32.8605504-17.1617403,59775.47848750003,18.871,0.277,W1
QSO_32.8605504-17.1617403,59775.73920699996,18.493,0.349,W1
QSO_32.8605504-17.1617403,59775.80435950003,18.586,0.21,W1
QSO_32.8605504-17.1617403,59775.86965800004,18.704,0.223,W1
QSO_32.8605504-17.1617403,59775.93481050002,18.521,0.187,W1
QSO_32.8605504-17.1617403,59776.195530000026,18.567,0.198,W1
QSO_32.8605504-17.1617403,59935.89390700003,18.55,0.184,W1
QSO_32.8605504-17.1617403,59936.4146525,18.919,0.363,W1
QSO_32.8605504-17.1617403,59936.47980499997,18.442,0.163,W1
QSO_32.8605504-17.1617403,59936.54495750004,18.687,0.362,W1
QSO_32.8605504-17.1617403,60303.0672995,18.807,0.304,W1
QSO_32.8605504-17.1617403,55207.277524,19.143,,W2
QSO_32.8605504-17.1617403,55393.55863200001,18.511,,W2
QSO_32.8605504-17.1617403,55393.69083499998,18.217,,W2
QSO_32.8605504-17.1617403,55393.75690000002,18.255,,W2
QSO_32.8605504-17.1617403,55393.889103,18.899,0.526,W2
QSO_32.8605504-17.1617403,55393.95527750004,18.29,,W2
QSO_32.8605504-17.1617403,55394.021305999966,18.324,,W2
QSO_32.8605504-17.1617403,55394.4179515,18.504,,W2
QSO_32.8605504-17.1617403,55568.989640500025,18.288,,W2
QSO_32.8605504-17.1617403,55569.38614000002,18.796,,W2
QSO_32.8605504-17.1617403,55569.452314499984,18.251,,W2
QSO_32.8605504-17.1617403,55569.71661100001,18.429,,W2
QSO_32.8605504-17.1617403,55569.98090750004,18.98,,W2
QSO_32.8605504-17.1617403,55570.11311050001,18.905,,W2
QSO_32.8605504-17.1617403,56670.05481850004,18.398,0.496,W2
QSO_32.8605504-17.1617403,56670.6474325,18.523,,W2
QSO_32.8605504-17.1617403,56856.39753849996,18.617,0.51,W2
QSO_32.8605504-17.1617403,56859.421673,18.054,,W2
QSO_32.8605504-17.1617403,57033.24255732477,18.148,,W2
QSO_32.8605504-17.1617403,57220.58427669128,18.939,0.541,W2
QSO_32.8605504-17.1617403,57393.19346696421,18.665,,W2
QSO_32.8605504-17.1617403,57393.25920056634,18.184,,W2
QSO_32.8605504-17.1617403,57393.58775877673,18.662,,W2
QSO_32.8605504-17.1617403,57752.92177553995,18.676,,W2
QSO_32.8605504-17.1617403,57753.51245702748,18.858,,W2
QSO_32.8605504-17.1617403,58113.43918850003,18.453,,W2
QSO_32.8605504-17.1617403,58113.76637449998,18.67,,W2
QSO_32.8605504-17.1617403,58116.05572749999,18.429,,W2
QSO_32.8605504-17.1617403,58116.18654350002,18.382,,W2
QSO_32.8605504-17.1617403,58116.38276749999,18.06,,W2
QSO_32.8605504-17.1617403,58116.64450899998,18.017,,W2
QSO_32.8605504-17.1617403,58316.09244449997,18.311,,W2
QSO_32.8605504-17.1617403,58477.23921450002,18.178,,W2
QSO_32.8605504-17.1617403,58841.10771449997,18.173,,W2
QSO_32.8605504-17.1617403,59047.69159120001,18.337,,W2
QSO_32.8605504-17.1617403,59205.82924779998,18.564,0.529,W2
QSO_32.8605504-17.1617403,59205.96016599998,18.746,,W2
QSO_32.8605504-17.1617403,59572.07731,18.595,0.53,W2
QSO_32.8605504-17.1617403,59572.2078705,18.456,,W2
QSO_32.8605504-17.1617403,59775.47848750003,18.174,,W2
QSO_32.8605504-17.1617403,59775.73920699996,17.924,,W2
QSO_32.8605504-17.1617403,59775.80435950003,18.284,,W2
QSO_32.8605504-17.1617403,59775.86965800004,18.804,,W2
QSO_32.8605504-17.1617403,59775.93481050002,18.43,,W2
QSO_32.8605504-17.1617403,59776.195530000026,18.421,,W2
QSO_32.8605504-17.1617403,59935.89390700003,18.926,,W2
QSO_32.8605504-17.1617403,59936.4146525,18.291,,W2
QSO_32.8605504-17.1617403,59936.47980499997,18.583,,W2
QSO_32.8605504-17.1617403,59936.54495750004,18.708,,W2
QSO_32.8605504-17.1617403,60303.0672995,18.907,,W2
QSO_32.8001988-17.1773166,55207.277524,18.693,0.207,W1
QSO_32.8001988-17.1773166,55393.55863200001,18.967,0.262,W1
QSO_32.8001988-17.1773166,55393.62466050002,19.208,0.352,W1
QSO_32.8001988-17.1773166,55393.69083499998,18.964,0.258,W1
QSO_32.8001988-17.1773166,55393.75690000002,19.159,,W1
QSO_32.8001988-17.1773166,55393.889103,19.104,0.299,W1
QSO_32.8001988-17.1773166,55393.95527750004,19.297,,W1
QSO_32.8001988-17.1773166,55394.021305999966,19.314,0.408,W1
QSO_32.8001988-17.1773166,55394.4179515,19.164,,W1
QSO_32.8001988-17.1773166,55568.989640500025,19.137,,W1
QSO_32.8001988-17.1773166,55569.32011150001,19.270000000000003,0.328,W1
QSO_32.8001988-17.1773166,55569.38614000002,19.229,,W1
QSO_32.8001988-17.1773166,55569.452314499984,19.291,0.384,W1
QSO_32.8001988-17.1773166,55569.71661100001,19.623,0.499,W1
QSO_32.8001988-17.1773166,55569.98090750004,19.056,0.283,W1
QSO_32.8001988-17.1773166,56669.65970599998,18.756,0.301,W1
QSO_32.8001988-17.1773166,56670.05481850004,18.721,0.246,W1
QSO_32.8001988-17.1773166,56670.51570399999,18.571,0.214,W1
QSO_32.8001988-17.1773166,56855.54292749997,19.337000000000003,0.523,W1
QSO_32.8001988-17.1773166,57033.37388432896,19.298,0.439,W1
QSO_32.8001988-17.1773166,57393.19346696421,19.293,0.406,W1
QSO_32.8001988-17.1773166,57584.66044381903,18.771,0.234,W1
QSO_32.8001988-17.1773166,57752.659207131655,18.373,0.238,W1
QSO_32.8001988-17.1773166,57952.41670099997,18.604,0.337,W1
QSO_32.8001988-17.1773166,58113.17755650004,18.752,0.25,W1
QSO_32.8001988-17.1773166,58113.37378050001,18.81,0.251,W1
QSO_32.8001988-17.1773166,58113.76637449998,18.848,0.25,W1
QSO_32.8001988-17.1773166,58115.7940955,18.616,0.295,W1
QSO_32.8001988-17.1773166,58116.05572749999,19.15,0.347,W1
QSO_32.8001988-17.1773166,58477.10839849999,19.18,0.317,W1
QSO_32.8001988-17.1773166,58840.7151205,18.858,0.287,W1
QSO_32.8001988-17.1773166,59205.3050626,18.976,0.267,W1
QSO_32.8001988-17.1773166,59205.63259600002,18.943,0.277,W1
QSO_32.8001988-17.1773166,59205.82924779998,18.549,0.208,W1
QSO_32.8001988-17.1773166,59412.1247105,19.141,0.359,W1
QSO_32.8001988-17.1773166,59571.816189000005,18.748,0.219,W1
QSO_32.8001988-17.1773166,59572.20798000001,19.002,0.298,W1
QSO_32.8001988-17.1773166,59775.47848750003,18.543,0.194,W1
QSO_32.8001988-17.1773166,59775.804505499975,19.032,0.297,W1
QSO_32.8001988-17.1773166,59936.15429800002,18.728,0.225,W1
QSO_32.8001988-17.1773166,60303.00291349996,18.499,,W1
QSO_32.8001988-17.1773166,60303.0672995,18.982,0.319,W1
QSO_32.8001988-17.1773166,60303.26085900001,18.59,0.27,W1
QSO_32.8001988-17.1773166,55207.277524,18.382,,W2
QSO_32.8001988-17.1773166,55393.55863200001,18.467,,W2
QSO_32.8001988-17.1773166,55393.62466050002,18.966,,W2
QSO_32.8001988-17.1773166,55393.69083499998,18.51,,W2
QSO_32.8001988-17.1773166,55393.75690000002,18.523,,W2
QSO_32.8001988-17.1773166,55393.889103,18.398,,W2
QSO_32.8001988-17.1773166,55393.95527750004,18.368,,W2
QSO_32.8001988-17.1773166,55394.021305999966,18.197,,W2
QSO_32.8001988-17.1773166,55394.4179515,19.187,,W2
QSO_32.8001988-17.1773166,55568.989640500025,18.334,,W2
QSO_32.8001988-17.1773166,55569.32011150001,18.488,,W2
QSO_32.8001988-17.1773166,55569.38614000002,18.262,,W2
QSO_32.8001988-17.1773166,55569.452314499984,18.477,,W2
QSO_32.8001988-17.1773166,55569.71661100001,18.598,,W2
QSO_32.8001988-17.1773166,55569.98090750004,18.727,0.443,W2
QSO_32.8001988-17.1773166,56669.65970599998,18.389,,W2
QSO_32.8001988-17.1773166,56670.05481850004,18.257,,W2
QSO_32.8001988-17.1773166,56670.51570399999,18.27,,W2
QSO_32.8001988-17.1773166,56855.54292749997,18.009999999999998,,W2
QSO_32.8001988-17.1773166,57033.37388432896,18.308,,W2
QSO_32.8001988-17.1773166,57393.19346696421,18.522,0.378,W2
QSO_32.8001988-17.1773166,57584.66044381903,18.451,,W2
QSO_32.8001988-17.1773166,57752.659207131655,17.769,,W2
QSO_32.8001988-17.1773166,57952.41670099997,18.522,,W2
QSO_32.8001988-17.1773166,58113.17755650004,18.525,,W2
QSO_32.8001988-17.1773166,58113.37378050001,18.501,,W2
QSO_32.8001988-17.1773166,58113.76637449998,18.058,,W2
QSO_32.8001988-17.1773166,58115.7940955,18.268,,W2
QSO_32.8001988-17.1773166,58116.05572749999,18.08,,W2
QSO_32.8001988-17.1773166,58477.10839849999,18.966,,W2
QSO_32.8001988-17.1773166,58840.7151205,18.418,,W2
QSO_32.8001988-17.1773166,59205.3050626,18.535,,W2
QSO_32.8001988-17.1773166,59205.63259600002,18.672,,W2
QSO_32.8001988-17.1773166,59205.82924779998,17.91,,W2
QSO_32.8001988-17.1773166,59412.1247105,18.441,,W2
QSO_32.8001988-17.1773166,59571.816189000005,18.534,,W2
QSO_32.8001988-17.1773166,59572.20798000001,18.333,,W2
QSO_32.8001988-17.1773166,59775.47848750003,17.849,,W2
QSO_32.8001988-17.1773166,59775.804505499975,18.16,,W2
QSO_32.8001988-17.1773166,59936.15429800002,18.417,,W2
QSO_32.8001988-17.1773166,60303.00291349996,18.457,,W2
QSO_32.8001988-17.1773166,60303.0672995,18.843,,W2
QSO_32.8001988-17.1773166,60303.26085900001,18.436,,W2
QSO_33.1210353-17.0403038,55208.26933850002,19.186,0.349,W1
QSO_33.1210353-17.0403038,55393.55863200001,18.909,0.262,W1
QSO_33.1210353-17.0403038,55393.69083499998,19.218,,W1
QSO_33.1210353-17.0403038,55393.955131500006,19.106,,W1
QSO_33.1210353-17.0403038,55393.95527750004,19.561,0.453,W1
QSO_33.1210353-17.0403038,55394.021305999966,19.495,,W1
QSO_33.1210353-17.0403038,55394.08737100001,19.366,0.433,W1
QSO_33.1210353-17.0403038,55394.08748050001,19.606,0.538,W1
QSO_33.1210353-17.0403038,55394.35177700004,18.523,0.19,W1
QSO_33.1210353-17.0403038,55394.4179515,18.781,0.226,W1
QSO_33.1210353-17.0403038,55394.55015449997,18.554,0.22,W1
QSO_33.1210353-17.0403038,55394.68239399997,19.353,0.391,W1
QSO_33.1210353-17.0403038,55569.38614000002,19.062,0.343,W1
QSO_33.1210353-17.0403038,55569.71661100001,19.385,,W1
QSO_33.1210353-17.0403038,55569.914879000025,19.221,,W1
QSO_33.1210353-17.0403038,55569.98090750004,19.585,0.476,W1
QSO_33.1210353-17.0403038,55570.11311050001,19.451,,W1
QSO_33.1210353-17.0403038,55570.37744349998,19.675,0.506,W1
QSO_33.1210353-17.0403038,56670.51570399999,18.821,0.237,W1
QSO_33.1210353-17.0403038,56855.805946499975,18.903,0.274,W1
QSO_33.1210353-17.0403038,56858.82993499999,18.700000000000003,0.262,W1
QSO_33.1210353-17.0403038,56859.55310950003,19.286,0.514,W1
QSO_33.1210353-17.0403038,57033.76786534144,18.951,0.414,W1
QSO_33.1210353-17.0403038,57585.18565383561,18.781,0.276,W1
QSO_33.1210353-17.0403038,57753.05309572956,19.259,0.324,W1
QSO_33.1210353-17.0403038,57753.38113774316,18.946,0.296,W1
QSO_33.1210353-17.0403038,57753.51245702748,19.551,0.514,W1
QSO_33.1210353-17.0403038,57753.64373971211,19.258000000000003,0.378,W1
QSO_33.1210353-17.0403038,58113.76622850003,18.502,0.223,W1
QSO_33.1210353-17.0403038,58116.18654350002,18.385,,W1
QSO_33.1210353-17.0403038,58116.51369300003,18.746,0.256,W1
QSO_33.1210353-17.0403038,58477.36992099997,18.348,0.167,W1
QSO_33.1210353-17.0403038,58477.500737,18.847,0.259,W1
QSO_33.1210353-17.0403038,58680.471141499984,18.598,0.196,W1
QSO_33.1210353-17.0403038,58840.84633800002,19.706000000000003,0.485,W1
QSO_33.1210353-17.0403038,59205.96016599998,18.861,0.28,W1
QSO_33.1210353-17.0403038,59206.35328660002,18.644,0.202,W1
QSO_33.1210353-17.0403038,59208.64602039997,19.224,0.343,W1
QSO_33.1210353-17.0403038,59412.19000900002,19.284,0.476,W1
QSO_33.1210353-17.0403038,59412.320569500014,18.793,0.277,W1
QSO_33.1210353-17.0403038,59412.64720800003,18.431,0.167,W1
QSO_33.1210353-17.0403038,59572.5996615,19.234,0.328,W1
QSO_33.1210353-17.0403038,59572.730222,19.584000000000003,0.451,W1
QSO_33.1210353-17.0403038,59936.54495750004,18.415,0.168,W1
QSO_33.1210353-17.0403038,60507.57638920004,18.449,0.232,W1
QSO_33.1210353-17.0403038,55208.26933850002,18.792,0.473,W2
QSO_33.1210353-17.0403038,55393.55863200001,18.859,0.456,W2
QSO_33.1210353-17.0403038,55393.69083499998,19.065,,W2
QSO_33.1210353-17.0403038,55393.955131500006,18.501,,W2
QSO_33.1210353-17.0403038,55393.95527750004,18.806,0.497,W2
QSO_33.1210353-17.0403038,55394.021305999966,18.41,,W2
QSO_33.1210353-17.0403038,55394.08737100001,18.392,,W2
QSO_33.1210353-17.0403038,55394.08748050001,19.07,0.53,W2
QSO_33.1210353-17.0403038,55394.35177700004,18.46,0.313,W2
QSO_33.1210353-17.0403038,55394.4179515,18.651,,W2
QSO_33.1210353-17.0403038,55394.55015449997,18.722,,W2
QSO_33.1210353-17.0403038,55394.68239399997,18.256,,W2
QSO_33.1210353-17.0403038,55569.38614000002,18.865,0.502,W2
QSO_33.1210353-17.0403038,55569.71661100001,19.028,,W2
QSO_33.1210353-17.0403038,55569.914879000025,18.262,,W2
QSO_33.1210353-17.0403038,55569.98090750004,18.205,,W2
QSO_33.1210353-17.0403038,55570.11311050001,18.2,,W2
QSO_33.1210353-17.0403038,55570.37744349998,18.855,,W2
QSO_33.1210353-17.0403038,56670.51570399999,18.038,0.368,W2
QSO_33.1210353-17.0403038,56855.805946499975,17.823999999999998,,W2
QSO_33.1210353-17.0403038,56858.82993499999,18.195,,W2
QSO_33.1210353-17.0403038,56859.55310950003,17.868,0.427,W2
QSO_33.1210353-17.0403038,57033.76786534144,18.284,,W2
QSO_33.1210353-17.0403038,57585.18565383561,18.237,,W2
QSO_33.1210353-17.0403038,57753.05309572956,18.571,0.359,W2
QSO_33.1210353-17.0403038,57753.38113774316,18.035,,W2
QSO_33.1210353-17.0403038,57753.51245702748,18.707,0.455,W2
QSO_33.1210353-17.0403038,57753.64373971211,18.592,0.424,W2
QSO_33.1210353-17.0403038,58113.76622850003,18.609,0.483,W2
QSO_33.1210353-17.0403038,58116.18654350002,17.612,,W2
QSO_33.1210353-17.0403038,58116.51369300003,17.701999999999998,,W2
QSO_33.1210353-17.0403038,58477.36992099997,18.595,,W2
QSO_33.1210353-17.0403038,58477.500737,18.463,,W2
QSO_33.1210353-17.0403038,58680.471141499984,18.247,,W2
QSO_33.1210353-17.0403038,58840.84633800002,18.003999999999998,0.504,W2
QSO_33.1210353-17.0403038,59205.96016599998,18.346,,W2
QSO_33.1210353-17.0403038,59206.35328660002,17.846999999999998,,W2
QSO_33.1210353-17.0403038,59208.64602039997,17.747,,W2
QSO_33.1210353-17.0403038,59412.19000900002,17.570999999999998,,W2
QSO_33.1210353-17.0403038,59412.320569500014,18.562,0.496,W2
QSO_33.1210353-17.0403038,59412.64720800003,18.056,,W2
QSO_33.1210353-17.0403038,59572.5996615,18.072,0.349,W2
QSO_33.1210353-17.0403038,59572.730222,18.953,0.519,W2
QSO_33.1210353-17.0403038,59936.54495750004,18.575,,W2
QSO_33.1210353-17.0403038,60507.57638920004,18.513,,W2
QSO_32.8955808-16.9492885,55207.277524,19.19,0.31,W1
QSO_32.8955808-16.9492885,55393.55848599998,19.07,0.293,W1
QSO_32.8955808-16.9492885,55393.55863200001,18.974,0.3,W1
QSO_32.8955808-16.9492885,55393.690725499975,18.931,0.246,W1
QSO_32.8955808-16.9492885,55393.822928500034,18.797,0.266,W1
QSO_32.8955808-16.9492885,55393.889103,19.074,0.335,W1
QSO_32.8955808-16.9492885,55393.955131500006,19.503,0.522,W1
QSO_32.8955808-16.9492885,55394.021305999966,18.9,0.252,W1
QSO_32.8955808-16.9492885,55394.08737100001,19.004,0.3,W1
QSO_32.8955808-16.9492885,55394.4179515,19.121,0.297,W1
QSO_32.8955808-16.9492885,55394.55004499997,18.76,0.217,W1
QSO_32.8955808-16.9492885,55394.55015449997,18.636,0.212,W1
QSO_32.8955808-16.9492885,55569.71661100001,19.035,,W1
QSO_32.8955808-16.9492885,55569.98105349999,19.345,0.418,W1
QSO_32.8955808-16.9492885,55570.11311050001,19.139000000000003,0.33,W1
QSO_32.8955808-16.9492885,56670.05492800004,18.886000000000003,0.273,W1
QSO_32.8955808-16.9492885,56670.12073749996,19.319000000000003,0.504,W1
QSO_32.8955808-16.9492885,56670.31823900003,18.662,0.23,W1
QSO_32.8955808-16.9492885,56670.38412150001,19.112,0.373,W1
QSO_32.8955808-16.9492885,56670.51570399999,18.6,0.19,W1
QSO_32.8955808-16.9492885,56855.54292749997,18.694,0.224,W1
QSO_32.8955808-16.9492885,56856.06885599998,18.653,0.255,W1
QSO_32.8955808-16.9492885,56859.02718100002,18.764000000000003,0.291,W1
QSO_32.8955808-16.9492885,56859.092954,18.806,0.22,W1
QSO_32.8955808-16.9492885,56859.55310950003,18.459,0.228,W1
QSO_32.8955808-16.9492885,57033.24255732477,19.272,0.368,W1
QSO_32.8955808-16.9492885,57033.37388432896,18.523,0.281,W1
QSO_32.8955808-16.9492885,57392.86501855383,18.606,0.293,W1
QSO_32.8955808-16.9492885,57393.58775877673,18.568,0.202,W1
QSO_32.8955808-16.9492885,57584.988636029375,18.655,0.37,W1
QSO_32.8955808-16.9492885,57585.05433303147,18.906,0.257,W1
QSO_32.8955808-16.9492885,57585.448222243904,18.986,0.321,W1
QSO_32.8955808-16.9492885,57752.79049133584,19.494,0.443,W1
QSO_32.8955808-16.9492885,57752.987362742046,18.742,0.267,W1
QSO_32.8955808-16.9492885,57753.05309572956,19.066000000000003,0.313,W1
QSO_32.8955808-16.9492885,57753.38113774316,18.983,0.442,W1
QSO_32.8955808-16.9492885,57753.64373971211,19.052,0.303,W1
QSO_32.8955808-16.9492885,57952.41670099997,18.122,0.196,W1
QSO_32.8955808-16.9492885,57952.80914899999,18.933,0.311,W1
QSO_32.8955808-16.9492885,58113.0467405,19.109,0.324,W1
QSO_32.8955808-16.9492885,58113.30837249999,18.963,,W1
QSO_32.8955808-16.9492885,58113.76637449998,18.741,0.271,W1
QSO_32.8955808-16.9492885,58114.027970000025,19.663,0.531,W1
QSO_32.8955808-16.9492885,58116.3175055,18.725,0.262,W1
QSO_32.8955808-16.9492885,58116.51369300003,19.164,0.477,W1
QSO_32.8955808-16.9492885,58476.97772849998,18.611,0.269,W1
QSO_32.8955808-16.9492885,58477.23921450002,18.94,0.27,W1
QSO_32.8955808-16.9492885,58679.81746299996,18.836,0.347,W1
QSO_32.8955808-16.9492885,58680.144247500015,18.889000000000003,0.266,W1
QSO_32.8955808-16.9492885,58840.84633800002,18.983,0.324,W1
QSO_32.8955808-16.9492885,58840.97700800002,18.618,0.208,W1
QSO_32.8955808-16.9492885,58841.238530500006,18.989,0.267,W1
QSO_32.8955808-16.9492885,59048.15018919998,19.522,0.489,W1
QSO_32.8955808-16.9492885,59205.56715520004,18.985,0.334,W1
QSO_32.8955808-16.9492885,59205.69818320003,18.709000000000003,0.336,W1
QSO_32.8955808-16.9492885,59572.20798000001,18.839,0.334,W1
QSO_32.8955808-16.9492885,59572.40383900001,18.973,0.299,W1
QSO_32.8955808-16.9492885,59572.5996615,18.712000000000003,0.201,W1
QSO_32.8955808-16.9492885,59936.47980499997,18.878,0.253,W1
QSO_32.8955808-16.9492885,60303.26085900001,18.631,,W1
QSO_32.8955808-16.9492885,55207.277524,18.656,,W2
QSO_32.8955808-16.9492885,55393.55848599998,19.048,,W2
QSO_32.8955808-16.9492885,55393.55863200001,18.229,,W2
QSO_32.8955808-16.9492885,55393.690725499975,19.086,,W2
QSO_32.8955808-16.9492885,55393.822928500034,18.452,,W2
QSO_32.8955808-16.9492885,55393.889103,18.839,0.473,W2
QSO_32.8955808-16.9492885,55393.955131500006,18.676,,W2
QSO_32.8955808-16.9492885,55394.021305999966,18.692,,W2
QSO_32.8955808-16.9492885,55394.08737100001,18.741,,W2
QSO_32.8955808-16.9492885,55394.4179515,18.783,0.533,W2
QSO_32.8955808-16.9492885,55394.55004499997,18.73,,W2
QSO_32.8955808-16.9492885,55394.55015449997,18.812,,W2
QSO_32.8955808-16.9492885,55569.71661100001,18.437,,W2
QSO_32.8955808-16.9492885,55569.98105349999,18.286,,W2
QSO_32.8955808-16.9492885,55570.11311050001,18.498,,W2
QSO_32.8955808-16.9492885,56670.05492800004,18.308,,W2
QSO_32.8955808-16.9492885,56670.12073749996,18.578,,W2
QSO_32.8955808-16.9492885,56670.31823900003,18.617,,W2
QSO_32.8955808-16.9492885,56670.38412150001,18.42,0.365,W2
QSO_32.8955808-16.9492885,56670.51570399999,18.067,,W2
QSO_32.8955808-16.9492885,56855.54292749997,18.638,,W2
QSO_32.8955808-16.9492885,56856.06885599998,18.11,,W2
QSO_32.8955808-16.9492885,56859.02718100002,18.159,,W2
QSO_32.8955808-16.9492885,56859.092954,18.568,,W2
QSO_32.8955808-16.9492885,56859.55310950003,18.932,,W2
QSO_32.8955808-16.9492885,57033.24255732477,18.183,,W2
QSO_32.8955808-16.9492885,57033.37388432896,18.784,,W2
QSO_32.8955808-16.9492885,57392.86501855383,18.751,,W2
QSO_32.8955808-16.9492885,57393.58775877673,18.46,,W2
QSO_32.8955808-16.9492885,57584.988636029375,18.393,,W2
QSO_32.8955808-16.9492885,57585.05433303147,18.712,,W2
QSO_32.8955808-16.9492885,57585.448222243904,18.33,,W2
QSO_32.8955808-16.9492885,57752.79049133584,18.731,,W2
QSO_32.8955808-16.9492885,57752.987362742046,18.3,,W2
QSO_32.8955808-16.9492885,57753.05309572956,18.261,,W2
QSO_32.8955808-16.9492885,57753.38113774316,18.02,,W2
QSO_32.8955808-16.9492885,57753.64373971211,18.939,,W2
QSO_32.8955808-16.9492885,57952.41670099997,18.444,,W2
QSO_32.8955808-16.9492885,57952.80914899999,18.415,0.519,W2
QSO_32.8955808-16.9492885,58113.0467405,18.579,,W2
QSO_32.8955808-16.9492885,58113.30837249999,18.057,,W2
QSO_32.8955808-16.9492885,58113.76637449998,18.324,,W2
QSO_32.8955808-16.9492885,58114.027970000025,17.797,,W2
QSO_32.8955808-16.9492885,58116.3175055,17.66,,W2
QSO_32.8955808-16.9492885,58116.51369300003,17.843,,W2
QSO_32.8955808-16.9492885,58476.97772849998,18.692,0.471,W2
QSO_32.8955808-16.9492885,58477.23921450002,18.801,0.48,W2
QSO_32.8955808-16.9492885,58679.81746299996,18.369,,W2
QSO_32.8955808-16.9492885,58680.144247500015,18.481,0.398,W2
QSO_32.8955808-16.9492885,58840.84633800002,18.976,,W2
QSO_32.8955808-16.9492885,58840.97700800002,18.938,,W2
QSO_32.8955808-16.9492885,58841.238530500006,18.234,,W2
QSO_32.8955808-16.9492885,59048.15018919998,18.895,,W2
QSO_32.8955808-16.9492885,59205.56715520004,18.27,,W2
QSO_32.8955808-16.9492885,59205.69818320003,18.159,,W2
QSO_32.8955808-16.9492885,59572.20798000001,18.071,,W2
QSO_32.8955808-16.9492885,59572.40383900001,18.932,,W2
QSO_32.8955808-16.9492885,59572.5996615,18.729,,W2
QSO_32.8955808-16.9492885,59936.47980499997,18.193,,W2
QSO_32.8955808-16.9492885,60303.26085900001,18.509,,W2
QSO_32.9045571-17.2678334,55207.27741449999,18.868,0.244,W1
QSO_32.9045571-17.2678334,55207.277524,19.077,,W1
QSO_32.9045571-17.2678334,55393.55863200001,19.646,,W1
QSO_32.9045571-17.2678334,55393.69083499998,19.49,0.39,W1
QSO_32.9045571-17.2678334,55393.75690000002,19.562,0.466,W1
QSO_32.9045571-17.2678334,55393.889103,18.911,0.261,W1
QSO_32.9045571-17.2678334,55393.95527750004,18.939,0.28,W1
QSO_32.9045571-17.2678334,55394.021305999966,19.317,0.347,W1
QSO_32.9045571-17.2678334,55394.4179515,19.617,0.508,W1
QSO_32.9045571-17.2678334,55568.989640500025,19.270000000000003,,W1
QSO_32.9045571-17.2678334,55569.25393699997,19.173,,W1
QSO_32.9045571-17.2678334,55569.38614000002,19.723,0.504,W1
QSO_32.9045571-17.2678334,55569.452314499984,19.099,0.311,W1
QSO_32.9045571-17.2678334,55569.71661100001,19.74,0.537,W1
QSO_32.9045571-17.2678334,55569.98090750004,19.616,,W1
QSO_32.9045571-17.2678334,55570.11311050001,19.015,0.275,W1
QSO_32.9045571-17.2678334,56670.6474325,18.92,0.269,W1
QSO_32.9045571-17.2678334,56855.805946499975,18.713,0.218,W1
QSO_32.9045571-17.2678334,57393.19346696421,18.950000000000003,0.257,W1
QSO_32.9045571-17.2678334,57753.51245702748,18.871,0.251,W1
QSO_32.9045571-17.2678334,58113.37378050001,18.871,0.277,W1
QSO_32.9045571-17.2678334,58113.63541249999,19.239,0.333,W1
QSO_32.9045571-17.2678334,58114.027970000025,18.844,0.295,W1
QSO_32.9045571-17.2678334,58115.7940955,18.99,0.295,W1
QSO_32.9045571-17.2678334,58476.97758250003,18.881,0.274,W1
QSO_32.9045571-17.2678334,58840.84633800002,19.128,0.337,W1
QSO_32.9045571-17.2678334,59047.69159120001,18.754,0.24,W1
QSO_32.9045571-17.2678334,59208.31845040001,19.0,,W1
QSO_32.9045571-17.2678334,59208.97355379999,18.729,0.294,W1
QSO_32.9045571-17.2678334,59411.79818149999,18.79,0.255,W1
QSO_32.9045571-17.2678334,59572.07731,19.296,0.365,W1
QSO_32.9045571-17.2678334,59572.2078705,18.933,0.511,W1
QSO_32.9045571-17.2678334,59572.27327850002,19.431,0.394,W1
QSO_32.9045571-17.2678334,59775.86965800004,18.771,0.23,W1
QSO_32.9045571-17.2678334,59936.21945050001,19.211,,W1
QSO_32.9045571-17.2678334,59936.28394599997,18.616,0.232,W1
QSO_32.9045571-17.2678334,59936.284092,19.015,0.351,W1
QSO_32.9045571-17.2678334,59936.4146525,18.895000000000003,0.26,W1
QSO_32.9045571-17.2678334,60302.680326500005,19.198,0.329,W1
QSO_32.9045571-17.2678334,60302.93827199997,18.566000000000003,0.256,W1
QSO_32.9045571-17.2678334,60303.0672995,19.019,0.296,W1
QSO_32.9045571-17.2678334,60303.19632700003,18.92,0.284,W1
QSO_32.9045571-17.2678334,55207.27741449999,18.877,,W2
QSO_32.9045571-17.2678334,55207.277524,18.896,,W2
QSO_32.9045571-17.2678334,55393.55863200001,18.892,,W2
QSO_32.9045571-17.2678334,55393.69083499998,18.934,,W2
QSO_32.9045571-17.2678334,55393.75690000002,18.957,,W2
QSO_32.9045571-17.2678334,55393.889103,18.803,,W2
QSO_32.9045571-17.2678334,55393.95527750004,18.907,,W2
QSO_32.9045571-17.2678334,55394.021305999966,18.674,0.402,W2
QSO_32.9045571-17.2678334,55394.4179515,18.652,0.408,W2
QSO_32.9045571-17.2678334,55568.989640500025,18.768,,W2
QSO_32.9045571-17.2678334,55569.25393699997,18.489,0.363,W2
QSO_32.9045571-17.2678334,55569.38614000002,18.942,,W2
QSO_32.9045571-17.2678334,55569.452314499984,18.355,,W2
QSO_32.9045571-17.2678334,55569.71661100001,18.464,,W2
QSO_32.9045571-17.2678334,55569.98090750004,18.311,,W2
QSO_32.9045571-17.2678334,55570.11311050001,19.008,,W2
QSO_32.9045571-17.2678334,56670.6474325,18.715,,W2
QSO_32.9045571-17.2678334,56855.805946499975,18.8,,W2
QSO_32.9045571-17.2678334,57393.19346696421,18.254,,W2
QSO_32.9045571-17.2678334,57753.51245702748,18.656,,W2
QSO_32.9045571-17.2678334,58113.37378050001,18.512,0.418,W2
QSO_32.9045571-17.2678334,58113.63541249999,18.532,0.483,W2
QSO_32.9045571-17.2678334,58114.027970000025,18.003999999999998,,W2
QSO_32.9045571-17.2678334,58115.7940955,18.455,,W2
QSO_32.9045571-17.2678334,58476.97758250003,18.609,0.515,W2
QSO_32.9045571-17.2678334,58840.84633800002,18.42,,W2
QSO_32.9045571-17.2678334,59047.69159120001,18.213,,W2
QSO_32.9045571-17.2678334,59208.31845040001,17.642,,W2
QSO_32.9045571-17.2678334,59208.97355379999,18.397,0.515,W2
QSO_32.9045571-17.2678334,59411.79818149999,18.305,,W2
QSO_32.9045571-17.2678334,59572.07731,18.193,0.48,W2
QSO_32.9045571-17.2678334,59572.2078705,18.781,,W2
QSO_32.9045571-17.2678334,59572.27327850002,18.846,0.487,W2
QSO_32.9045571-17.2678334,59775.86965800004,18.579,,W2
QSO_32.9045571-17.2678334,59936.21945050001,18.655,,W2
QSO_32.9045571-17.2678334,59936.28394599997,18.215,,W2
QSO_32.9045571-17.2678334,59936.284092,18.754,,W2
QSO_32.9045571-17.2678334,59936.4146525,18.459,,W2
QSO_32.9045571-17.2678334,60302.680326500005,17.898,0.289,W2
QSO_32.9045571-17.2678334,60302.93827199997,18.415,0.522,W2
QSO_32.9045571-17.2678334,60303.0672995,18.491,0.525,W2
QSO_32.9045571-17.2678334,60303.19632700003,18.277,,W2
QSO_32.9023551-16.8908356,55207.277524,18.955,0.275,W1
QSO_32.9023551-16.8908356,55393.426283,19.526000000000003,0.443,W1
QSO_32.9023551-16.8908356,55393.55848599998,19.615,0.467,W1
QSO_32.9023551-16.8908356,55393.55863200001,19.073,,W1
QSO_32.9023551-16.8908356,55393.690725499975,18.895000000000003,0.259,W1
QSO_32.9023551-16.8908356,55393.822928500034,19.176,0.317,W1
QSO_32.9023551-16.8908356,55393.889103,19.422,0.482,W1
QSO_32.9023551-16.8908356,55393.955131500006,19.255000000000003,0.341,W1
QSO_32.9023551-16.8908356,55394.021305999966,19.104,0.348,W1
QSO_32.9023551-16.8908356,55394.08737100001,19.246,,W1
QSO_32.9023551-16.8908356,55394.417842,19.077,0.321,W1
QSO_32.9023551-16.8908356,55394.4179515,19.066000000000003,0.298,W1
QSO_32.9023551-16.8908356,55394.55004499997,18.984,0.31,W1
QSO_32.9023551-16.8908356,55569.71661100001,18.826,0.281,W1
QSO_32.9023551-16.8908356,55569.98105349999,19.709000000000003,0.524,W1
QSO_32.9023551-16.8908356,55570.11311050001,19.069000000000003,0.286,W1
QSO_32.9023551-16.8908356,56670.12073749996,19.199,0.333,W1
QSO_32.9023551-16.8908356,56670.186656499965,18.874,0.245,W1
QSO_32.9023551-16.8908356,56670.31823900003,18.487,0.19,W1
QSO_32.9023551-16.8908356,56856.06885599998,18.949,0.318,W1
QSO_32.9023551-16.8908356,56858.82993499999,19.041,,W1
QSO_32.9023551-16.8908356,56858.96140799997,18.973,0.297,W1
QSO_32.9023551-16.8908356,56859.02718100002,18.554,0.193,W1
QSO_32.9023551-16.8908356,57033.37388432896,19.184,0.362,W1
QSO_32.9023551-16.8908356,57033.50521133314,19.072000000000003,0.381,W1
QSO_32.9023551-16.8908356,57033.83352884349,19.225,,W1
QSO_32.9023551-16.8908356,57220.45309568712,18.62,0.227,W1
QSO_32.9023551-16.8908356,57220.51861318922,18.609,0.198,W1
QSO_32.9023551-16.8908356,57220.78086569752,19.117,0.373,W1
QSO_32.9023551-16.8908356,57221.17418970997,18.935,0.27,W1
QSO_32.9023551-16.8908356,57393.58775877673,19.056,,W1
QSO_32.9023551-16.8908356,57393.71918938088,19.225,,W1
QSO_32.9023551-16.8908356,57584.72603102113,19.069000000000003,0.324,W1
QSO_32.9023551-16.8908356,57584.988636029375,18.981,0.333,W1
QSO_32.9023551-16.8908356,57585.11992023356,19.063,0.332,W1
QSO_32.9023551-16.8908356,57585.18565383561,18.847,0.249,W1
QSO_32.9023551-16.8908356,57585.448222243904,19.453000000000003,0.437,W1
QSO_32.9023551-16.8908356,57752.65931693166,19.143,0.311,W1
QSO_32.9023551-16.8908356,57752.79049133584,18.893,0.385,W1
QSO_32.9023551-16.8908356,57752.987362742046,18.851,0.23,W1
QSO_32.9023551-16.8908356,57753.05309572956,19.168,0.303,W1
QSO_32.9023551-16.8908356,57753.3812841415,18.764000000000003,0.208,W1
QSO_32.9023551-16.8908356,57753.51245702748,19.395000000000003,0.398,W1
QSO_32.9023551-16.8908356,58113.30837249999,18.988,0.29,W1
QSO_32.9023551-16.8908356,58113.63555850003,19.068,0.344,W1
QSO_32.9023551-16.8908356,58113.76637449998,19.095,,W1
QSO_32.9023551-16.8908356,58114.15878599997,19.248,0.355,W1
QSO_32.9023551-16.8908356,58116.25209749999,18.727,0.249,W1
QSO_32.9023551-16.8908356,58116.51369300003,19.039,0.333,W1
QSO_32.9023551-16.8908356,58116.57910099996,19.024,,W1
QSO_32.9023551-16.8908356,58476.25838649999,19.043,0.345,W1
QSO_32.9023551-16.8908356,58476.97772849998,19.059,0.311,W1
QSO_32.9023551-16.8908356,58840.97700800002,19.193,0.378,W1
QSO_32.9023551-16.8908356,58841.238530500006,18.635,0.197,W1
QSO_32.9023551-16.8908356,59047.82265579996,18.883000000000003,0.256,W1
QSO_32.9023551-16.8908356,59205.63259600002,19.05,0.277,W1
QSO_32.9023551-16.8908356,59411.79807199998,19.074,0.347,W1
QSO_32.9023551-16.8908356,59572.3385405,19.242,,W1
QSO_32.9023551-16.8908356,59572.73036800003,18.78,0.256,W1
QSO_32.9023551-16.8908356,59572.795630000015,19.380000000000003,0.421,W1
QSO_32.9023551-16.8908356,59775.93481050002,19.459000000000003,,W1
QSO_32.9023551-16.8908356,59775.999963,18.667,0.276,W1
QSO_32.9023551-16.8908356,59936.15440750003,18.882,0.272,W1
QSO_32.9023551-16.8908356,59936.284092,18.747,0.271,W1
QSO_32.9023551-16.8908356,59936.349609500016,18.601,,W1
QSO_32.9023551-16.8908356,60302.680326500005,18.774,0.228,W1
QSO_32.9023551-16.8908356,60302.938381499975,18.643,0.305,W1
QSO_32.9023551-16.8908356,55207.277524,18.314,0.321,W2
QSO_32.9023551-16.8908356,55393.426283,18.422,0.341,W2
QSO_32.9023551-16.8908356,55393.55848599998,18.853,0.452,W2
QSO_32.9023551-16.8908356,55393.55863200001,18.504,0.345,W2
QSO_32.9023551-16.8908356,55393.690725499975,18.253,0.269,W2
QSO_32.9023551-16.8908356,55393.822928500034,18.356,,W2
QSO_32.9023551-16.8908356,55393.889103,18.349,0.302,W2
QSO_32.9023551-16.8908356,55393.955131500006,18.846,0.501,W2
QSO_32.9023551-16.8908356,55394.021305999966,18.05,0.246,W2
QSO_32.9023551-16.8908356,55394.08737100001,18.616,0.403,W2
QSO_32.9023551-16.8908356,55394.417842,18.726,0.418,W2
QSO_32.9023551-16.8908356,55394.4179515,18.654,0.462,W2
QSO_32.9023551-16.8908356,55394.55004499997,17.95,0.226,W2
QSO_32.9023551-16.8908356,55569.71661100001,18.206,0.276,W2
QSO_32.9023551-16.8908356,55569.98105349999,18.842,0.514,W2
QSO_32.9023551-16.8908356,55570.11311050001,18.576,0.381,W2
QSO_32.9023551-16.8908356,56670.12073749996,18.042,0.276,W2
QSO_32.9023551-16.8908356,56670.186656499965,18.632,0.528,W2
QSO_32.9023551-16.8908356,56670.31823900003,18.543,0.475,W2
QSO_32.9023551-16.8908356,56856.06885599998,18.301,0.391,W2
QSO_32.9023551-16.8908356,56858.82993499999,18.084,,W2
QSO_32.9023551-16.8908356,56858.96140799997,18.079,0.28,W2
QSO_32.9023551-16.8908356,56859.02718100002,18.101,0.274,W2
QSO_32.9023551-16.8908356,57033.37388432896,18.266,0.326,W2
QSO_32.9023551-16.8908356,57033.50521133314,18.047,0.29,W2
QSO_32.9023551-16.8908356,57033.83352884349,18.236,0.39,W2
QSO_32.9023551-16.8908356,57220.45309568712,18.589,0.476,W2
QSO_32.9023551-16.8908356,57220.51861318922,17.951,0.225,W2
QSO_32.9023551-16.8908356,57220.78086569752,18.337,0.399,W2
QSO_32.9023551-16.8908356,57221.17418970997,18.319,0.456,W2
QSO_32.9023551-16.8908356,57393.58775877673,18.406,0.415,W2
QSO_32.9023551-16.8908356,57393.71918938088,18.178,0.268,W2
QSO_32.9023551-16.8908356,57584.72603102113,18.278,0.355,W2
QSO_32.9023551-16.8908356,57584.988636029375,18.365,,W2
QSO_32.9023551-16.8908356,57585.11992023356,18.364,0.354,W2
QSO_32.9023551-16.8908356,57585.18565383561,18.474,,W2
QSO_32.9023551-16.8908356,57585.448222243904,18.327,0.447,W2
QSO_32.9023551-16.8908356,57752.65931693166,18.239,0.314,W2
QSO_32.9023551-16.8908356,57752.79049133584,18.064,,W2
QSO_32.9023551-16.8908356,57752.987362742046,18.349,0.331,W2
QSO_32.9023551-16.8908356,57753.05309572956,18.356,0.468,W2
QSO_32.9023551-16.8908356,57753.3812841415,18.554,0.375,W2
QSO_32.9023551-16.8908356,57753.51245702748,18.509,0.452,W2
QSO_32.9023551-16.8908356,58113.30837249999,17.881,0.252,W2
QSO_32.9023551-16.8908356,58113.63555850003,18.136,0.484,W2
QSO_32.9023551-16.8908356,58113.76637449998,17.701,0.334,W2
QSO_32.9023551-16.8908356,58114.15878599997,17.907,0.298,W2
QSO_32.9023551-16.8908356,58116.25209749999,17.705,0.377,W2
QSO_32.9023551-16.8908356,58116.51369300003,18.028,0.403,W2
QSO_32.9023551-16.8908356,58116.57910099996,17.829,0.319,W2
QSO_32.9023551-16.8908356,58476.25838649999,17.971999999999998,0.262,W2
QSO_32.9023551-16.8908356,58476.97772849998,18.343,,W2
QSO_32.9023551-16.8908356,58840.97700800002,18.311,,W2
QSO_32.9023551-16.8908356,58841.238530500006,18.222,,W2
QSO_32.9023551-16.8908356,59047.82265579996,17.934,0.389,W2
QSO_32.9023551-16.8908356,59205.63259600002,18.169,0.372,W2
QSO_32.9023551-16.8908356,59411.79807199998,18.166,0.338,W2
QSO_32.9023551-16.8908356,59572.3385405,18.172,0.325,W2
QSO_32.9023551-16.8908356,59572.73036800003,18.224,,W2
QSO_32.9023551-16.8908356,59572.795630000015,18.394,,W2
QSO_32.9023551-16.8908356,59775.93481050002,17.84,0.243,W2
QSO_32.9023551-16.8908356,59775.999963,18.12,,W2
QSO_32.9023551-16.8908356,59936.15440750003,18.344,0.421,W2
QSO_32.9023551-16.8908356,59936.284092,18.637,,W2
QSO_32.9023551-16.8908356,59936.349609500016,18.132,0.276,W2
QSO_32.9023551-16.8908356,60302.680326500005,18.496,0.425,W2
QSO_32.9023551-16.8908356,60302.938381499975,17.535999999999998,,W2
QSO_32.9044765-17.102548,55207.277524,19.165,0.294,W1
QSO_32.9044765-17.102548,55393.55863200001,19.414,0.39,W1
QSO_32.9044765-17.102548,55393.69083499998,19.458,0.42,W1
QSO_32.9044765-17.102548,55393.75690000002,18.874,0.261,W1
QSO_32.9044765-17.102548,55393.889103,19.077,0.308,W1
QSO_32.9044765-17.102548,55393.955131500006,18.879,0.277,W1
QSO_32.9044765-17.102548,55393.95527750004,18.909,0.255,W1
QSO_32.9044765-17.102548,55394.021305999966,19.725,0.496,W1
QSO_32.9044765-17.102548,55394.08737100001,19.287,0.366,W1
QSO_32.9044765-17.102548,55394.4179515,18.824,0.261,W1
QSO_32.9044765-17.102548,55394.55015449997,19.527,0.406,W1
QSO_32.9044765-17.102548,55569.38614000002,18.971,0.35,W1
QSO_32.9044765-17.102548,55569.452314499984,19.355,0.364,W1
QSO_32.9044765-17.102548,55569.71661100001,19.269,0.376,W1
QSO_32.9044765-17.102548,55569.98090750004,18.976,0.28,W1
QSO_32.9044765-17.102548,55570.11311050001,19.200000000000003,,W1
QSO_32.9044765-17.102548,56670.12073749996,18.977,0.309,W1
QSO_32.9044765-17.102548,56855.805946499975,18.617,0.497,W1
QSO_32.9044765-17.102548,56856.06885599998,19.037,,W1
QSO_32.9044765-17.102548,56856.39753849996,18.401,0.264,W1
QSO_32.9044765-17.102548,56858.82993499999,18.682,0.282,W1
QSO_32.9044765-17.102548,56859.092954,18.923,0.283,W1
QSO_32.9044765-17.102548,57033.24255732477,18.938,,W1
QSO_32.9044765-17.102548,57033.37388432896,19.387,0.405,W1
QSO_32.9044765-17.102548,57220.58427669128,19.072000000000003,0.323,W1
QSO_32.9044765-17.102548,57220.78086569752,19.057,0.292,W1
QSO_32.9044765-17.102548,57393.19346696421,19.284,0.38,W1
QSO_32.9044765-17.102548,57393.25920056634,18.625,0.206,W1
QSO_32.9044765-17.102548,57393.58775877673,18.989,0.269,W1
QSO_32.9044765-17.102548,57584.72603102113,18.492,0.302,W1
QSO_32.9044765-17.102548,57752.528032727554,19.483,0.398,W1
QSO_32.9044765-17.102548,57752.79049133584,19.248,0.351,W1
QSO_32.9044765-17.102548,57752.92177553995,18.559,0.191,W1
QSO_32.9044765-17.102548,57752.987362742046,19.116,0.406,W1
QSO_32.9044765-17.102548,57760.05907300003,18.936,0.457,W1
QSO_32.9044765-17.102548,58113.37378050001,19.101,0.295,W1
QSO_32.9044765-17.102548,58113.50459649996,19.449,0.494,W1
QSO_32.9044765-17.102548,58113.63541249999,18.555,0.35,W1
QSO_32.9044765-17.102548,58116.18654350002,18.702,0.294,W1
QSO_32.9044765-17.102548,58116.3175055,18.374,0.196,W1
QSO_32.9044765-17.102548,58316.09244449997,19.382,0.388,W1
QSO_32.9044765-17.102548,58476.25838649999,18.63,0.195,W1
QSO_32.9044765-17.102548,58476.91232049996,19.258000000000003,0.414,W1
QSO_32.9044765-17.102548,58476.97758250003,18.635,0.203,W1
QSO_32.9044765-17.102548,58477.10839849999,19.09,0.338,W1
QSO_32.9044765-17.102548,58840.58481550004,18.98,0.361,W1
QSO_32.9044765-17.102548,58840.7151205,18.789,0.232,W1
QSO_32.9044765-17.102548,58840.84633800002,18.908,,W1
QSO_32.9044765-17.102548,58840.97700800002,18.65,0.204,W1
QSO_32.9044765-17.102548,59205.56715520004,19.218,0.374,W1
QSO_32.9044765-17.102548,59205.82924779998,18.757,0.216,W1
QSO_32.9044765-17.102548,59205.96016599998,18.275,0.142,W1
QSO_32.9044765-17.102548,59208.64602039997,18.848,0.254,W1
QSO_32.9044765-17.102548,59412.05930249998,18.915,0.262,W1
QSO_32.9044765-17.102548,59572.534399500015,19.431,0.395,W1
QSO_32.9044765-17.102548,59775.47848750003,19.211,0.36,W1
QSO_32.9044765-17.102548,59775.73920699996,18.736,0.227,W1
QSO_32.9044765-17.102548,59775.93481050002,18.562,0.276,W1
QSO_32.9044765-17.102548,59936.15429800002,18.602,0.227,W1
QSO_32.9044765-17.102548,59936.414762,18.805,0.218,W1
QSO_32.9044765-17.102548,59936.47980499997,18.906,,W1
QSO_32.9044765-17.102548,55207.277524,18.507,0.368,W2
QSO_32.9044765-17.102548,55393.55863200001,17.99,0.249,W2
QSO_32.9044765-17.102548,55393.69083499998,18.87,0.469,W2
QSO_32.9044765-17.102548,55393.75690000002,18.587,0.394,W2
QSO_32.9044765-17.102548,55393.889103,18.911,,W2
QSO_32.9044765-17.102548,55393.955131500006,18.592,,W2
QSO_32.9044765-17.102548,55393.95527750004,18.461,,W2
QSO_32.9044765-17.102548,55394.021305999966,18.76,0.432,W2
QSO_32.9044765-17.102548,55394.08737100001,18.661,0.433,W2
QSO_32.9044765-17.102548,55394.4179515,18.337,,W2
QSO_32.9044765-17.102548,55394.55015449997,18.515,0.339,W2
QSO_32.9044765-17.102548,55569.38614000002,18.681,0.524,W2
QSO_32.9044765-17.102548,55569.452314499984,18.938,0.515,W2
QSO_32.9044765-17.102548,55569.71661100001,18.768,,W2
QSO_32.9044765-17.102548,55569.98090750004,18.827,0.492,W2
QSO_32.9044765-17.102548,55570.11311050001,18.231,,W2
QSO_32.9044765-17.102548,56670.12073749996,17.968,0.504,W2
QSO_32.9044765-17.102548,56855.805946499975,17.636,,W2
QSO_32.9044765-17.102548,56856.06885599998,18.219,0.414,W2
QSO_32.9044765-17.102548,56856.39753849996,18.592,0.541,W2
QSO_32.9044765-17.102548,56858.82993499999,18.59,,W2
QSO_32.9044765-17.102548,56859.092954,18.962,,W2
QSO_32.9044765-17.102548,57033.24255732477,18.19,,W2
QSO_32.9044765-17.102548,57033.37388432896,18.153,,W2
QSO_32.9044765-17.102548,57220.58427669128,18.373,0.521,W2
QSO_32.9044765-17.102548,57220.78086569752,18.068,0.292,W2
QSO_32.9044765-17.102548,57393.19346696421,18.232,,W2
QSO_32.9044765-17.102548,57393.25920056634,18.94,0.538,W2
QSO_32.9044765-17.102548,57393.58775877673,18.406,0.489,W2
QSO_32.9044765-17.102548,57584.72603102113,18.282,,W2
QSO_32.9044765-17.102548,57752.528032727554,18.652,0.499,W2
QSO_32.9044765-17.102548,57752.79049133584,18.776,0.536,W2
QSO_32.9044765-17.102548,57752.92177553995,18.402,0.388,W2
QSO_32.9044765-17.102548,57752.987362742046,17.901,,W2
QSO_32.9044765-17.102548,57760.05907300003,18.478,,W2
QSO_32.9044765-17.102548,58113.37378050001,18.534,0.422,W2
QSO_32.9044765-17.102548,58113.50459649996,18.362,0.428,W2
QSO_32.9044765-17.102548,58113.63541249999,17.857,,W2
QSO_32.9044765-17.102548,58116.18654350002,17.937,,W2
QSO_32.9044765-17.102548,58116.3175055,17.828,,W2
QSO_32.9044765-17.102548,58316.09244449997,18.238,0.348,W2
QSO_32.9044765-17.102548,58476.25838649999,18.4,,W2
QSO_32.9044765-17.102548,58476.91232049996,18.753,0.539,W2
QSO_32.9044765-17.102548,58476.97758250003,18.793,,W2
QSO_32.9044765-17.102548,58477.10839849999,18.221,,W2
QSO_32.9044765-17.102548,58840.58481550004,18.654,0.539,W2
QSO_32.9044765-17.102548,58840.7151205,18.475,0.394,W2
QSO_32.9044765-17.102548,58840.84633800002,18.03,0.377,W2
QSO_32.9044765-17.102548,58840.97700800002,18.681,,W2
QSO_32.9044765-17.102548,59205.56715520004,18.42,0.51,W2
QSO_32.9044765-17.102548,59205.82924779998,18.418,0.488,W2
QSO_32.9044765-17.102548,59205.96016599998,18.271,0.35,W2
QSO_32.9044765-17.102548,59208.64602039997,18.163,,W2
QSO_32.9044765-17.102548,59412.05930249998,17.435,,W2
QSO_32.9044765-17.102548,59572.534399500015,18.11,0.28,W2
QSO_32.9044765-17.102548,59775.47848750003,17.931,0.322,W2
QSO_32.9044765-17.102548,59775.73920699996,17.884,,W2
QSO_32.9044765-17.102548,59775.93481050002,18.143,,W2
QSO_32.9044765-17.102548,59936.15429800002,18.435,0.334,W2
QSO_32.9044765-17.102548,59936.414762,17.816,,W2
QSO_32.9044765-17.102548,59936.47980499997,18.076,0.424,W2
QSO_33.0467169-17.2025197,55207.27741449999,18.828000000000003,0.252,W1
QSO_33.0467169-17.2025197,55207.277524,18.939,0.272,W1
QSO_33.0467169-17.2025197,55393.55863200001,19.183,0.321,W1
QSO_33.0467169-17.2025197,55393.69083499998,18.62,0.199,W1
QSO_33.0467169-17.2025197,55393.889103,19.106,0.313,W1
QSO_33.0467169-17.2025197,55393.95527750004,19.142000000000003,,W1
QSO_33.0467169-17.2025197,55394.021305999966,19.273000000000003,0.358,W1
QSO_33.0467169-17.2025197,55394.08748050001,19.134,,W1
QSO_33.0467169-17.2025197,55394.4179515,19.222,0.316,W1
QSO_33.0467169-17.2025197,55394.55015449997,19.188,,W1
QSO_33.0467169-17.2025197,55569.25393699997,18.951,0.288,W1
QSO_33.0467169-17.2025197,55569.38614000002,18.993,,W1
QSO_33.0467169-17.2025197,55569.71661100001,19.364,0.375,W1
QSO_33.0467169-17.2025197,55569.98090750004,19.64,0.491,W1
QSO_33.0467169-17.2025197,55570.11311050001,18.645,0.208,W1
QSO_33.0467169-17.2025197,56670.12073749996,19.355,0.372,W1
QSO_33.0467169-17.2025197,56670.51570399999,18.851,0.266,W1
QSO_33.0467169-17.2025197,56859.02718100002,19.142000000000003,0.338,W1
QSO_33.0467169-17.2025197,57033.50521133314,19.058,0.283,W1
QSO_33.0467169-17.2025197,57220.71545769543,18.715,0.538,W1
QSO_33.0467169-17.2025197,57393.19346696421,18.905,0.292,W1
QSO_33.0467169-17.2025197,57585.448222243904,18.863,0.289,W1
QSO_33.0467169-17.2025197,57752.659207131655,18.98,0.29,W1
QSO_33.0467169-17.2025197,57752.79049133584,18.745,0.248,W1
QSO_33.0467169-17.2025197,57752.987362742046,18.522,0.198,W1
QSO_33.0467169-17.2025197,57949.0800535,18.437,0.194,W1
QSO_33.0467169-17.2025197,57952.41670099997,18.948,0.278,W1
QSO_33.0467169-17.2025197,58113.570004499976,19.068,0.291,W1
QSO_33.0467169-17.2025197,58114.027970000025,18.928,0.276,W1
QSO_33.0467169-17.2025197,58116.57899149996,18.937,0.29,W1
QSO_33.0467169-17.2025197,58116.64450899998,18.827,0.336,W1
QSO_33.0467169-17.2025197,58476.97758250003,18.889000000000003,0.345,W1
QSO_33.0467169-17.2025197,58477.10839849999,18.865,0.246,W1
QSO_33.0467169-17.2025197,58840.97700800002,18.873,0.267,W1
QSO_33.0467169-17.2025197,58841.238530500006,18.773000000000003,0.205,W1
QSO_33.0467169-17.2025197,59047.69159120001,18.386,0.232,W1
QSO_33.0467169-17.2025197,59205.82910140004,18.61,0.221,W1
QSO_33.0467169-17.2025197,59412.19000900002,18.926,0.258,W1
QSO_33.0467169-17.2025197,59572.07731,19.15,0.392,W1
QSO_33.0467169-17.2025197,59775.47848750003,18.651,0.214,W1
QSO_33.0467169-17.2025197,59775.86965800004,18.515,0.186,W1
QSO_33.0467169-17.2025197,59775.999963,18.957,,W1
QSO_33.0467169-17.2025197,59776.195530000026,18.728,0.315,W1
QSO_33.0467169-17.2025197,59936.284092,18.858,0.248,W1
QSO_33.0467169-17.2025197,59936.349609500016,18.98,0.345,W1
QSO_33.0467169-17.2025197,59936.47980499997,18.839,0.246,W1
QSO_33.0467169-17.2025197,60142.923878,18.168,0.203,W1
QSO_33.0467169-17.2025197,60302.680326500005,18.955,0.271,W1
QSO_33.0467169-17.2025197,60303.0672995,18.817,0.331,W1
QSO_33.0467169-17.2025197,60303.26085900001,18.728,0.292,W1
QSO_33.0467169-17.2025197,55207.27741449999,18.774,,W2
QSO_33.0467169-17.2025197,55207.277524,18.662,,W2
QSO_33.0467169-17.2025197,55393.55863200001,18.651,,W2
QSO_33.0467169-17.2025197,55393.69083499998,18.925,,W2
QSO_33.0467169-17.2025197,55393.889103,18.614,,W2
QSO_33.0467169-17.2025197,55393.95527750004,18.929,,W2
QSO_33.0467169-17.2025197,55394.021305999966,18.778,0.539,W2
QSO_33.0467169-17.2025197,55394.08748050001,18.871,,W2
QSO_33.0467169-17.2025197,55394.4179515,18.672,,W2
QSO_33.0467169-17.2025197,55394.55015449997,18.514,,W2
QSO_33.0467169-17.2025197,55569.25393699997,18.512,,W2
QSO_33.0467169-17.2025197,55569.38614000002,18.313,,W2
QSO_33.0467169-17.2025197,55569.71661100001,18.666,,W2
QSO_33.0467169-17.2025197,55569.98090750004,18.474,,W2
QSO_33.0467169-17.2025197,55570.11311050001,18.533,,W2
QSO_33.0467169-17.2025197,56670.12073749996,18.233,,W2
QSO_33.0467169-17.2025197,56670.51570399999,18.482,,W2
QSO_33.0467169-17.2025197,56859.02718100002,18.199,,W2
QSO_33.0467169-17.2025197,57033.50521133314,18.489,,W2
QSO_33.0467169-17.2025197,57220.71545769543,18.461,,W2
QSO_33.0467169-17.2025197,57393.19346696421,18.632,0.451,W2
QSO_33.0467169-17.2025197,57585.448222243904,18.367,,W2
QSO_33.0467169-17.2025197,57752.659207131655,18.304,,W2
QSO_33.0467169-17.2025197,57752.79049133584,18.161,,W2
QSO_33.0467169-17.2025197,57752.987362742046,18.16,,W2
QSO_33.0467169-17.2025197,57949.0800535,18.363,,W2
QSO_33.0467169-17.2025197,57952.41670099997,18.522,,W2
QSO_33.0467169-17.2025197,58113.570004499976,18.282,,W2
QSO_33.0467169-17.2025197,58114.027970000025,18.627,,W2
QSO_33.0467169-17.2025197,58116.57899149996,18.372,,W2
QSO_33.0467169-17.2025197,58116.64450899998,17.842,,W2
QSO_33.0467169-17.2025197,58476.97758250003,18.783,,W2
QSO_33.0467169-17.2025197,58477.10839849999,18.692,,W2
QSO_33.0467169-17.2025197,58840.97700800002,18.08,,W2
QSO_33.0467169-17.2025197,58841.238530500006,18.424,,W2
QSO_33.0467169-17.2025197,59047.69159120001,18.285,,W2
QSO_33.0467169-17.2025197,59205.82910140004,18.759,,W2
QSO_33.0467169-17.2025197,59412.19000900002,18.497,,W2
QSO_33.0467169-17.2025197,59572.07731,18.271,,W2
QSO_33.0467169-17.2025197,59775.47848750003,17.927,,W2
QSO_33.0467169-17.2025197,59775.86965800004,18.534,,W2
QSO_33.0467169-17.2025197,59775.999963,17.378,0.35,W2
QSO_33.0467169-17.2025197,59776.195530000026,18.568,,W2
QSO_33.0467169-17.2025197,59936.284092,18.051,,W2
QSO_33.0467169-17.2025197,59936.349609500016,18.897,,W2
QSO_33.0467169-17.2025197,59936.47980499997,18.074,,W2
QSO_33.0467169-17.2025197,60142.923878,18.764,,W2
QSO_33.0467169-17.2025197,60302.680326500005,18.877,,W2
QSO_33.0467169-17.2025197,60303.0672995,18.573,,W2
QSO_33.0467169-17.2025197,60303.26085900001,18.758,,W2
QSO_33.0173499-17.0520472,55207.277524,19.278,0.356,W1
QSO_33.0173499-17.0520472,55393.55863200001,19.433,0.435,W1
QSO_33.0173499-17.0520472,55393.69083499998,19.494,0.454,W1
QSO_33.0173499-17.0520472,55393.889103,19.316000000000003,0.371,W1
QSO_33.0173499-17.0520472,55393.955131500006,19.097,,W1
QSO_33.0173499-17.0520472,55393.95527750004,19.417,0.415,W1
QSO_33.0173499-17.0520472,55394.021305999966,19.584000000000003,0.479,W1
QSO_33.0173499-17.0520472,55394.08737100001,19.372,0.377,W1
QSO_33.0173499-17.0520472,55394.4179515,19.162,0.319,W1
QSO_33.0173499-17.0520472,55394.55015449997,19.771,0.51,W1
QSO_33.0173499-17.0520472,55394.68239399997,19.020000000000003,0.259,W1
QSO_33.0173499-17.0520472,55569.38614000002,19.152,0.311,W1
QSO_33.0173499-17.0520472,55569.71661100001,19.084000000000003,,W1
QSO_33.0173499-17.0520472,55569.914879000025,19.03,,W1
QSO_33.0173499-17.0520472,55569.98090750004,19.086,,W1
QSO_33.0173499-17.0520472,55570.11311050001,19.363,,W1
QSO_33.0173499-17.0520472,56670.12073749996,18.931,0.266,W1
QSO_33.0173499-17.0520472,56855.805946499975,19.124,0.308,W1
QSO_33.0173499-17.0520472,56859.421673,18.363,0.249,W1
QSO_33.0173499-17.0520472,57393.19346696421,19.126,,W1
QSO_33.0173499-17.0520472,57393.71904298084,19.184,0.326,W1
QSO_33.0173499-17.0520472,57393.85047358498,19.017000000000003,0.311,W1
QSO_33.0173499-17.0520472,57752.92177553995,18.825000000000003,0.438,W1
QSO_33.0173499-17.0520472,57753.05309572956,19.588,0.525,W1
QSO_33.0173499-17.0520472,57753.64373971211,19.315,0.406,W1
QSO_33.0173499-17.0520472,57949.4070935,18.76,0.234,W1
QSO_33.0173499-17.0520472,57952.67833299996,18.876,0.324,W1
QSO_33.0173499-17.0520472,58113.63541249999,18.659,0.286,W1
QSO_33.0173499-17.0520472,58116.51369300003,19.157,0.363,W1
QSO_33.0173499-17.0520472,58116.64450899998,18.345,0.205,W1
QSO_33.0173499-17.0520472,58477.04299049997,18.813,0.228,W1
QSO_33.0173499-17.0520472,58680.34043500004,18.826,0.228,W1
QSO_33.0173499-17.0520472,58840.7151205,18.669,0.195,W1
QSO_33.0173499-17.0520472,59047.69159120001,18.383,0.225,W1
QSO_33.0173499-17.0520472,59205.69818320003,18.72,0.267,W1
QSO_33.0173499-17.0520472,59205.96027579998,19.118,0.304,W1
QSO_33.0173499-17.0520472,59208.64602039997,18.909,0.284,W1
QSO_33.0173499-17.0520472,59775.93481050002,18.889000000000003,0.267,W1
QSO_33.0173499-17.0520472,59775.999963,18.63,0.209,W1
QSO_33.0173499-17.0520472,59936.15440750003,19.22,0.349,W1
QSO_33.0173499-17.0520472,60143.24785199998,18.736,0.294,W1
QSO_33.0173499-17.0520472,60303.067445500026,18.333,0.269,W1
QSO_33.0173499-17.0520472,60303.13183149998,18.976,0.302,W1
QSO_33.0173499-17.0520472,60303.64794150001,19.523000000000003,0.468,W1
QSO_33.0173499-17.0520472,55207.277524,18.386,,W2
QSO_33.0173499-17.0520472,55393.55863200001,18.816,,W2
QSO_33.0173499-17.0520472,55393.69083499998,18.97,0.492,W2
QSO_33.0173499-17.0520472,55393.889103,18.303,,W2
QSO_33.0173499-17.0520472,55393.955131500006,18.34,,W2
QSO_33.0173499-17.0520472,55393.95527750004,18.886,,W2
QSO_33.0173499-17.0520472,55394.021305999966,18.927,,W2
QSO_33.0173499-17.0520472,55394.08737100001,19.064,,W2
QSO_33.0173499-17.0520472,55394.4179515,18.275,,W2
QSO_33.0173499-17.0520472,55394.55015449997,18.757,0.455,W2
QSO_33.0173499-17.0520472,55394.68239399997,18.512,0.33,W2
QSO_33.0173499-17.0520472,55569.38614000002,18.516,,W2
QSO_33.0173499-17.0520472,55569.71661100001,18.278,,W2
QSO_33.0173499-17.0520472,55569.914879000025,18.48,,W2
QSO_33.0173499-17.0520472,55569.98090750004,18.952,,W2
QSO_33.0173499-17.0520472,55570.11311050001,18.568,0.428,W2
QSO_33.0173499-17.0520472,56670.12073749996,18.273,,W2
QSO_33.0173499-17.0520472,56855.805946499975,18.531,,W2
QSO_33.0173499-17.0520472,56859.421673,18.775,,W2
QSO_33.0173499-17.0520472,57393.19346696421,18.286,0.351,W2
QSO_33.0173499-17.0520472,57393.71904298084,18.383,,W2
QSO_33.0173499-17.0520472,57393.85047358498,18.264,,W2
QSO_33.0173499-17.0520472,57752.92177553995,18.508,,W2
QSO_33.0173499-17.0520472,57753.05309572956,18.637,,W2
QSO_33.0173499-17.0520472,57753.64373971211,18.965,,W2
QSO_33.0173499-17.0520472,57949.4070935,18.23,,W2
QSO_33.0173499-17.0520472,57952.67833299996,18.128,,W2
QSO_33.0173499-17.0520472,58113.63541249999,18.582,,W2
QSO_33.0173499-17.0520472,58116.51369300003,17.54,,W2
QSO_33.0173499-17.0520472,58116.64450899998,18.127,,W2
QSO_33.0173499-17.0520472,58477.04299049997,18.202,,W2
QSO_33.0173499-17.0520472,58680.34043500004,18.51,,W2
QSO_33.0173499-17.0520472,58840.7151205,18.825,,W2
QSO_33.0173499-17.0520472,59047.69159120001,18.182,,W2
QSO_33.0173499-17.0520472,59205.69818320003,18.016,,W2
QSO_33.0173499-17.0520472,59205.96027579998,18.288,,W2
QSO_33.0173499-17.0520472,59208.64602039997,17.782,,W2
QSO_33.0173499-17.0520472,59775.93481050002,18.136,0.465,W2
QSO_33.0173499-17.0520472,59775.999963,18.075,,W2
QSO_33.0173499-17.0520472,59936.15440750003,18.415,,W2
QSO_33.0173499-17.0520472,60143.24785199998,17.692,,W2
QSO_33.0173499-17.0520472,60303.067445500026,18.496,,W2
QSO_33.0173499-17.0520472,60303.13183149998,18.373,,W2
QSO_33.0173499-17.0520472,60303.64794150001,18.211,0.495,W2
QSO_32.91813-17.2628762,55207.27741449999,19.196,0.352,W1
QSO_32.91813-17.2628762,55207.277524,19.001,0.272,W1
QSO_32.91813-17.2628762,55393.55863200001,19.458,,W1
QSO_32.91813-17.2628762,55393.69083499998,18.857,0.247,W1
QSO_32.91813-17.2628762,55393.75690000002,18.779,,W1
QSO_32.91813-17.2628762,55393.889103,19.077,0.329,W1
QSO_32.91813-17.2628762,55393.95527750004,19.432,,W1
QSO_32.91813-17.2628762,55394.021305999966,19.153,0.3,W1
QSO_32.91813-17.2628762,55394.08748050001,19.818,,W1
QSO_32.91813-17.2628762,55394.4179515,19.235,0.385,W1
QSO_32.91813-17.2628762,55568.989640500025,19.793,0.527,W1
QSO_32.91813-17.2628762,55569.25393699997,18.883000000000003,0.269,W1
QSO_32.91813-17.2628762,55569.38614000002,19.298,0.461,W1
QSO_32.91813-17.2628762,55569.452314499984,19.742,,W1
QSO_32.91813-17.2628762,55569.71661100001,19.376,0.375,W1
QSO_32.91813-17.2628762,55569.98090750004,19.236,0.505,W1
QSO_32.91813-17.2628762,55570.11311050001,19.047,,W1
QSO_32.91813-17.2628762,56669.65970599998,18.788,0.296,W1
QSO_32.91813-17.2628762,56670.12073749996,18.401,0.215,W1
QSO_32.91813-17.2628762,56670.6474325,18.950000000000003,0.291,W1
QSO_32.91813-17.2628762,57752.659207131655,18.257,0.272,W1
QSO_32.91813-17.2628762,57752.92177553995,19.75,0.506,W1
QSO_32.91813-17.2628762,57752.987362742046,18.961,0.277,W1
QSO_32.91813-17.2628762,57948.94923749996,19.075000000000003,0.361,W1
QSO_32.91813-17.2628762,58113.0467405,19.359,0.368,W1
QSO_32.91813-17.2628762,58114.027970000025,18.475,0.332,W1
QSO_32.91813-17.2628762,58116.64450899998,18.872,,W1
QSO_32.91813-17.2628762,58316.09244449997,18.422,0.173,W1
QSO_32.91813-17.2628762,58476.25838649999,18.93,0.263,W1
QSO_32.91813-17.2628762,58476.97758250003,18.682,0.265,W1
QSO_32.91813-17.2628762,58840.25792149999,19.541,0.453,W1
QSO_32.91813-17.2628762,58840.58481550004,19.197000000000003,0.333,W1
QSO_32.91813-17.2628762,58840.71501099999,18.91,0.35,W1
QSO_32.91813-17.2628762,58840.84633800002,18.700000000000003,0.192,W1
QSO_32.91813-17.2628762,59205.37002760002,18.886000000000003,0.318,W1
QSO_32.91813-17.2628762,59205.63259600002,19.069000000000003,0.301,W1
QSO_32.91813-17.2628762,59205.69807340003,18.638,0.197,W1
QSO_32.91813-17.2628762,59205.96016599998,18.55,0.185,W1
QSO_32.91813-17.2628762,59208.31845040001,18.788,0.234,W1
QSO_32.91813-17.2628762,59411.79818149999,18.968,0.289,W1
QSO_32.91813-17.2628762,59412.05944850002,18.879,0.274,W1
QSO_32.91813-17.2628762,59412.1247105,18.917,0.335,W1
QSO_32.91813-17.2628762,59572.3385405,18.952,0.257,W1
QSO_32.91813-17.2628762,59572.5996615,18.998,0.279,W1
QSO_32.91813-17.2628762,59775.73920699996,18.922,0.328,W1
QSO_32.91813-17.2628762,59776.195530000026,19.035,0.344,W1
QSO_32.91813-17.2628762,59935.89390700003,19.115,0.38,W1
QSO_32.91813-17.2628762,59936.284092,18.597,0.176,W1
QSO_32.91813-17.2628762,59936.349609500016,18.893,0.248,W1
QSO_32.91813-17.2628762,59936.4146525,18.574,0.196,W1
QSO_32.91813-17.2628762,60302.93827199997,19.049,0.405,W1
QSO_32.91813-17.2628762,55207.27741449999,18.711,,W2
QSO_32.91813-17.2628762,55207.277524,18.384,,W2
QSO_32.91813-17.2628762,55393.55863200001,18.946,,W2
QSO_32.91813-17.2628762,55393.69083499998,18.271,,W2
QSO_32.91813-17.2628762,55393.75690000002,18.424,,W2
QSO_32.91813-17.2628762,55393.889103,18.565,,W2
QSO_32.91813-17.2628762,55393.95527750004,18.382,,W2
QSO_32.91813-17.2628762,55394.021305999966,19.031,,W2
QSO_32.91813-17.2628762,55394.08748050001,18.494,,W2
QSO_32.91813-17.2628762,55394.4179515,18.561,,W2
QSO_32.91813-17.2628762,55568.989640500025,18.756,,W2
QSO_32.91813-17.2628762,55569.25393699997,18.891,,W2
QSO_32.91813-17.2628762,55569.38614000002,18.587,,W2
QSO_32.91813-17.2628762,55569.452314499984,18.466,,W2
QSO_32.91813-17.2628762,55569.71661100001,18.535,,W2
QSO_32.91813-17.2628762,55569.98090750004,18.457,,W2
QSO_32.91813-17.2628762,55570.11311050001,18.574,,W2
QSO_32.91813-17.2628762,56669.65970599998,18.174,,W2
QSO_32.91813-17.2628762,56670.12073749996,18.55,,W2
QSO_32.91813-17.2628762,56670.6474325,18.198,,W2
QSO_32.91813-17.2628762,57752.659207131655,18.558,,W2
QSO_32.91813-17.2628762,57752.92177553995,18.22,,W2
QSO_32.91813-17.2628762,57752.987362742046,18.822,,W2
QSO_32.91813-17.2628762,57948.94923749996,17.768,,W2
QSO_32.91813-17.2628762,58113.0467405,18.219,0.448,W2
QSO_32.91813-17.2628762,58114.027970000025,18.005,,W2
QSO_32.91813-17.2628762,58116.64450899998,17.96,0.541,W2
QSO_32.91813-17.2628762,58316.09244449997,18.824,0.505,W2
QSO_32.91813-17.2628762,58476.25838649999,18.817,,W2
QSO_32.91813-17.2628762,58476.97758250003,18.405,,W2
QSO_32.91813-17.2628762,58840.25792149999,18.284,,W2
QSO_32.91813-17.2628762,58840.58481550004,18.138,,W2
QSO_32.91813-17.2628762,58840.71501099999,18.898,,W2
QSO_32.91813-17.2628762,58840.84633800002,18.741,,W2
QSO_32.91813-17.2628762,59205.37002760002,17.759,,W2
QSO_32.91813-17.2628762,59205.63259600002,18.298,0.406,W2
QSO_32.91813-17.2628762,59205.69807340003,18.224,0.491,W2
QSO_32.91813-17.2628762,59205.96016599998,18.576,,W2
QSO_32.91813-17.2628762,59208.31845040001,18.016,,W2
QSO_32.91813-17.2628762,59411.79818149999,18.828,,W2
QSO_32.91813-17.2628762,59412.05944850002,18.612,,W2
QSO_32.91813-17.2628762,59412.1247105,17.983999999999998,0.432,W2
QSO_32.91813-17.2628762,59572.3385405,18.373,,W2
QSO_32.91813-17.2628762,59572.5996615,18.146,,W2
QSO_32.91813-17.2628762,59775.73920699996,17.819,,W2
QSO_32.91813-17.2628762,59776.195530000026,17.849999999999998,,W2
QSO_32.91813-17.2628762,59935.89390700003,18.518,0.45,W2
QSO_32.91813-17.2628762,59936.284092,18.953,,W2
QSO_32.91813-17.2628762,59936.349609500016,18.585,,W2
QSO_32.91813-17.2628762,59936.4146525,18.815,,W2
QSO_32.91813-17.2628762,60302.93827199997,18.59,,W2
QSO_33.0532631-17.1660929,55207.27741449999,19.089,0.341,W1
QSO_33.0532631-17.1660929,55207.277524,18.789,0.28,W1
QSO_33.0532631-17.1660929,55393.55863200001,19.473,0.426,W1
QSO_33.0532631-17.1660929,55393.69083499998,19.224,,W1
QSO_33.0532631-17.1660929,55393.889103,18.935,0.251,W1
QSO_33.0532631-17.1660929,55393.95527750004,19.512,0.452,W1
QSO_33.0532631-17.1660929,55394.021305999966,18.871,0.243,W1
QSO_33.0532631-17.1660929,55394.08748050001,18.975,,W1
QSO_33.0532631-17.1660929,55394.4179515,19.417,0.459,W1
QSO_33.0532631-17.1660929,55394.55015449997,19.358,0.369,W1
QSO_33.0532631-17.1660929,55394.68239399997,19.388,0.366,W1
QSO_33.0532631-17.1660929,55569.38614000002,19.189,0.391,W1
QSO_33.0532631-17.1660929,55569.71661100001,18.778,0.241,W1
QSO_33.0532631-17.1660929,55569.914879000025,19.104,,W1
QSO_33.0532631-17.1660929,55569.98090750004,19.347,,W1
QSO_33.0532631-17.1660929,55570.11311050001,19.382,0.392,W1
QSO_33.0532631-17.1660929,56670.05481850004,18.477,0.187,W1
QSO_33.0532631-17.1660929,56670.51570399999,18.209,0.15,W1
QSO_33.0532631-17.1660929,56855.805946499975,19.451,0.542,W1
QSO_33.0532631-17.1660929,56856.06885599998,19.334000000000003,0.473,W1
QSO_33.0532631-17.1660929,56859.02718100002,18.732,0.227,W1
QSO_33.0532631-17.1660929,56859.421673,19.251,,W1
QSO_33.0532631-17.1660929,56859.55310950003,19.116,0.343,W1
QSO_33.0532631-17.1660929,57033.24255732477,19.053,0.286,W1
QSO_33.0532631-17.1660929,57033.37388432896,18.577,0.233,W1
QSO_33.0532631-17.1660929,57220.71545769543,18.893,0.234,W1
QSO_33.0532631-17.1660929,57221.17433571,18.731,0.217,W1
QSO_33.0532631-17.1660929,57392.86501855383,19.466,0.405,W1
QSO_33.0532631-17.1660929,57393.58775877673,19.084000000000003,0.289,W1
QSO_33.0532631-17.1660929,57393.71904298084,19.352,0.426,W1
QSO_33.0532631-17.1660929,57585.05433303147,19.075000000000003,0.304,W1
QSO_33.0532631-17.1660929,57585.448222243904,18.82,0.252,W1
QSO_33.0532631-17.1660929,57752.79049133584,18.768,0.226,W1
QSO_33.0532631-17.1660929,57753.51245702748,19.181,,W1
QSO_33.0532631-17.1660929,57760.058927,18.524,,W1
QSO_33.0532631-17.1660929,57948.94923749996,18.998,0.339,W1
QSO_33.0532631-17.1660929,57949.0800535,18.618,0.225,W1
QSO_33.0532631-17.1660929,57949.4070935,18.854,0.34,W1
QSO_33.0532631-17.1660929,57949.60342699997,19.423,0.407,W1
QSO_33.0532631-17.1660929,57950.061392500014,18.57,0.19,W1
QSO_33.0532631-17.1660929,58113.30837249999,19.191000000000003,0.356,W1
QSO_33.0532631-17.1660929,58113.50459649996,18.995,,W1
QSO_33.0532631-17.1660929,58114.027970000025,19.351,0.381,W1
QSO_33.0532631-17.1660929,58114.15878599997,19.115,0.387,W1
QSO_33.0532631-17.1660929,58116.57899149996,18.828000000000003,0.278,W1
QSO_33.0532631-17.1660929,58316.09244449997,18.781,0.255,W1
QSO_33.0532631-17.1660929,58679.81746299996,19.119,0.322,W1
QSO_33.0532631-17.1660929,58680.34043500004,19.028,0.304,W1
QSO_33.0532631-17.1660929,58840.25792149999,18.89,0.302,W1
QSO_33.0532631-17.1660929,58840.71501099999,18.505,0.176,W1
QSO_33.0532631-17.1660929,58840.84633800002,18.667,0.187,W1
QSO_33.0532631-17.1660929,58840.97700800002,18.482,0.181,W1
QSO_33.0532631-17.1660929,59047.69159120001,19.263,0.487,W1
QSO_33.0532631-17.1660929,59205.37002760002,18.818,0.282,W1
QSO_33.0532631-17.1660929,59205.69807340003,18.857,0.272,W1
QSO_33.0532631-17.1660929,59205.96016599998,18.688,0.212,W1
QSO_33.0532631-17.1660929,59208.64602039997,18.371,0.174,W1
QSO_33.0532631-17.1660929,59208.97355379999,18.593,0.213,W1
QSO_33.0532631-17.1660929,59412.05930249998,19.066000000000003,0.469,W1
QSO_33.0532631-17.1660929,59412.19000900002,18.735,0.217,W1
QSO_33.0532631-17.1660929,59412.64720800003,18.939,0.269,W1
QSO_33.0532631-17.1660929,59572.534399500015,18.655,0.186,W1
QSO_33.0532631-17.1660929,59572.5996615,19.223,0.332,W1
QSO_33.0532631-17.1660929,59775.93481050002,18.379,0.18,W1
QSO_33.0532631-17.1660929,59776.45628599999,19.066000000000003,0.337,W1
QSO_33.0532631-17.1660929,59936.15429800002,19.188,0.52,W1
QSO_33.0532631-17.1660929,59936.284092,18.641,0.228,W1
QSO_33.0532631-17.1660929,59936.4146525,18.512,0.215,W1
QSO_33.0532631-17.1660929,59936.54495750004,19.111,0.446,W1
QSO_33.0532631-17.1660929,60302.93827199997,18.481,0.243,W1
QSO_33.0532631-17.1660929,60303.0672995,18.553,0.27,W1
QSO_33.0532631-17.1660929,60303.19632700003,19.054,0.346,W1
QSO_33.0532631-17.1660929,60303.26085900001,18.637,,W1
QSO_33.0532631-17.1660929,60303.64794150001,18.846,0.248,W1
QSO_33.0532631-17.1660929,60507.512449,18.763,0.351,W1
QSO_33.0532631-17.1660929,55207.27741449999,18.271,,W2
QSO_33.0532631-17.1660929,55207.277524,18.739,,W2
QSO_33.0532631-17.1660929,55393.55863200001,18.749,0.465,W2
QSO_33.0532631-17.1660929,55393.69083499998,18.573,0.404,W2
QSO_33.0532631-17.1660929,55393.889103,18.448,,W2
QSO_33.0532631-17.1660929,55393.95527750004,18.979,,W2
QSO_33.0532631-17.1660929,55394.021305999966,17.889,,W2
QSO_33.0532631-17.1660929,55394.08748050001,18.406,,W2
QSO_33.0532631-17.1660929,55394.4179515,18.616,,W2
QSO_33.0532631-17.1660929,55394.55015449997,18.375,0.312,W2
QSO_33.0532631-17.1660929,55394.68239399997,18.441,,W2
QSO_33.0532631-17.1660929,55569.38614000002,18.338,0.299,W2
QSO_33.0532631-17.1660929,55569.71661100001,18.348,0.451,W2
QSO_33.0532631-17.1660929,55569.914879000025,18.656,,W2
QSO_33.0532631-17.1660929,55569.98090750004,18.297,,W2
QSO_33.0532631-17.1660929,55570.11311050001,18.613,,W2
QSO_33.0532631-17.1660929,56670.05481850004,18.728,,W2
QSO_33.0532631-17.1660929,56670.51570399999,17.867,,W2
QSO_33.0532631-17.1660929,56855.805946499975,18.012,0.303,W2
QSO_33.0532631-17.1660929,56856.06885599998,18.184,0.339,W2
QSO_33.0532631-17.1660929,56859.02718100002,18.703,0.541,W2
QSO_33.0532631-17.1660929,56859.421673,18.32,0.437,W2
QSO_33.0532631-17.1660929,56859.55310950003,18.317,,W2
QSO_33.0532631-17.1660929,57033.24255732477,18.417,0.469,W2
QSO_33.0532631-17.1660929,57033.37388432896,18.389,,W2
QSO_33.0532631-17.1660929,57220.71545769543,18.594,,W2
QSO_33.0532631-17.1660929,57221.17433571,18.936,,W2
QSO_33.0532631-17.1660929,57392.86501855383,17.883,,W2
QSO_33.0532631-17.1660929,57393.58775877673,18.554,,W2
QSO_33.0532631-17.1660929,57393.71904298084,18.46,,W2
QSO_33.0532631-17.1660929,57585.05433303147,17.9,,W2
QSO_33.0532631-17.1660929,57585.448222243904,17.701,0.333,W2
QSO_33.0532631-17.1660929,57752.79049133584,18.325,,W2
QSO_33.0532631-17.1660929,57753.51245702748,17.508,0.348,W2
QSO_33.0532631-17.1660929,57760.058927,18.335,0.457,W2
QSO_33.0532631-17.1660929,57948.94923749996,17.999,,W2
QSO_33.0532631-17.1660929,57949.0800535,17.942999999999998,,W2
QSO_33.0532631-17.1660929,57949.4070935,18.082,,W2
QSO_33.0532631-17.1660929,57949.60342699997,18.052,,W2
QSO_33.0532631-17.1660929,57950.061392500014,18.009,,W2
QSO_33.0532631-17.1660929,58113.30837249999,18.139,,W2
QSO_33.0532631-17.1660929,58113.50459649996,18.278,0.42,W2
QSO_33.0532631-17.1660929,58114.027970000025,18.363,0.464,W2
QSO_33.0532631-17.1660929,58114.15878599997,18.134,,W2
QSO_33.0532631-17.1660929,58116.57899149996,17.951,,W2
QSO_33.0532631-17.1660929,58316.09244449997,18.928,,W2
QSO_33.0532631-17.1660929,58679.81746299996,18.65,,W2
QSO_33.0532631-17.1660929,58680.34043500004,18.695,0.501,W2
QSO_33.0532631-17.1660929,58840.25792149999,18.177,,W2
QSO_33.0532631-17.1660929,58840.71501099999,18.043,,W2
QSO_33.0532631-17.1660929,58840.84633800002,18.721,,W2
QSO_33.0532631-17.1660929,58840.97700800002,18.083,,W2
QSO_33.0532631-17.1660929,59047.69159120001,18.257,0.472,W2
QSO_33.0532631-17.1660929,59205.37002760002,18.253,,W2
QSO_33.0532631-17.1660929,59205.69807340003,17.961,,W2
QSO_33.0532631-17.1660929,59205.96016599998,18.143,,W2
QSO_33.0532631-17.1660929,59208.64602039997,17.891,0.433,W2
QSO_33.0532631-17.1660929,59208.97355379999,18.517,,W2
QSO_33.0532631-17.1660929,59412.05930249998,18.645,,W2
QSO_33.0532631-17.1660929,59412.19000900002,17.992,0.484,W2
QSO_33.0532631-17.1660929,59412.64720800003,18.217,,W2
QSO_33.0532631-17.1660929,59572.534399500015,18.294,0.528,W2
QSO_33.0532631-17.1660929,59572.5996615,17.903,0.338,W2
QSO_33.0532631-17.1660929,59775.93481050002,17.862,,W2
QSO_33.0532631-17.1660929,59776.45628599999,18.076,,W2
QSO_33.0532631-17.1660929,59936.15429800002,18.818,,W2
QSO_33.0532631-17.1660929,59936.284092,18.625,0.513,W2
QSO_33.0532631-17.1660929,59936.4146525,18.542,0.368,W2
QSO_33.0532631-17.1660929,59936.54495750004,18.706,,W2
QSO_33.0532631-17.1660929,60302.93827199997,17.553,0.358,W2
QSO_33.0532631-17.1660929,60303.0672995,17.954,,W2
QSO_33.0532631-17.1660929,60303.19632700003,18.488,0.406,W2
QSO_33.0532631-17.1660929,60303.26085900001,18.207,,W2
QSO_33.0532631-17.1660929,60303.64794150001,18.539,,W2
QSO_33.0532631-17.1660929,60507.512449,17.596,,W2
QSO_32.9782477-17.2456033,55207.27741449999,19.435,0.441,W1
QSO_32.9782477-17.2456033,55207.277524,19.014000000000003,0.324,W1
QSO_32.9782477-17.2456033,55393.55863200001,19.059,0.301,W1
QSO_32.9782477-17.2456033,55393.69083499998,19.475,,W1
QSO_32.9782477-17.2456033,55393.75690000002,19.223,0.363,W1
QSO_32.9782477-17.2456033,55393.889103,19.294,0.353,W1
QSO_32.9782477-17.2456033,55393.95527750004,18.911,0.234,W1
QSO_32.9782477-17.2456033,55394.021305999966,19.112,,W1
QSO_32.9782477-17.2456033,55394.08748050001,18.627,0.223,W1
QSO_32.9782477-17.2456033,55394.4179515,19.531,0.432,W1
QSO_32.9782477-17.2456033,55394.55015449997,18.892000000000003,0.227,W1
QSO_32.9782477-17.2456033,55569.25393699997,19.299,0.388,W1
QSO_32.9782477-17.2456033,55569.38614000002,19.202,0.313,W1
QSO_32.9782477-17.2456033,55569.452314499984,19.484,0.425,W1
QSO_32.9782477-17.2456033,55569.71661100001,19.245,0.339,W1
QSO_32.9782477-17.2456033,55569.98090750004,19.347,0.375,W1
QSO_32.9782477-17.2456033,55570.11311050001,19.413,,W1
QSO_32.9782477-17.2456033,56669.98889950003,19.171,0.307,W1
QSO_32.9782477-17.2456033,56670.05481850004,18.771,0.254,W1
QSO_32.9782477-17.2456033,56670.12073749996,19.124,0.317,W1
QSO_32.9782477-17.2456033,56670.25232000002,18.583,0.327,W1
QSO_32.9782477-17.2456033,56670.51570399999,18.868,0.278,W1
QSO_32.9782477-17.2456033,56855.805946499975,18.693,0.212,W1
QSO_32.9782477-17.2456033,56858.76427150002,18.636,0.209,W1
QSO_32.9782477-17.2456033,56859.092954,18.833,0.23,W1
QSO_32.9782477-17.2456033,57033.11126682061,19.382,0.369,W1
QSO_32.9782477-17.2456033,57033.24255732477,18.558,0.201,W1
QSO_32.9782477-17.2456033,57033.37388432896,19.433,0.412,W1
QSO_32.9782477-17.2456033,57220.58427669128,19.257,0.351,W1
QSO_32.9782477-17.2456033,57393.71904298084,19.145000000000003,0.302,W1
QSO_32.9782477-17.2456033,57752.52788632752,19.017000000000003,0.286,W1
QSO_32.9782477-17.2456033,57752.79049133584,18.819000000000003,0.528,W1
QSO_32.9782477-17.2456033,57752.987362742046,19.12,0.367,W1
QSO_32.9782477-17.2456033,57753.38113774316,19.179,0.349,W1
QSO_32.9782477-17.2456033,57753.64373971211,18.48,0.537,W1
QSO_32.9782477-17.2456033,57760.058927,18.871,0.297,W1
QSO_32.9782477-17.2456033,57952.41670099997,18.724,0.285,W1
QSO_32.9782477-17.2456033,58113.37378050001,19.275,0.331,W1
QSO_32.9782477-17.2456033,58113.50459649996,18.715,0.227,W1
QSO_32.9782477-17.2456033,58113.570004499976,18.838,0.24,W1
QSO_32.9782477-17.2456033,58114.027970000025,18.61,0.231,W1
QSO_32.9782477-17.2456033,58316.09244449997,18.455,0.17,W1
QSO_32.9782477-17.2456033,58476.38905649999,18.997,0.31,W1
QSO_32.9782477-17.2456033,58477.10839849999,18.473,0.196,W1
QSO_32.9782477-17.2456033,58680.66721950001,18.449,0.19,W1
QSO_32.9782477-17.2456033,58840.84619199999,18.438,0.322,W1
QSO_32.9782477-17.2456033,58840.84633800002,18.82,0.269,W1
QSO_32.9782477-17.2456033,59047.036378000026,19.085,0.4,W1
QSO_32.9782477-17.2456033,59047.69159120001,18.677,0.217,W1
QSO_32.9782477-17.2456033,59205.63259600002,19.117,0.313,W1
QSO_32.9782477-17.2456033,59207.99077059996,19.145000000000003,0.354,W1
QSO_32.9782477-17.2456033,59208.97355379999,18.704,0.25,W1
QSO_32.9782477-17.2456033,59572.338431,19.361,0.509,W1
QSO_32.9782477-17.2456033,59572.40383900001,18.847,0.223,W1
QSO_32.9782477-17.2456033,59775.47848750003,18.817,0.33,W1
QSO_32.9782477-17.2456033,59775.93481050002,18.851,0.282,W1
QSO_32.9782477-17.2456033,59936.284092,18.993,0.289,W1
QSO_32.9782477-17.2456033,59936.4146525,19.066000000000003,0.281,W1
QSO_32.9782477-17.2456033,59936.47980499997,18.626,0.202,W1
QSO_32.9782477-17.2456033,60303.0672995,18.914,0.309,W1
QSO_32.9782477-17.2456033,60303.64794150001,18.894,0.291,W1
QSO_32.9782477-17.2456033,55207.27741449999,18.855,0.458,W2
QSO_32.9782477-17.2456033,55207.277524,18.404,,W2
QSO_32.9782477-17.2456033,55393.55863200001,18.462,,W2
QSO_32.9782477-17.2456033,55393.69083499998,18.646,,W2
QSO_32.9782477-17.2456033,55393.75690000002,18.501,,W2
QSO_32.9782477-17.2456033,55393.889103,18.226,,W2
QSO_32.9782477-17.2456033,55393.95527750004,18.564,,W2
QSO_32.9782477-17.2456033,55394.021305999966,18.663,,W2
QSO_32.9782477-17.2456033,55394.08748050001,18.644,,W2
QSO_32.9782477-17.2456033,55394.4179515,18.822,,W2
QSO_32.9782477-17.2456033,55394.55015449997,18.558,0.35,W2
QSO_32.9782477-17.2456033,55569.25393699997,18.904,,W2
QSO_32.9782477-17.2456033,55569.38614000002,18.372,,W2
QSO_32.9782477-17.2456033,55569.452314499984,18.681,,W2
QSO_32.9782477-17.2456033,55569.71661100001,18.854,,W2
QSO_32.9782477-17.2456033,55569.98090750004,18.511,,W2
QSO_32.9782477-17.2456033,55570.11311050001,18.648,,W2
QSO_32.9782477-17.2456033,56669.98889950003,18.194,,W2
QSO_32.9782477-17.2456033,56670.05481850004,18.897,,W2
QSO_32.9782477-17.2456033,56670.12073749996,18.402,,W2
QSO_32.9782477-17.2456033,56670.25232000002,18.526,,W2
QSO_32.9782477-17.2456033,56670.51570399999,18.051,0.315,W2
QSO_32.9782477-17.2456033,56855.805946499975,17.791,,W2
QSO_32.9782477-17.2456033,56858.76427150002,18.649,,W2
QSO_32.9782477-17.2456033,56859.092954,18.511,,W2
QSO_32.9782477-17.2456033,57033.11126682061,18.129,,W2
QSO_32.9782477-17.2456033,57033.24255732477,18.967,,W2
QSO_32.9782477-17.2456033,57033.37388432896,18.252,0.342,W2
QSO_32.9782477-17.2456033,57220.58427669128,18.012999999999998,0.369,W2
QSO_32.9782477-17.2456033,57393.71904298084,18.214,,W2
QSO_32.9782477-17.2456033,57752.52788632752,18.09,,W2
QSO_32.9782477-17.2456033,57752.79049133584,18.517,,W2
QSO_32.9782477-17.2456033,57752.987362742046,18.324,,W2
QSO_32.9782477-17.2456033,57753.38113774316,18.726,,W2
QSO_32.9782477-17.2456033,57753.64373971211,17.916999999999998,,W2
QSO_32.9782477-17.2456033,57760.058927,18.135,,W2
QSO_32.9782477-17.2456033,57952.41670099997,18.773,,W2
QSO_32.9782477-17.2456033,58113.37378050001,18.816,,W2
QSO_32.9782477-17.2456033,58113.50459649996,18.512,,W2
QSO_32.9782477-17.2456033,58113.570004499976,18.325,,W2
QSO_32.9782477-17.2456033,58114.027970000025,18.423,,W2
QSO_32.9782477-17.2456033,58316.09244449997,18.047,,W2
QSO_32.9782477-17.2456033,58476.38905649999,18.258,,W2
QSO_32.9782477-17.2456033,58477.10839849999,18.351,,W2
QSO_32.9782477-17.2456033,58680.66721950001,18.73,0.492,W2
QSO_32.9782477-17.2456033,58840.84619199999,18.304,,W2
QSO_32.9782477-17.2456033,58840.84633800002,18.552,,W2
QSO_32.9782477-17.2456033,59047.036378000026,18.136,,W2
QSO_32.9782477-17.2456033,59047.69159120001,17.788999999999998,,W2
QSO_32.9782477-17.2456033,59205.63259600002,17.881,,W2
QSO_32.9782477-17.2456033,59207.99077059996,18.461,,W2
QSO_32.9782477-17.2456033,59208.97355379999,17.766,,W2
QSO_32.9782477-17.2456033,59572.338431,18.438,,W2
QSO_32.9782477-17.2456033,59572.40383900001,18.551,0.482,W2
QSO_32.9782477-17.2456033,59775.47848750003,18.577,,W2
QSO_32.9782477-17.2456033,59775.93481050002,17.951,,W2
QSO_32.9782477-17.2456033,59936.284092,18.64,,W2
QSO_32.9782477-17.2456033,59936.4146525,18.899,,W2
QSO_32.9782477-17.2456033,59936.47980499997,18.203,,W2
QSO_32.9782477-17.2456033,60303.0672995,17.902,,W2
QSO_32.9782477-17.2456033,60303.64794150001,18.442,0.356,W2
QSO_33.0414917-17.0849992,55207.277524,19.0,0.264,W1
QSO_33.0414917-17.0849992,55393.55863200001,19.199,0.368,W1
QSO_33.0414917-17.0849992,55393.69083499998,19.133000000000003,0.323,W1
QSO_33.0414917-17.0849992,55393.889103,19.186,,W1
QSO_33.0414917-17.0849992,55393.95527750004,18.938,0.262,W1
QSO_33.0414917-17.0849992,55394.021305999966,19.032,0.281,W1
QSO_33.0414917-17.0849992,55394.08737100001,19.380000000000003,0.38,W1
QSO_33.0414917-17.0849992,55394.08748050001,18.679,,W1
QSO_33.0414917-17.0849992,55394.4179515,19.573,0.446,W1
QSO_33.0414917-17.0849992,55394.55015449997,19.673,,W1
QSO_33.0414917-17.0849992,55394.68239399997,19.4,0.34,W1
QSO_33.0414917-17.0849992,55569.38614000002,19.417,0.39,W1
QSO_33.0414917-17.0849992,55569.71661100001,19.483,,W1
QSO_33.0414917-17.0849992,55569.914879000025,19.676,0.498,W1
QSO_33.0414917-17.0849992,55569.98090750004,19.063,0.327,W1
QSO_33.0414917-17.0849992,55570.11311050001,18.833,0.241,W1
QSO_33.0414917-17.0849992,56670.51570399999,19.052,0.295,W1
QSO_33.0414917-17.0849992,56856.06885599998,19.311,0.527,W1
QSO_33.0414917-17.0849992,56859.02718100002,18.950000000000003,0.289,W1
QSO_33.0414917-17.0849992,56859.421673,18.473,0.207,W1
QSO_33.0414917-17.0849992,57033.50521133314,19.355,0.431,W1
QSO_33.0414917-17.0849992,57393.58775877673,19.173,0.409,W1
QSO_33.0414917-17.0849992,57393.85047358498,19.004,0.278,W1
QSO_33.0414917-17.0849992,57585.71082725224,18.735,0.208,W1
QSO_33.0414917-17.0849992,57760.05907300003,18.826,0.27,W1
QSO_33.0414917-17.0849992,57949.4070935,18.950000000000003,0.408,W1
QSO_33.0414917-17.0849992,57949.60342699997,19.125,0.329,W1
QSO_33.0414917-17.0849992,57950.061392500014,18.939,0.268,W1
QSO_33.0414917-17.0849992,58113.63541249999,18.776000000000003,0.255,W1
QSO_33.0414917-17.0849992,58113.76622850003,18.878,0.284,W1
QSO_33.0414917-17.0849992,58114.15878599997,18.466,0.193,W1
QSO_33.0414917-17.0849992,58116.64450899998,18.732,0.255,W1
QSO_33.0414917-17.0849992,58117.036957,18.816000000000003,0.255,W1
QSO_33.0414917-17.0849992,58316.87708499998,18.877,0.25,W1
QSO_33.0414917-17.0849992,58476.91232049996,18.824,0.252,W1
QSO_33.0414917-17.0849992,58476.97758250003,18.752,0.25,W1
QSO_33.0414917-17.0849992,58477.10839849999,18.774,0.324,W1
QSO_33.0414917-17.0849992,58680.34043500004,18.798,0.271,W1
QSO_33.0414917-17.0849992,58841.238530500006,19.007,0.281,W1
QSO_33.0414917-17.0849992,59047.82265579996,19.201,0.347,W1
QSO_33.0414917-17.0849992,59205.69818320003,18.91,0.315,W1
QSO_33.0414917-17.0849992,59411.79807199998,18.791,0.251,W1
QSO_33.0414917-17.0849992,59412.1247105,18.668,0.227,W1
QSO_33.0414917-17.0849992,59412.19000900002,18.742,0.31,W1
QSO_33.0414917-17.0849992,59775.804505499975,19.362,0.44,W1
QSO_33.0414917-17.0849992,59775.999963,18.663,0.366,W1
QSO_33.0414917-17.0849992,59936.4146525,18.927,0.304,W1
QSO_33.0414917-17.0849992,60143.377536500026,19.18,0.334,W1
QSO_33.0414917-17.0849992,60302.93827199997,18.297,0.188,W1
QSO_33.0414917-17.0849992,60303.19632700003,18.828000000000003,0.242,W1
QSO_33.0414917-17.0849992,55207.277524,18.861,,W2
QSO_33.0414917-17.0849992,55393.55863200001,18.431,,W2
QSO_33.0414917-17.0849992,55393.69083499998,18.424,,W2
QSO_33.0414917-17.0849992,55393.889103,18.917,0.537,W2
QSO_33.0414917-17.0849992,55393.95527750004,19.004,,W2
QSO_33.0414917-17.0849992,55394.021305999966,18.701,,W2
QSO_33.0414917-17.0849992,55394.08737100001,18.193,0.287,W2
QSO_33.0414917-17.0849992,55394.08748050001,19.126,,W2
QSO_33.0414917-17.0849992,55394.4179515,18.669,,W2
QSO_33.0414917-17.0849992,55394.55015449997,18.716,,W2
QSO_33.0414917-17.0849992,55394.68239399997,18.898,0.47,W2
QSO_33.0414917-17.0849992,55569.38614000002,18.999,,W2
QSO_33.0414917-17.0849992,55569.71661100001,19.01,,W2
QSO_33.0414917-17.0849992,55569.914879000025,18.437,,W2
QSO_33.0414917-17.0849992,55569.98090750004,18.983,,W2
QSO_33.0414917-17.0849992,55570.11311050001,18.867,,W2
QSO_33.0414917-17.0849992,56670.51570399999,18.571,0.533,W2
QSO_33.0414917-17.0849992,56856.06885599998,18.203,,W2
QSO_33.0414917-17.0849992,56859.02718100002,18.866,,W2
QSO_33.0414917-17.0849992,56859.421673,18.484,,W2
QSO_33.0414917-17.0849992,57033.50521133314,18.569,,W2
QSO_33.0414917-17.0849992,57393.58775877673,19.035,,W2
QSO_33.0414917-17.0849992,57393.85047358498,17.791,0.239,W2
QSO_33.0414917-17.0849992,57585.71082725224,18.516,,W2
QSO_33.0414917-17.0849992,57760.05907300003,18.607,,W2
QSO_33.0414917-17.0849992,57949.4070935,17.695,,W2
QSO_33.0414917-17.0849992,57949.60342699997,18.239,,W2
QSO_33.0414917-17.0849992,57950.061392500014,18.098,,W2
QSO_33.0414917-17.0849992,58113.63541249999,18.134,,W2
QSO_33.0414917-17.0849992,58113.76622850003,18.646,,W2
QSO_33.0414917-17.0849992,58114.15878599997,18.633,,W2
QSO_33.0414917-17.0849992,58116.64450899998,18.216,,W2
QSO_33.0414917-17.0849992,58117.036957,18.06,,W2
QSO_33.0414917-17.0849992,58316.87708499998,18.74,,W2
QSO_33.0414917-17.0849992,58476.91232049996,18.343,,W2
QSO_33.0414917-17.0849992,58476.97758250003,18.188,,W2
QSO_33.0414917-17.0849992,58477.10839849999,18.28,,W2
QSO_33.0414917-17.0849992,58680.34043500004,18.478,,W2
QSO_33.0414917-17.0849992,58841.238530500006,18.767,,W2
QSO_33.0414917-17.0849992,59047.82265579996,18.5,0.491,W2
QSO_33.0414917-17.0849992,59205.69818320003,18.431,,W2
QSO_33.0414917-17.0849992,59411.79807199998,18.772,0.5,W2
QSO_33.0414917-17.0849992,59412.1247105,17.951,,W2
QSO_33.0414917-17.0849992,59412.19000900002,18.049,,W2
QSO_33.0414917-17.0849992,59775.804505499975,18.332,,W2
QSO_33.0414917-17.0849992,59775.999963,18.056,,W2
QSO_33.0414917-17.0849992,59936.4146525,18.527,,W2
QSO_33.0414917-17.0849992,60143.377536500026,18.034,0.374,W2
QSO_33.0414917-17.0849992,60302.93827199997,18.409,0.393,W2
QSO_33.0414917-17.0849992,60303.19632700003,18.254,,W2
