oid,time,magnitude,error,band
QSO_130.622625+12.314028,55311.946238000026,18.96,0.0610933756327096,W1
QSO_130.622625+12.314028,55503.20576349994,18.8975,0.0854960065127584,W1
QSO_130.622625+12.314028,56774.10131700002,18.73,0.1179048580659657,W1
QSO_130.622625+12.314028,56965.17064100001,18.950000000000003,0.0775346995198258,W1
QSO_130.622625+12.314028,57132.80684421388,19.024500000000003,0.0778841161397818,W1
QSO_130.622625+12.314028,57326.83723812116,18.899,0.0475558151602465,W1
QSO_130.622625+12.314028,57495.13468497583,18.599,0.0,W1
QSO_130.622625+12.314028,57694.676360396144,18.8915,0.0519770832915813,W1
QSO_130.622625+12.314028,57855.77433700001,18.820500000000003,0.0474270394824942,W1
QSO_130.622625+12.314028,58058.85529999997,18.758000000000003,0.0960928547535863,W1
QSO_130.622625+12.314028,58216.06634800002,18.642,0.0759631259326372,W1
QSO_130.622625+12.314028,58425.55481300006,18.814,0.0881861489974475,W1
QSO_130.622625+12.314028,58580.089680999976,18.794,0.1238184763642456,W1
QSO_130.622625+12.314028,58789.43999349997,18.697000000000003,0.0881617831035649,W1
QSO_130.622625+12.314028,58947.099638800006,18.814,0.0724984206724534,W1
QSO_130.622625+12.314028,59154.3006202,18.856,0.0977648399829384,W1
QSO_130.622625+12.314028,59311.69572699997,18.948,0.1533734266422971,W1
QSO_130.622625+12.314028,59521.28316174997,18.86,0.0877254127768856,W1
QSO_130.622625+12.314028,59675.568898999976,18.824,0.0677014483678975,W1
QSO_130.622625+12.314028,59885.340969,18.3775,0.0215667568261896,W1
QSO_130.622625+12.314028,60042.50451225,19.035,0.1135401074510676,W1
QSO_130.622625+12.314028,60249.06547650001,18.83,0.0864573604238977,W1
QSO_130.622625+12.314028,60406.62846520001,18.731,0.1171379311831782,W1
QSO_130.622625+12.314028,55311.946238000026,18.417,0.0657518749375719,W2
QSO_130.622625+12.314028,55503.20576349994,18.4265,0.0845555749470704,W2
QSO_130.622625+12.314028,56774.10131700002,18.393,0.0867951722184993,W2
QSO_130.622625+12.314028,56965.17064100001,18.37,0.1057081937326636,W2
QSO_130.622625+12.314028,57132.80684421388,18.2195,0.0470226009489052,W2
QSO_130.622625+12.314028,57326.83723812116,18.077,0.1228522147405846,W2
QSO_130.622625+12.314028,57495.13468497583,18.159,0.0,W2
QSO_130.622625+12.314028,57694.676360396144,18.3305,0.0811283584628397,W2
QSO_130.622625+12.314028,57855.77433700001,18.2635,0.0647382371697891,W2
QSO_130.622625+12.314028,58058.85529999997,18.329,0.0731561690692338,W2
QSO_130.622625+12.314028,58216.06634800002,18.226,0.1147504327119518,W2
QSO_130.622625+12.314028,58425.55481300006,18.138,0.0416223722894312,W2
QSO_130.622625+12.314028,58580.089680999976,18.392,0.1280761519014023,W2
QSO_130.622625+12.314028,58789.43999349997,17.982,0.0756729703229627,W2
QSO_130.622625+12.314028,58947.099638800006,18.2195,0.0748008288724128,W2
QSO_130.622625+12.314028,59154.3006202,18.096,0.0768015973099608,W2
QSO_130.622625+12.314028,59311.69572699997,18.097,0.141789421326134,W2
QSO_130.622625+12.314028,59521.28316174997,18.389000000000003,0.0887152660904537,W2
QSO_130.622625+12.314028,59675.568898999976,18.5235,0.1261301503004527,W2
QSO_130.622625+12.314028,59885.340969,18.097,0.2128391411371509,W2
QSO_130.622625+12.314028,60042.50451225,18.2835,0.043319279772406,W2
QSO_130.622625+12.314028,60249.06547650001,18.096,0.0687280879159833,W2
QSO_130.622625+12.314028,60406.62846520001,18.4275,0.1173437708055906,W2
QSO_130.470324+12.2921335,55311.88006349998,17.709,0.030891803624579,W1
QSO_130.470324+12.2921335,55503.04058274999,17.7795,0.0390555753121492,W1
QSO_130.470324+12.2921335,56774.00263924997,17.7515,0.0382246517315724,W1
QSO_130.470324+12.2921335,56965.07214575002,17.723,0.0643981574673156,W1
QSO_130.470324+12.2921335,57132.642813203456,17.722,0.0374775550113615,W1
QSO_130.470324+12.2921335,57326.73892536487,17.817500000000003,0.0530650638367653,W1
QSO_130.470324+12.2921335,57495.003364167525,17.776,0.0531252886702399,W1
QSO_130.470324+12.2921335,57694.47948898371,17.813000000000002,0.0419997674495369,W1
QSO_130.470324+12.2921335,57855.57800350004,17.812,0.0382247480794934,W1
QSO_130.470324+12.2921335,58058.59366799999,17.808999999999997,0.0521960414859874,W1
QSO_130.470324+12.2921335,58215.90282799993,17.784499999999998,0.0583044521757861,W1
QSO_130.470324+12.2921335,58425.358661999984,17.808,0.0483082389496163,W1
QSO_130.470324+12.2921335,58579.92603324999,17.7745,0.0220552909765053,W1
QSO_130.470324+12.2921335,58789.34188149998,17.810000000000002,0.0527041445415049,W1
QSO_130.470324+12.2921335,58946.93581719996,17.843,0.0554954744567986,W1
QSO_130.470324+12.2921335,59154.169519000025,17.7335,0.0341935531068951,W1
QSO_130.470324+12.2921335,59311.56560449999,17.776,0.0312536294188668,W1
QSO_130.470324+12.2921335,59521.184849000034,17.749000000000002,0.0392258482068036,W1
QSO_130.470324+12.2921335,59675.53626799998,17.737000000000002,0.0250354686946909,W1
QSO_130.470324+12.2921335,59885.11319075002,17.777,0.0324945533897604,W1
QSO_130.470324+12.2921335,60042.47200899998,17.747999999999998,0.0359359415911533,W1
QSO_130.470324+12.2921335,60249.000944500025,17.785,0.0398499586497849,W1
QSO_130.470324+12.2921335,60406.62846520001,17.7455,0.036307489534479,W1
QSO_130.470324+12.2921335,55311.88006349998,18.228,0.1004974703547732,W2
QSO_130.470324+12.2921335,55503.04058274999,18.2275,0.0314643666032026,W2
QSO_130.470324+12.2921335,56774.00263924997,18.118,0.0971140772493876,W2
QSO_130.470324+12.2921335,56965.07214575002,18.2345,0.0475285184856887,W2
QSO_130.470324+12.2921335,57132.642813203456,18.337,0.0681395966353604,W2
QSO_130.470324+12.2921335,57326.73892536487,17.906,0.0597555102061726,W2
QSO_130.470324+12.2921335,57495.003364167525,17.791,0.1518400718104655,W2
QSO_130.470324+12.2921335,57694.47948898371,18.047,0.0489358278941969,W2
QSO_130.470324+12.2921335,57855.57800350004,18.1705,0.066398048240782,W2
QSO_130.470324+12.2921335,58058.59366799999,18.073,0.0716001712492024,W2
QSO_130.470324+12.2921335,58215.90282799993,18.1645,0.0574131137023589,W2
QSO_130.470324+12.2921335,58425.358661999984,18.27,0.0989271677696025,W2
QSO_130.470324+12.2921335,58579.92603324999,18.2505,0.0722847261366678,W2
QSO_130.470324+12.2921335,58789.34188149998,18.0035,0.0850618103150532,W2
QSO_130.470324+12.2921335,58946.93581719996,18.214,0.0617368360162415,W2
QSO_130.470324+12.2921335,59154.169519000025,18.0765,0.0755934698580847,W2
QSO_130.470324+12.2921335,59311.56560449999,18.055,0.0654563529653046,W2
QSO_130.470324+12.2921335,59521.184849000034,18.113,0.0504065813264678,W2
QSO_130.470324+12.2921335,59675.53626799998,18.21,0.0988291722110794,W2
QSO_130.470324+12.2921335,59885.11319075002,18.006,0.100991093666719,W2
QSO_130.470324+12.2921335,60042.47200899998,18.02,0.0988850175711444,W2
QSO_130.470324+12.2921335,60249.000944500025,18.269,0.0855053243595227,W2
QSO_130.470324+12.2921335,60406.62846520001,18.274,0.1022753947229769,W2
QSO_130.7087621+12.2301342,55312.078441,17.908,0.0327413137744061,W1
QSO_130.7087621+12.2301342,55503.27186500001,17.925,0.0586310011001647,W1
QSO_130.7087621+12.2301342,56774.23275349997,17.916,0.0664081815856876,W1
QSO_130.7087621+12.2301342,56965.30207749996,17.877000000000002,0.0438866445030836,W1
QSO_130.7087621+12.2301342,57132.80678946395,17.936,0.0317377732511144,W1
QSO_130.7087621+12.2301342,57326.90275562525,18.003999999999998,0.0566631807206648,W1
QSO_130.7087621+12.2301342,57495.13468497583,17.846,0.03027405685597,W1
QSO_130.7087621+12.2301342,57694.74194760031,17.895,0.048009202724122,W1
QSO_130.7087621+12.2301342,57855.77433700001,17.9025,0.0458783869473296,W1
QSO_130.7087621+12.2301342,58058.85537300004,17.878,0.0558012760374475,W1
QSO_130.7087621+12.2301342,58216.13175600004,17.86,0.0657939889786674,W1
QSO_130.7087621+12.2301342,58425.58751700003,17.932000000000002,0.069469730118792,W1
QSO_130.7087621+12.2301342,58580.12212949999,17.867,0.0535491007892315,W1
QSO_130.7087621+12.2301342,58789.53803250006,17.8885,0.0575671658844083,W1
QSO_130.7087621+12.2301342,58947.1323592,17.987000000000002,0.0361517939742379,W1
QSO_130.7087621+12.2301342,59154.36609760001,17.853,0.0533489990766401,W1
QSO_130.7087621+12.2301342,59311.76164599998,17.948999999999998,0.0378361703289534,W1
QSO_130.7087621+12.2301342,59521.44662699997,17.895,0.048035814962989,W1
QSO_130.7087621+12.2301342,59675.73198099996,17.947,0.0259095973944319,W1
QSO_130.7087621+12.2301342,59885.340713499965,17.819,0.0287237679627947,W1
QSO_130.7087621+12.2301342,60042.666809499984,17.93,0.0478568648564539,W1
QSO_130.7087621+12.2301342,60249.19475949999,18.0085,0.0515575018789699,W1
QSO_130.7087621+12.2301342,60406.78957839999,17.856,0.0407682608091937,W1
QSO_130.7087621+12.2301342,55312.078441,18.26,0.0618147643266348,W2
QSO_130.7087621+12.2301342,55503.27186500001,18.313,0.0718986913523593,W2
QSO_130.7087621+12.2301342,56774.23275349997,18.137,0.0732459192597401,W2
QSO_130.7087621+12.2301342,56965.30207749996,18.205,0.0774077187437528,W2
QSO_130.7087621+12.2301342,57132.80678946395,18.125,0.0763065647122305,W2
QSO_130.7087621+12.2301342,57326.90275562525,18.077,0.0759070979365354,W2
QSO_130.7087621+12.2301342,57495.13468497583,18.17,0.0153260852434305,W2
QSO_130.7087621+12.2301342,57694.74194760031,18.365,0.0723340817590287,W2
QSO_130.7087621+12.2301342,57855.77433700001,18.217,0.0913510348823376,W2
QSO_130.7087621+12.2301342,58058.85537300004,18.074,0.0790154220471948,W2
QSO_130.7087621+12.2301342,58216.13175600004,18.392,0.113760104528869,W2
QSO_130.7087621+12.2301342,58425.58751700003,18.0215,0.0595925400812328,W2
QSO_130.7087621+12.2301342,58580.12212949999,18.308,0.0712511981383584,W2
QSO_130.7087621+12.2301342,58789.53803250006,18.1705,0.0701843265912988,W2
QSO_130.7087621+12.2301342,58947.1323592,18.329,0.0793865820131611,W2
QSO_130.7087621+12.2301342,59154.36609760001,18.172,0.0998275748640156,W2
QSO_130.7087621+12.2301342,59311.76164599998,18.347,0.0691908431879905,W2
QSO_130.7087621+12.2301342,59521.44662699997,18.202,0.0622131765693006,W2
QSO_130.7087621+12.2301342,59675.73198099996,18.241,0.0739994833231235,W2
QSO_130.7087621+12.2301342,59885.340713499965,18.089,0.0751300900322198,W2
QSO_130.7087621+12.2301342,60042.666809499984,18.4045,0.0872514028062968,W2
QSO_130.7087621+12.2301342,60249.19475949999,17.976,0.0867251347649573,W2
QSO_130.7087621+12.2301342,60406.78957839999,18.196,0.0862028952153065,W2
QSO_130.7294963+12.193441,55312.078441,18.782,0.0538592232386782,W1
QSO_130.7294963+12.193441,55503.337929999965,18.728,0.0678997139133269,W1
QSO_130.7294963+12.193441,56774.199867000025,18.9335,0.1098798260458898,W1
QSO_130.7294963+12.193441,56965.36774100002,18.711,0.0919772045714663,W1
QSO_130.7294963+12.193441,57132.83962121602,18.562,0.0949419657045917,W1
QSO_130.7294963+12.193441,57326.96841912946,18.595,0.1618950277185808,W1
QSO_130.7294963+12.193441,57495.13468497583,18.497,0.1533190814632694,W1
QSO_130.7294963+12.193441,57694.676360396144,18.795,0.1033682139456853,W1
QSO_130.7294963+12.193441,57855.77433700001,18.7115,0.0468984434709724,W1
QSO_130.7294963+12.193441,58058.85544600001,18.635,0.1046681345078068,W1
QSO_130.7294963+12.193441,58216.328491,18.434,0.0618710327322732,W1
QSO_130.7294963+12.193441,58425.718332999975,18.5915,0.1078765208467534,W1
QSO_130.7294963+12.193441,58580.154578,18.819000000000003,0.0827027754120531,W1
QSO_130.7294963+12.193441,58789.63583425,18.598,0.0762675696970867,W1
QSO_130.7294963+12.193441,58947.1323592,18.524,0.0931802978168379,W1
QSO_130.7294963+12.193441,59154.36609760001,18.68,0.1249171577338208,W1
QSO_130.7294963+12.193441,59311.7286135,18.5565,0.1302514395313925,W1
QSO_130.7294963+12.193441,59521.44662699997,18.688,0.080682802861828,W1
QSO_130.7294963+12.193441,59675.86239550001,18.528,0.0434321128025863,W1
QSO_130.7294963+12.193441,59885.27556099999,18.605,0.0529410231716017,W1
QSO_130.7294963+12.193441,60042.53701550001,18.731,0.0534363459894326,W1
QSO_130.7294963+12.193441,60249.130118,18.69,0.0601151470412413,W1
QSO_130.7294963+12.193441,60406.8533722,18.746,0.1155766062655101,W1
QSO_130.7294963+12.193441,55312.078441,18.06,0.076382061925048,W2
QSO_130.7294963+12.193441,55503.337929999965,18.348,0.0879565154497812,W2
QSO_130.7294963+12.193441,56774.199867000025,18.0305,0.098402305216265,W2
QSO_130.7294963+12.193441,56965.36774100002,18.147,0.0697492342067406,W2
QSO_130.7294963+12.193441,57132.83962121602,18.071,0.0691537692512339,W2
QSO_130.7294963+12.193441,57326.96841912946,18.148,0.0573013088855743,W2
QSO_130.7294963+12.193441,57495.13468497583,17.538999999999998,0.0497824898563367,W2
QSO_130.7294963+12.193441,57694.676360396144,18.26,0.0999119090737433,W2
QSO_130.7294963+12.193441,57855.77433700001,18.139000000000003,0.0737654119489617,W2
QSO_130.7294963+12.193441,58058.85544600001,17.989,0.0622571330634807,W2
QSO_130.7294963+12.193441,58216.328491,18.223,0.0637976052115362,W2
QSO_130.7294963+12.193441,58425.718332999975,18.143,0.0772421112476867,W2
QSO_130.7294963+12.193441,58580.154578,18.336,0.0851056090290433,W2
QSO_130.7294963+12.193441,58789.63583425,18.171,0.1050129084327257,W2
QSO_130.7294963+12.193441,58947.1323592,18.383,0.0906177700394001,W2
QSO_130.7294963+12.193441,59154.36609760001,18.047,0.1013572637976883,W2
QSO_130.7294963+12.193441,59311.7286135,18.064,0.1100409636084446,W2
QSO_130.7294963+12.193441,59521.44662699997,17.846999999999998,0.0905151238982801,W2
QSO_130.7294963+12.193441,59675.86239550001,18.372,0.1326353024529673,W2
QSO_130.7294963+12.193441,59885.27556099999,18.1465,0.0888022477722367,W2
QSO_130.7294963+12.193441,60042.53701550001,18.133,0.0936667325688447,W2
QSO_130.7294963+12.193441,60249.130118,18.319,0.0964258049489779,W2
QSO_130.7294963+12.193441,60406.8533722,18.159,0.0942400183938173,W2
QSO_130.6315409+12.4669649,55311.946238000026,17.694,0.0309344329752645,W1
QSO_130.6315409+12.4669649,55503.13966200004,17.711,0.0566312229867915,W1
QSO_130.6315409+12.4669649,56774.10131700002,17.668,0.0426241414048819,W1
QSO_130.6315409+12.4669649,56965.20347274996,17.6725,0.0372878877663251,W1
QSO_130.6315409+12.4669649,57132.74123545976,17.662,0.0364846334068321,W1
QSO_130.6315409+12.4669649,57326.73892536487,17.6525,0.049568134925575,W1
QSO_130.6315409+12.4669649,57495.06902457168,17.6575,0.0024748737341534,W1
QSO_130.6315409+12.4669649,57694.61066339196,17.593,0.0500234355295477,W1
QSO_130.6315409+12.4669649,57855.676225000025,17.658,0.0334037298222905,W1
QSO_130.6315409+12.4669649,58058.75718799999,17.622999999999998,0.0609842306575141,W1
QSO_130.6315409+12.4669649,58215.96823600004,17.612000000000002,0.0331644332022972,W1
QSO_130.6315409+12.4669649,58425.48947800002,17.706,0.039979596599421,W1
QSO_130.6315409+12.4669649,58579.92603324999,17.7245,0.0435514549401651,W1
QSO_130.6315409+12.4669649,58789.407216500025,17.593,0.0270322167189585,W1
QSO_130.6315409+12.4669649,58947.03412480005,17.615,0.033363137717147,W1
QSO_130.6315409+12.4669649,59154.202239400016,17.6585,0.0572900050558584,W1
QSO_130.6315409+12.4669649,59311.663388000045,17.627499999999998,0.0319972498818259,W1
QSO_130.6315409+12.4669649,59521.21749824999,17.59,0.0404756222929309,W1
QSO_130.6315409+12.4669649,59675.66668250003,17.683999999999997,0.0427868232804358,W1
QSO_130.6315409+12.4669649,59885.145767000016,17.621000000000002,0.0318718283609945,W1
QSO_130.6315409+12.4669649,60042.47206374999,17.707,0.0410916080803565,W1
QSO_130.6315409+12.4669649,60249.130118,17.755,0.0375243496620301,W1
QSO_130.6315409+12.4669649,60406.69289949998,17.649,0.043038169106039,W1
QSO_130.6315409+12.4669649,55311.946238000026,18.38,0.0680037785665165,W2
QSO_130.6315409+12.4669649,55503.13966200004,18.311,0.0866748806525757,W2
QSO_130.6315409+12.4669649,56774.10131700002,18.11,0.0860079233852839,W2
QSO_130.6315409+12.4669649,56965.20347274996,18.2775,0.0691031167223357,W2
QSO_130.6315409+12.4669649,57132.74123545976,18.232,0.0722754248677911,W2
QSO_130.6315409+12.4669649,57326.73892536487,18.144,0.1021191763180403,W2
QSO_130.6315409+12.4669649,57495.06902457168,17.918,0.0961665222413699,W2
QSO_130.6315409+12.4669649,57694.61066339196,18.165,0.0935469845428212,W2
QSO_130.6315409+12.4669649,57855.676225000025,18.308,0.0939698626496878,W2
QSO_130.6315409+12.4669649,58058.75718799999,18.1145,0.0713398028932786,W2
QSO_130.6315409+12.4669649,58215.96823600004,18.3395,0.0762526259414257,W2
QSO_130.6315409+12.4669649,58425.48947800002,18.184,0.0754617142865529,W2
QSO_130.6315409+12.4669649,58579.92603324999,18.239,0.0930075254016636,W2
QSO_130.6315409+12.4669649,58789.407216500025,17.982,0.0953836187310077,W2
QSO_130.6315409+12.4669649,58947.03412480005,18.057,0.0700040797422233,W2
QSO_130.6315409+12.4669649,59154.202239400016,18.265,0.0612817861351874,W2
QSO_130.6315409+12.4669649,59311.663388000045,18.248,0.0988037904131214,W2
QSO_130.6315409+12.4669649,59521.21749824999,18.0655,0.074576296502307,W2
QSO_130.6315409+12.4669649,59675.66668250003,18.2675,0.0996883142599975,W2
QSO_130.6315409+12.4669649,59885.145767000016,18.245,0.093890926999575,W2
QSO_130.6315409+12.4669649,60042.47206374999,18.224,0.0723796054953788,W2
QSO_130.6315409+12.4669649,60249.130118,18.009,0.1038605559833147,W2
QSO_130.6315409+12.4669649,60406.69289949998,18.047,0.0809497127851607,W2
QSO_130.7262415+12.2438712,55312.01241249999,18.279,0.0430364875339433,W1
QSO_130.7262415+12.2438712,55503.27186500001,18.293,0.0526441921696598,W1
QSO_130.7262415+12.2438712,56774.19994,17.996000000000002,0.0570549199358734,W1
QSO_130.7262415+12.2438712,56965.30207749996,18.047,0.1141062366225074,W1
QSO_130.7262415+12.2438712,57132.93804347223,18.1355,0.0705673109192239,W1
QSO_130.7262415+12.2438712,57326.77168411695,18.003999999999998,0.028053377693247,W1
QSO_130.7262415+12.2438712,57495.13468497583,17.936999999999998,0.1844465193993053,W1
QSO_130.7262415+12.2438712,57694.64356679406,18.2265,0.1062731674088576,W1
QSO_130.7262415+12.2438712,57855.80704099998,17.942,0.0583863647831631,W1
QSO_130.7262415+12.2438712,58058.88800400003,18.1215,0.078632334316107,W1
QSO_130.7262415+12.2438712,58216.19741950001,18.135,0.0893101389872726,W1
QSO_130.7262415+12.2438712,58425.554886000034,18.075,0.1047219837357515,W1
QSO_130.7262415+12.2438712,58580.12212949999,18.1165,0.0596336471717099,W1
QSO_130.7262415+12.2438712,58789.53803250006,18.236,0.0765049018037406,W1
QSO_130.7262415+12.2438712,58946.93589040001,18.195,0.0940340487927724,W1
QSO_130.7262415+12.2438712,59154.3006202,18.129,0.0590294841583428,W1
QSO_130.7262415+12.2438712,59311.69572699997,18.019,0.0905985602830666,W1
QSO_130.7262415+12.2438712,59521.544282750045,18.143,0.1385978895943225,W1
QSO_130.7262415+12.2438712,59675.92769400003,18.092,0.0524338821755551,W1
QSO_130.7262415+12.2438712,59885.340713499965,18.181,0.1634012036454127,W1
QSO_130.7262415+12.2438712,60042.634360999975,18.18,0.0501460172583527,W1
QSO_130.7262415+12.2438712,60249.25940099998,18.206,0.051599777490189,W1
QSO_130.7262415+12.2438712,60406.78950520002,18.0705,0.0285183603140154,W1
QSO_130.7262415+12.2438712,55312.01241249999,18.406,0.0811543860205372,W2
QSO_130.7262415+12.2438712,55503.27186500001,18.291,0.0808801229598935,W2
QSO_130.7262415+12.2438712,56774.19994,18.0365,0.0780357527272192,W2
QSO_130.7262415+12.2438712,56965.30207749996,18.131,0.0772102502296476,W2
QSO_130.7262415+12.2438712,57132.93804347223,18.2545,0.121262513672702,W2
QSO_130.7262415+12.2438712,57326.77168411695,17.834,0.0825307700194299,W2
QSO_130.7262415+12.2438712,57495.13468497583,18.031,0.1413068633493421,W2
QSO_130.7262415+12.2438712,57694.64356679406,18.0705,0.0814721322498274,W2
QSO_130.7262415+12.2438712,57855.80704099998,18.1935,0.1145791009319341,W2
QSO_130.7262415+12.2438712,58058.88800400003,18.2145,0.0648952155401305,W2
QSO_130.7262415+12.2438712,58216.19741950001,18.145,0.0858919702623917,W2
QSO_130.7262415+12.2438712,58425.554886000034,18.255,0.1321906036189078,W2
QSO_130.7262415+12.2438712,58580.12212949999,18.4855,0.0871366563221241,W2
QSO_130.7262415+12.2438712,58789.53803250006,18.2115,0.0788011614563834,W2
QSO_130.7262415+12.2438712,58946.93589040001,18.133,0.0571908471952939,W2
QSO_130.7262415+12.2438712,59154.3006202,18.507,0.1505728793641139,W2
QSO_130.7262415+12.2438712,59311.69572699997,18.471,0.0994646603517658,W2
QSO_130.7262415+12.2438712,59521.544282750045,18.183,0.1172980645087549,W2
QSO_130.7262415+12.2438712,59675.92769400003,17.805,0.0863050404090049,W2
QSO_130.7262415+12.2438712,59885.340713499965,18.048,0.1007901147450519,W2
QSO_130.7262415+12.2438712,60042.634360999975,18.342,0.1202223119760843,W2
QSO_130.7262415+12.2438712,60249.25940099998,17.9755,0.1251277125358108,W2
QSO_130.7262415+12.2438712,60406.78950520002,18.5345,0.1390797320784018,W2
QSO_130.7028785+12.2076118,55312.04535375002,17.887999999999998,0.0349600963004014,W1
QSO_130.7028785+12.2076118,55503.30489749999,18.04,0.0209698784562318,W1
QSO_130.7028785+12.2076118,56774.19994,17.886000000000003,0.0423697896392474,W1
QSO_130.7028785+12.2076118,56965.269245750016,17.823999999999998,0.0327915343072297,W1
QSO_130.7028785+12.2076118,57132.77401246181,18.068,0.0387208372939008,W1
QSO_130.7028785+12.2076118,57326.90277387531,17.984499999999997,0.0419772771493696,W1
QSO_130.7028785+12.2076118,57495.13468497583,18.052,0.1593942236046158,W1
QSO_130.7028785+12.2076118,57694.70922719821,17.8875,0.0289952409888242,W1
QSO_130.7028785+12.2076118,57855.77426399996,18.0125,0.0767929214041097,W1
QSO_130.7028785+12.2076118,58058.85537300004,18.0085,0.0527893262219074,W1
QSO_130.7028785+12.2076118,58216.16471549996,17.915499999999998,0.0262671791228916,W1
QSO_130.7028785+12.2076118,58425.58759,18.0885,0.0711438050711375,W1
QSO_130.7028785+12.2076118,58580.089680999976,18.029,0.0530057054326674,W1
QSO_130.7028785+12.2076118,58789.50532850001,17.990000000000002,0.0630914806938167,W1
QSO_130.7028785+12.2076118,58947.16515279997,17.998,0.0348136823224985,W1
QSO_130.7028785+12.2076118,59154.36609760001,17.889,0.0679521310276184,W1
QSO_130.7028785+12.2076118,59311.794204,17.9955,0.0542783624016054,W1
QSO_130.7028785+12.2076118,59521.38132850004,17.901,0.0361492024596299,W1
QSO_130.7028785+12.2076118,59675.73198099996,18.024,0.0337455605738493,W1
QSO_130.7028785+12.2076118,59885.27556099999,17.981,0.0368146616009218,W1
QSO_130.7028785+12.2076118,60042.60191249996,18.07,0.0727080656455484,W1
QSO_130.7028785+12.2076118,60249.130118,17.966,0.0572976010768622,W1
QSO_130.7028785+12.2076118,60406.75727889996,18.082,0.0584478314396692,W1
QSO_130.7028785+12.2076118,55312.04535375002,18.2475,0.0657018157128323,W2
QSO_130.7028785+12.2076118,55503.30489749999,18.454,0.0791340697803417,W2
QSO_130.7028785+12.2076118,56774.19994,18.2725,0.0707004963574174,W2
QSO_130.7028785+12.2076118,56965.269245750016,18.193,0.0701786864539898,W2
QSO_130.7028785+12.2076118,57132.77401246181,18.275,0.0816595943649725,W2
QSO_130.7028785+12.2076118,57326.90277387531,18.0735,0.0787175404333432,W2
QSO_130.7028785+12.2076118,57495.13468497583,17.788999999999998,0.1223356039752943,W2
QSO_130.7028785+12.2076118,57694.70922719821,18.167,0.0810329871101888,W2
QSO_130.7028785+12.2076118,57855.77426399996,18.109,0.0650204517326551,W2
QSO_130.7028785+12.2076118,58058.85537300004,18.0275,0.0730236318610981,W2
QSO_130.7028785+12.2076118,58216.16471549996,18.161,0.0839723106644884,W2
QSO_130.7028785+12.2076118,58425.58759,18.1115,0.1193303649537703,W2
QSO_130.7028785+12.2076118,58580.089680999976,18.216,0.0835081122311763,W2
QSO_130.7028785+12.2076118,58789.50532850001,18.233,0.0979006994723485,W2
QSO_130.7028785+12.2076118,58947.16515279997,18.2795,0.0785608803495499,W2
QSO_130.7028785+12.2076118,59154.36609760001,18.033,0.0764833870187326,W2
QSO_130.7028785+12.2076118,59311.794204,18.195,0.0653024835044722,W2
QSO_130.7028785+12.2076118,59521.38132850004,17.942,0.0436836520628796,W2
QSO_130.7028785+12.2076118,59675.73198099996,18.4005,0.0756969716507472,W2
QSO_130.7028785+12.2076118,59885.27556099999,18.311,0.0657744820911966,W2
QSO_130.7028785+12.2076118,60042.60191249996,18.103,0.0706821649695195,W2
QSO_130.7028785+12.2076118,60249.130118,18.144,0.090268567431404,W2
QSO_130.7028785+12.2076118,60406.75727889996,18.2495,0.0581979037423172,W2
QSO_130.7027043+12.4889262,55312.01241249999,17.923000000000002,0.043124424668687,W1
QSO_130.7027043+12.4889262,55503.238777750026,17.9685,0.0563547779695742,W1
QSO_130.7027043+12.4889262,56774.167126500026,17.854,0.0528429109363898,W1
QSO_130.7027043+12.4889262,56965.23630449999,17.729,0.0662022037444076,W1
QSO_130.7027043+12.4889262,57132.90521172017,17.804000000000002,0.0306442218588321,W1
QSO_130.7027043+12.4889262,57326.80446111909,17.8265,0.0418098140019182,W1
QSO_130.7027043+12.4889262,57495.13468497583,17.799,0.0247116706571341,W1
QSO_130.7027043+12.4889262,57694.61066339196,17.909,0.0496357733140811,W1
QSO_130.7027043+12.4889262,57855.80704099998,17.832,0.0482632811490289,W1
QSO_130.7027043+12.4889262,58058.75718799999,17.857999999999997,0.0543769160581951,W1
QSO_130.7027043+12.4889262,58216.03364399997,17.863999999999997,0.0384791309480673,W1
QSO_130.7027043+12.4889262,58425.52203599995,17.874000000000002,0.0125628297512157,W1
QSO_130.7027043+12.4889262,58579.95897450003,17.813000000000002,0.0432709703792311,W1
QSO_130.7027043+12.4889262,58789.47256975004,17.779,0.0171576308830988,W1
QSO_130.7027043+12.4889262,58947.03412480005,17.8475,0.0504801712079624,W1
QSO_130.7027043+12.4889262,59154.26777170003,17.85,0.0266326989991001,W1
QSO_130.7027043+12.4889262,59311.663388000045,17.9685,0.0559903920329192,W1
QSO_130.7027043+12.4889262,59521.31592050002,17.972,0.0479410952113904,W1
QSO_130.7027043+12.4889262,59675.699404749976,17.8855,0.0309886011749122,W1
QSO_130.7027043+12.4889262,59885.21066400004,17.817,0.0474524227187086,W1
QSO_130.7027043+12.4889262,60042.60191249996,17.814,0.0363607643493935,W1
QSO_130.7027043+12.4889262,60249.130118,17.807000000000002,0.0869767166863744,W1
QSO_130.7027043+12.4889262,60406.757352100016,17.8385,0.0549063657511583,W1
QSO_130.7027043+12.4889262,55312.01241249999,18.194,0.0762077708806625,W2
QSO_130.7027043+12.4889262,55503.238777750026,18.293,0.0775730945624836,W2
QSO_130.7027043+12.4889262,56774.167126500026,18.218,0.0883080170292774,W2
QSO_130.7027043+12.4889262,56965.23630449999,18.263,0.0674087189236462,W2
QSO_130.7027043+12.4889262,57132.90521172017,18.112,0.0936857227566586,W2
QSO_130.7027043+12.4889262,57326.80446111909,18.084000000000003,0.0498093043203275,W2
QSO_130.7027043+12.4889262,57495.13468497583,18.33,0.0940972703976918,W2
QSO_130.7027043+12.4889262,57694.61066339196,17.951,0.0910520116221261,W2
QSO_130.7027043+12.4889262,57855.80704099998,18.256,0.1101139825963864,W2
QSO_130.7027043+12.4889262,58058.75718799999,18.096,0.0906129350589639,W2
QSO_130.7027043+12.4889262,58216.03364399997,18.037,0.0877630536613384,W2
QSO_130.7027043+12.4889262,58425.52203599995,18.249,0.0966389621219102,W2
QSO_130.7027043+12.4889262,58579.95897450003,18.096,0.0714978888573679,W2
QSO_130.7027043+12.4889262,58789.47256975004,18.0195,0.0822099559168587,W2
QSO_130.7027043+12.4889262,58947.03412480005,18.0005,0.0955456158024744,W2
QSO_130.7027043+12.4889262,59154.26777170003,18.1905,0.0669481354674318,W2
QSO_130.7027043+12.4889262,59311.663388000045,18.072,0.0800248024052544,W2
QSO_130.7027043+12.4889262,59521.31592050002,18.151,0.0940685045390107,W2
QSO_130.7027043+12.4889262,59675.699404749976,18.1865,0.0769592996089249,W2
QSO_130.7027043+12.4889262,59885.21066400004,18.282,0.0789035704990593,W2
QSO_130.7027043+12.4889262,60042.60191249996,18.209,0.0830190929674915,W2
QSO_130.7027043+12.4889262,60249.130118,18.114,0.0837726199414336,W2
QSO_130.7027043+12.4889262,60406.757352100016,18.042,0.0762717247739949,W2
QSO_130.7342915+12.3898044,55312.04542675,17.6,0.0274836651822832,W1
QSO_130.7342915+12.3898044,55503.30489749999,17.647,0.030723255081091,W1
QSO_130.7342915+12.3898044,56774.20001299997,17.5135,0.0560050801267172,W1
QSO_130.7342915+12.3898044,56965.30207749996,17.483,0.0458770397531643,W1
QSO_130.7342915+12.3898044,57132.83962121602,17.508499999999998,0.03474692792176,W1
QSO_130.7342915+12.3898044,57326.83723812116,17.621000000000002,0.0421437910654041,W1
QSO_130.7342915+12.3898044,57495.13468497583,17.512999999999998,0.0154368486517256,W1
QSO_130.7342915+12.3898044,57694.64356679406,17.5425,0.0363130358696993,W1
QSO_130.7342915+12.3898044,57855.80704099998,17.494,0.0306656431192769,W1
QSO_130.7342915+12.3898044,58058.822595999925,17.533,0.0484510240976504,W1
QSO_130.7342915+12.3898044,58216.13175600004,17.646,0.0334713396581674,W1
QSO_130.7342915+12.3898044,58425.554886000034,17.526,0.0501825517972486,W1
QSO_130.7342915+12.3898044,58580.12212949999,17.599,0.0404604127512314,W1
QSO_130.7342915+12.3898044,58789.50532850001,17.482,0.0326174465767491,W1
QSO_130.7342915+12.3898044,58947.1323592,17.6,0.0244248952328866,W1
QSO_130.7342915+12.3898044,59154.39881800001,17.599999999999998,0.0393681798914168,W1
QSO_130.7342915+12.3898044,59311.72874124997,17.5345,0.0284365961394817,W1
QSO_130.7342915+12.3898044,59521.38132850004,17.557000000000002,0.03548082424196,W1
QSO_130.7342915+12.3898044,59675.699404749976,17.5545,0.0317678482204188,W1
QSO_130.7342915+12.3898044,59885.21066400004,17.531999999999996,0.0444629190660597,W1
QSO_130.7342915+12.3898044,60042.60191249996,17.497999999999998,0.041346904714772,W1
QSO_130.7342915+12.3898044,60249.25940099998,17.612000000000002,0.0237104157163697,W1
QSO_130.7342915+12.3898044,60406.88589129996,17.501,0.0532853279231253,W1
QSO_130.7342915+12.3898044,55312.04542675,18.305,0.0566926819367823,W2
QSO_130.7342915+12.3898044,55503.30489749999,18.133,0.07113639415991,W2
QSO_130.7342915+12.3898044,56774.20001299997,18.2125,0.0802793186318868,W2
QSO_130.7342915+12.3898044,56965.30207749996,17.969,0.0741332068799958,W2
QSO_130.7342915+12.3898044,57132.83962121602,18.2855,0.120843820694316,W2
QSO_130.7342915+12.3898044,57326.83723812116,17.983999999999998,0.1327049600203179,W2
QSO_130.7342915+12.3898044,57495.13468497583,18.077,0.1501424015418056,W2
QSO_130.7342915+12.3898044,57694.64356679406,17.932499999999997,0.0764247201317887,W2
QSO_130.7342915+12.3898044,57855.80704099998,18.192,0.1104913416925995,W2
QSO_130.7342915+12.3898044,58058.822595999925,17.9985,0.0796174010851619,W2
QSO_130.7342915+12.3898044,58216.13175600004,18.138,0.0722731690822817,W2
QSO_130.7342915+12.3898044,58425.554886000034,18.098,0.0803017412443967,W2
QSO_130.7342915+12.3898044,58580.12212949999,18.306,0.0726285412217539,W2
QSO_130.7342915+12.3898044,58789.50532850001,18.091,0.0982859181826051,W2
QSO_130.7342915+12.3898044,58947.1323592,17.98,0.0893022371316882,W2
QSO_130.7342915+12.3898044,59154.39881800001,18.130000000000003,0.0997710196687432,W2
QSO_130.7342915+12.3898044,59311.72874124997,18.14,0.062942108321854,W2
QSO_130.7342915+12.3898044,59521.38132850004,18.038,0.104944795730382,W2
QSO_130.7342915+12.3898044,59675.699404749976,18.172,0.0665529064117553,W2
QSO_130.7342915+12.3898044,59885.21066400004,17.8505,0.162294768236302,W2
QSO_130.7342915+12.3898044,60042.60191249996,18.162,0.0746404458663136,W2
QSO_130.7342915+12.3898044,60249.25940099998,17.963,0.1147831856075474,W2
QSO_130.7342915+12.3898044,60406.88589129996,18.1505,0.0782490015910746,W2
QSO_130.4341724+12.3834924,55311.74797000001,17.913,0.0439022790375194,W1
QSO_130.4341724+12.3834924,55503.073597,17.985,0.0613309432346069,W1
QSO_130.4341724+12.3834924,56773.96973449996,17.887,0.0991929643538808,W1
QSO_130.4341724+12.3834924,56965.03920449998,17.912,0.0423233234930235,W1
QSO_130.4341724+12.3834924,57132.61005445137,18.051,0.070234789241762,W1
QSO_130.4341724+12.3834924,57326.60785385649,17.971,0.0503557461654081,W1
QSO_130.4341724+12.3834924,57493.06621754499,18.16,0.0841457069611989,W1
QSO_130.4341724+12.3834924,57694.41375537949,18.016,0.0547879184036523,W1
QSO_130.4341724+12.3834924,57855.64341149997,17.933,0.0405009359173982,W1
QSO_130.4341724+12.3834924,58058.59366799999,18.009,0.0456044964632977,W1
QSO_130.4341724+12.3834924,58215.83742,18.073,0.0388393161223504,W1
QSO_130.4341724+12.3834924,58425.32570249998,17.915,0.0845624325572532,W1
QSO_130.4341724+12.3834924,58579.82819500002,17.990000000000002,0.0326433957294321,W1
QSO_130.4341724+12.3834924,58789.27654649994,17.9795,0.0407361655680206,W1
QSO_130.4341724+12.3834924,58946.90309679997,17.957,0.0650559410274185,W1
QSO_130.4341724+12.3834924,59154.16944579996,17.93,0.0680465783338176,W1
QSO_130.4341724+12.3834924,59311.50026950003,17.919,0.0587685549451242,W1
QSO_130.4341724+12.3834924,59521.12009800004,17.981,0.0420460911276357,W1
QSO_130.4341724+12.3834924,59675.47096949997,18.1055,0.0197139544485625,W1
QSO_130.4341724+12.3834924,59885.04811125002,18.006999999999998,0.0424108594583981,W1
QSO_130.4341724+12.3834924,60042.37466350003,17.9005,0.0430362173058923,W1
QSO_130.4341724+12.3834924,60248.96856899998,17.999499999999998,0.0425863705700936,W1
QSO_130.4341724+12.3834924,60406.596257200006,18.038,0.0576054352974408,W1
QSO_130.4341724+12.3834924,55311.74797000001,18.394,0.0812288136307541,W2
QSO_130.4341724+12.3834924,55503.073597,18.376,0.0822023579247255,W2
QSO_130.4341724+12.3834924,56773.96973449996,18.25,0.0857493332876632,W2
QSO_130.4341724+12.3834924,56965.03920449998,18.072,0.0776179551210612,W2
QSO_130.4341724+12.3834924,57132.61005445137,18.24,0.0956292851605382,W2
QSO_130.4341724+12.3834924,57326.60785385649,17.982,0.0878743332122639,W2
QSO_130.4341724+12.3834924,57493.06621754499,18.1965,0.0053033008588993,W2
QSO_130.4341724+12.3834924,57694.41375537949,18.263,0.0763239960080813,W2
QSO_130.4341724+12.3834924,57855.64341149997,18.203000000000003,0.0631025766921223,W2
QSO_130.4341724+12.3834924,58058.59366799999,18.19,0.0740259361212853,W2
QSO_130.4341724+12.3834924,58215.83742,18.1535,0.0626907598114804,W2
QSO_130.4341724+12.3834924,58425.32570249998,18.2925,0.0801116034042509,W2
QSO_130.4341724+12.3834924,58579.82819500002,18.226,0.0742906752746086,W2
QSO_130.4341724+12.3834924,58789.27654649994,18.078,0.0762944220960826,W2
QSO_130.4341724+12.3834924,58946.90309679997,18.201500000000003,0.0833836896465614,W2
QSO_130.4341724+12.3834924,59154.16944579996,18.121,0.0740723176261351,W2
QSO_130.4341724+12.3834924,59311.50026950003,18.333,0.0813035421457118,W2
QSO_130.4341724+12.3834924,59521.12009800004,18.271,0.0808675908054314,W2
QSO_130.4341724+12.3834924,59675.47096949997,18.282,0.0637642163108985,W2
QSO_130.4341724+12.3834924,59885.04811125002,18.0665,0.0743639428755631,W2
QSO_130.4341724+12.3834924,60042.37466350003,18.262,0.0397838660765893,W2
QSO_130.4341724+12.3834924,60248.96856899998,18.019,0.0844355818174535,W2
QSO_130.4341724+12.3834924,60406.596257200006,18.25,0.085455547734583,W2
QSO_130.6789513+12.430987,55311.97932525001,18.329,0.0481263856943361,W1
QSO_130.6789513+12.430987,55503.20569049996,18.144,0.0550765466917826,W1
QSO_130.6789513+12.430987,56774.167126500026,18.152,0.0550170248904702,W1
QSO_130.6789513+12.430987,56965.30207749996,18.133,0.0601663218302304,W1
QSO_130.6789513+12.430987,57132.80678946395,18.2225,0.0296356818103386,W1
QSO_130.6789513+12.430987,57326.80446111909,18.182,0.0355364854322287,W1
QSO_130.6789513+12.430987,57495.13468497583,18.228,0.0502946871503895,W1
QSO_130.6789513+12.430987,57694.64351189406,18.103,0.0534403007171622,W1
QSO_130.6789513+12.430987,57855.77433700001,18.2225,0.0547159330847364,W1
QSO_130.6789513+12.430987,58058.75718799999,18.3635,0.0542748192074372,W1
QSO_130.6789513+12.430987,58216.03364399997,18.181,0.0381505530638032,W1
QSO_130.6789513+12.430987,58425.55481300006,18.216500000000003,0.0433891806790587,W1
QSO_130.6789513+12.430987,58579.95897450003,18.14,0.0727666787147722,W1
QSO_130.6789513+12.430987,58789.47262449996,18.1355,0.0694272640970389,W1
QSO_130.6789513+12.430987,58947.099638800006,18.0705,0.0754244893119134,W1
QSO_130.6789513+12.430987,59154.33330400004,18.1265,0.0490010097685071,W1
QSO_130.6789513+12.430987,59311.69583649997,18.279,0.0526815366828858,W1
QSO_130.6789513+12.430987,59521.34856974999,18.234,0.0551301280473616,W1
QSO_130.6789513+12.430987,59675.66682849998,18.297,0.0638055955189995,W1
QSO_130.6789513+12.430987,59885.30813724997,18.385,0.0414159540515488,W1
QSO_130.6789513+12.430987,60042.504567,18.1655,0.0623001619996704,W1
QSO_130.6789513+12.430987,60249.130118,18.169,0.05951209949483,W1
QSO_130.6789513+12.430987,60406.757352100016,18.199,0.0465409517004668,W1
QSO_130.6789513+12.430987,55311.97932525001,18.193,0.0890020730095655,W2
QSO_130.6789513+12.430987,55503.20569049996,18.57,0.0730410277552089,W2
QSO_130.6789513+12.430987,56774.167126500026,18.281,0.0805646489451447,W2
QSO_130.6789513+12.430987,56965.30207749996,18.243,0.074569730580128,W2
QSO_130.6789513+12.430987,57132.80678946395,18.305,0.084818850590403,W2
QSO_130.6789513+12.430987,57326.80446111909,18.0775,0.1140497081868254,W2
QSO_130.6789513+12.430987,57495.13468497583,18.334,0.2028274216247965,W2
QSO_130.6789513+12.430987,57694.64351189406,18.156,0.0824487916269288,W2
QSO_130.6789513+12.430987,57855.77433700001,18.343,0.086874377162702,W2
QSO_130.6789513+12.430987,58058.75718799999,18.2465,0.0592427295117299,W2
QSO_130.6789513+12.430987,58216.03364399997,18.0435,0.1211157881678458,W2
QSO_130.6789513+12.430987,58425.55481300006,18.1695,0.0819621620017431,W2
QSO_130.6789513+12.430987,58579.95897450003,18.104,0.0309031434243229,W2
QSO_130.6789513+12.430987,58789.47262449996,18.208,0.0472709318715,W2
QSO_130.6789513+12.430987,58947.099638800006,18.144,0.0937069993976497,W2
QSO_130.6789513+12.430987,59154.33330400004,17.990000000000002,0.0896254907264834,W2
QSO_130.6789513+12.430987,59311.69583649997,18.283,0.0781107862241457,W2
QSO_130.6789513+12.430987,59521.34856974999,18.123,0.0673906994008873,W2
QSO_130.6789513+12.430987,59675.66682849998,18.257,0.0633561718216056,W2
QSO_130.6789513+12.430987,59885.30813724997,18.1675,0.0819957601800239,W2
QSO_130.6789513+12.430987,60042.504567,18.2585,0.0577607613831011,W2
QSO_130.6789513+12.430987,60249.130118,18.397,0.097533041075878,W2
QSO_130.6789513+12.430987,60406.757352100016,18.138,0.0651203302157431,W2
QSO_130.7253118+12.3044569,55312.01241249999,18.09,0.0483078807519031,W1
QSO_130.7253118+12.3044569,55503.27186500001,18.011,0.0514911968288173,W1
QSO_130.7253118+12.3044569,56774.26565824997,17.987,0.0801043987498443,W1
QSO_130.7253118+12.3044569,56965.33490924999,18.116,0.0319978749294388,W1
QSO_130.7253118+12.3044569,57132.90521172017,18.32,0.0775835614031738,W1
QSO_130.7253118+12.3044569,57326.83723812116,17.987000000000002,0.0619306486952415,W1
QSO_130.7253118+12.3044569,57495.13468497583,17.892,0.0200665559243897,W1
QSO_130.7253118+12.3044569,57694.742020800295,18.104,0.0689131337264529,W1
QSO_130.7253118+12.3044569,57855.80704099998,18.134,0.0413728343804242,W1
QSO_130.7253118+12.3044569,58058.85529999997,18.11,0.0552062181408262,W1
QSO_130.7253118+12.3044569,58216.06634800002,18.183,0.0665031252266658,W1
QSO_130.7253118+12.3044569,58425.620148000016,18.162,0.0482900473121547,W1
QSO_130.7253118+12.3044569,58580.12212949999,18.074,0.050935645671769,W1
QSO_130.7253118+12.3044569,58789.47262449996,18.076500000000003,0.0563125208102072,W1
QSO_130.7253118+12.3044569,58947.23068509998,18.005,0.0679117736478735,W1
QSO_130.7253118+12.3044569,59154.36609760001,18.126,0.051151738735427,W1
QSO_130.7253118+12.3044569,59311.79427699997,18.1245,0.0494739224238386,W1
QSO_130.7253118+12.3044569,59521.34869749996,18.101,0.0385371618989026,W1
QSO_130.7253118+12.3044569,59675.76461199996,18.067,0.0451660708755292,W1
QSO_130.7253118+12.3044569,59885.30813724997,18.0435,0.0505879827627078,W1
QSO_130.7253118+12.3044569,60042.666882499965,18.113,0.0647242149430952,W1
QSO_130.7253118+12.3044569,60249.25940099998,17.997999999999998,0.0491679186560272,W1
QSO_130.7253118+12.3044569,60406.78957839999,18.122,0.0328055537619143,W1
QSO_130.7253118+12.3044569,55312.01241249999,18.342,0.0573490458793177,W2
QSO_130.7253118+12.3044569,55503.27186500001,18.361,0.0875798401442904,W2
QSO_130.7253118+12.3044569,56774.26565824997,18.245,0.0623066407123016,W2
QSO_130.7253118+12.3044569,56965.33490924999,18.2335,0.086039897721929,W2
QSO_130.7253118+12.3044569,57132.90521172017,18.0305,0.103615273970588,W2
QSO_130.7253118+12.3044569,57326.83723812116,17.994,0.0968940992646262,W2
QSO_130.7253118+12.3044569,57495.13468497583,17.559,0.1274894331133199,W2
QSO_130.7253118+12.3044569,57694.742020800295,18.262,0.0988205241839974,W2
QSO_130.7253118+12.3044569,57855.80704099998,18.402,0.086915986515024,W2
QSO_130.7253118+12.3044569,58058.85529999997,18.267,0.0993985594908222,W2
QSO_130.7253118+12.3044569,58216.06634800002,18.205,0.0791984734502154,W2
QSO_130.7253118+12.3044569,58425.620148000016,17.966,0.1181990834127573,W2
QSO_130.7253118+12.3044569,58580.12212949999,18.303,0.0833644108717863,W2
QSO_130.7253118+12.3044569,58789.47262449996,18.391,0.0858198403634032,W2
QSO_130.7253118+12.3044569,58947.23068509998,18.308,0.0780390927676637,W2
QSO_130.7253118+12.3044569,59154.36609760001,18.187,0.0874405824234118,W2
QSO_130.7253118+12.3044569,59311.79427699997,18.465,0.0950535428061469,W2
QSO_130.7253118+12.3044569,59521.34869749996,18.294,0.087531647715851,W2
QSO_130.7253118+12.3044569,59675.76461199996,18.148,0.0602738109933881,W2
QSO_130.7253118+12.3044569,59885.30813724997,18.163,0.0769484827660689,W2
QSO_130.7253118+12.3044569,60042.666882499965,18.364,0.0665462245360321,W2
QSO_130.7253118+12.3044569,60249.25940099998,18.259,0.114068746869358,W2
QSO_130.7253118+12.3044569,60406.78957839999,18.253,0.0865733773276078,W2
QSO_130.5927458+12.1736209,55311.97925225004,17.860500000000002,0.0492983164012729,W1
QSO_130.5927458+12.1736209,55503.23885075001,17.951,0.0495048398307344,W1
QSO_130.5927458+12.1736209,56774.10131700002,17.936,0.061783692372061,W1
QSO_130.5927458+12.1736209,56965.23641399999,17.769,0.0315332221978472,W1
QSO_130.5927458+12.1736209,57132.77401246181,17.906,0.0262105558417157,W1
QSO_130.5927458+12.1736209,57326.83734762108,17.904,0.039778953467798,W1
QSO_130.5927458+12.1736209,57495.06902457168,17.913,0.0413725452444007,W1
QSO_130.5927458+12.1736209,57694.61077319197,17.909,0.0580615751283599,W1
QSO_130.5927458+12.1736209,57855.741487000014,17.848,0.0304349881695976,W1
QSO_130.5927458+12.1736209,58058.78989199996,17.833,0.0458313145287698,W1
QSO_130.5927458+12.1736209,58216.06634800002,17.807000000000002,0.0362676211737797,W1
QSO_130.5927458+12.1736209,58425.52218200007,17.804,0.0547124848640601,W1
QSO_130.5927458+12.1736209,58580.02427300004,17.848,0.04133740881324,W1
QSO_130.5927458+12.1736209,58789.4072895,17.7795,0.0392917255802551,W1
QSO_130.5927458+12.1736209,58947.06686350001,17.833,0.0278188169064407,W1
QSO_130.5927458+12.1736209,59154.3006202,17.932000000000002,0.0303762283980491,W1
QSO_130.5927458+12.1736209,59311.63093950003,17.846,0.0484317857018091,W1
QSO_130.5927458+12.1736209,59521.217625999976,17.8215,0.0348387140979688,W1
QSO_130.5927458+12.1736209,59675.63405150004,17.8995,0.0437957432820774,W1
QSO_130.5927458+12.1736209,59885.14591299997,17.834,0.041548457834467,W1
QSO_130.5927458+12.1736209,60042.5044575,17.883,0.0386825278771045,W1
QSO_130.5927458+12.1736209,60249.19475949999,17.77,0.0239348395275562,W1
QSO_130.5927458+12.1736209,60406.72512579996,17.889,0.0406528060362086,W1
QSO_130.5927458+12.1736209,55311.97925225004,18.2765,0.0802347555614148,W2
QSO_130.5927458+12.1736209,55503.23885075001,18.4055,0.0539494952006727,W2
QSO_130.5927458+12.1736209,56774.10131700002,18.185,0.1022889353547978,W2
QSO_130.5927458+12.1736209,56965.23641399999,18.264,0.07024255497151,W2
QSO_130.5927458+12.1736209,57132.77401246181,18.037,0.0948877520843804,W2
QSO_130.5927458+12.1736209,57326.83734762108,17.966,0.0586124687042211,W2
QSO_130.5927458+12.1736209,57495.06902457168,18.3395,0.0508779176067575,W2
QSO_130.5927458+12.1736209,57694.61077319197,17.988,0.069909622884842,W2
QSO_130.5927458+12.1736209,57855.741487000014,18.231,0.1086958756735037,W2
QSO_130.5927458+12.1736209,58058.78989199996,18.376,0.0977249778704228,W2
QSO_130.5927458+12.1736209,58216.06634800002,18.496,0.0751943337539485,W2
QSO_130.5927458+12.1736209,58425.52218200007,18.2425,0.0616678603488072,W2
QSO_130.5927458+12.1736209,58580.02427300004,18.31,0.0625793080590141,W2
QSO_130.5927458+12.1736209,58789.4072895,18.2995,0.0811264017170462,W2
QSO_130.5927458+12.1736209,58947.06686350001,18.251,0.0749912803573165,W2
QSO_130.5927458+12.1736209,59154.3006202,18.236,0.0796070363750638,W2
QSO_130.5927458+12.1736209,59311.63093950003,18.4,0.0659674463805327,W2
QSO_130.5927458+12.1736209,59521.217625999976,18.1745,0.0871647922041921,W2
QSO_130.5927458+12.1736209,59675.63405150004,18.305,0.0747790572781402,W2
QSO_130.5927458+12.1736209,59885.14591299997,18.121,0.1021743580909767,W2
QSO_130.5927458+12.1736209,60042.5044575,17.988,0.0944638470674245,W2
QSO_130.5927458+12.1736209,60249.19475949999,17.9395,0.1031980862225652,W2
QSO_130.5927458+12.1736209,60406.72512579996,18.077,0.0657558035078745,W2
QSO_130.6257396+12.3253979,55311.91322375002,17.649,0.0403353517112177,W1
QSO_130.6257396+12.3253979,55503.20576349994,17.6935,0.0440149648373099,W1
QSO_130.6257396+12.3253979,56774.13422175003,17.655,0.0405060009271603,W1
QSO_130.6257396+12.3253979,56965.23630449999,17.598,0.0251597450772383,W1
QSO_130.6257396+12.3253979,57132.80678946395,17.73,0.0331320469022196,W1
QSO_130.6257396+12.3253979,57326.77168411695,17.663,0.0419624988764174,W1
QSO_130.6257396+12.3253979,57495.13468497583,17.666,0.0788204711142142,W1
QSO_130.6257396+12.3253979,57694.61077319197,17.612000000000002,0.0423680875893692,W1
QSO_130.6257396+12.3253979,57855.74163299996,17.7,0.040981328386057,W1
QSO_130.6257396+12.3253979,58058.78989199996,17.673000000000002,0.0556907447727479,W1
QSO_130.6257396+12.3253979,58216.03364399997,17.653499999999998,0.0516875573805047,W1
QSO_130.6257396+12.3253979,58425.52218200007,17.59,0.0301520148580487,W1
QSO_130.6257396+12.3253979,58580.02438249996,17.547,0.0299081488962155,W1
QSO_130.6257396+12.3253979,58789.407216500025,17.664,0.0367671917460239,W1
QSO_130.6257396+12.3253979,58947.099638800006,17.718,0.0230044782274782,W1
QSO_130.6257396+12.3253979,59154.3005653,17.6545,0.031153099765513,W1
QSO_130.6257396+12.3253979,59311.66333324996,17.628,0.0350562547914064,W1
QSO_130.6257396+12.3253979,59521.25025699996,17.721,0.0359154403843458,W1
QSO_130.6257396+12.3253979,59675.66668250003,17.659,0.0422998491151155,W1
QSO_130.6257396+12.3253979,59885.21066400004,17.643,0.0565905662412033,W1
QSO_130.6257396+12.3253979,60042.50451225,17.732,0.0312610940307599,W1
QSO_130.6257396+12.3253979,60249.09779725005,17.692,0.0348330342889875,W1
QSO_130.6257396+12.3253979,60406.69289949998,17.727,0.0371336659046546,W1
QSO_130.6257396+12.3253979,55311.91322375002,18.0865,0.0482967020465313,W2
QSO_130.6257396+12.3253979,55503.20576349994,18.1175,0.085491725151879,W2
QSO_130.6257396+12.3253979,56774.13422175003,18.0305,0.0837307571867952,W2
QSO_130.6257396+12.3253979,56965.23630449999,18.149,0.0657924930462981,W2
QSO_130.6257396+12.3253979,57132.80678946395,18.062,0.0607590355890379,W2
QSO_130.6257396+12.3253979,57326.77168411695,18.025,0.0786533895336444,W2
QSO_130.6257396+12.3253979,57495.13468497583,18.15,0.1484617421724833,W2
QSO_130.6257396+12.3253979,57694.61077319197,18.041,0.0730248766316135,W2
QSO_130.6257396+12.3253979,57855.74163299996,18.189,0.0937715874098917,W2
QSO_130.6257396+12.3253979,58058.78989199996,17.929,0.0606745577109423,W2
QSO_130.6257396+12.3253979,58216.03364399997,18.2375,0.0617848904278803,W2
QSO_130.6257396+12.3253979,58425.52218200007,18.0185,0.0534777430339015,W2
QSO_130.6257396+12.3253979,58580.02438249996,18.073,0.0828227675155397,W2
QSO_130.6257396+12.3253979,58789.407216500025,18.1,0.0897281742521804,W2
QSO_130.6257396+12.3253979,58947.099638800006,18.331,0.0864199077930714,W2
QSO_130.6257396+12.3253979,59154.3005653,17.951999999999998,0.0878536767501423,W2
QSO_130.6257396+12.3253979,59311.66333324996,18.3625,0.0762642511272482,W2
QSO_130.6257396+12.3253979,59521.25025699996,17.894,0.1004772981973682,W2
QSO_130.6257396+12.3253979,59675.66668250003,18.214,0.0847219520905919,W2
QSO_130.6257396+12.3253979,59885.21066400004,18.166,0.1260909579926332,W2
QSO_130.6257396+12.3253979,60042.50451225,18.397,0.0487798011476061,W2
QSO_130.6257396+12.3253979,60249.09779725005,18.045,0.062808737449498,W2
QSO_130.6257396+12.3253979,60406.69289949998,18.14,0.0858311050142253,W2
QSO_130.6847238+12.2175623,55312.01226650004,17.5,0.0426727552646333,W1
QSO_130.6847238+12.2175623,55503.23885075001,17.5565,0.036944277359689,W1
QSO_130.6847238+12.2175623,56774.19994,17.4765,0.0322830633700639,W1
QSO_130.6847238+12.2175623,56965.23641399999,17.589,0.0415635799574616,W1
QSO_130.6847238+12.2175623,57132.80678946395,17.593,0.0314788583856166,W1
QSO_130.6847238+12.2175623,57326.90275562525,17.603,0.0314987752064453,W1
QSO_130.6847238+12.2175623,57495.13468497583,17.674,0.0556024246740158,W1
QSO_130.6847238+12.2175623,57694.676360396144,17.475,0.021785374783793,W1
QSO_130.6847238+12.2175623,57855.74163299996,17.547,0.0339400526431279,W1
QSO_130.6847238+12.2175623,58058.85529999997,17.625,0.0394447563740664,W1
QSO_130.6847238+12.2175623,58216.16471549996,17.5465,0.0294066614240907,W1
QSO_130.6847238+12.2175623,58425.554886000034,17.485,0.0318773711570731,W1
QSO_130.6847238+12.2175623,58580.089680999976,17.493000000000002,0.03169596361829,W1
QSO_130.6847238+12.2175623,58789.53803250006,17.623,0.0341095304782176,W1
QSO_130.6847238+12.2175623,58947.1323592,17.613,0.0309748602308018,W1
QSO_130.6847238+12.2175623,59154.33335889997,17.491,0.049700794762257,W1
QSO_130.6847238+12.2175623,59311.76150000003,17.532,0.0365280991642043,W1
QSO_130.6847238+12.2175623,59521.34869749996,17.5765,0.0410010365722621,W1
QSO_130.6847238+12.2175623,59675.69933175,17.514499999999998,0.0253266164340995,W1
QSO_130.6847238+12.2175623,59885.27556099999,17.486,0.0425137976453869,W1
QSO_130.6847238+12.2175623,60042.56946399995,17.5585,0.0636482835589459,W1
QSO_130.6847238+12.2175623,60249.19475949999,17.46,0.0245773066058915,W1
QSO_130.6847238+12.2175623,60406.75727889996,17.548000000000002,0.0284056361535745,W1
QSO_130.6847238+12.2175623,55312.01226650004,18.301,0.0722789757908522,W2
QSO_130.6847238+12.2175623,55503.23885075001,18.267000000000003,0.0505423822886042,W2
QSO_130.6847238+12.2175623,56774.19994,18.385,0.0653290814943,W2
QSO_130.6847238+12.2175623,56965.23641399999,18.239,0.0765757543472225,W2
QSO_130.6847238+12.2175623,57132.80678946395,18.106,0.0601966584434387,W2
QSO_130.6847238+12.2175623,57326.90275562525,17.823999999999998,0.0544076973494029,W2
QSO_130.6847238+12.2175623,57495.13468497583,17.993,0.0933527757527372,W2
QSO_130.6847238+12.2175623,57694.676360396144,18.096,0.0796633506482994,W2
QSO_130.6847238+12.2175623,57855.74163299996,17.924,0.0945118787283141,W2
QSO_130.6847238+12.2175623,58058.85529999997,17.945999999999998,0.0863711088546302,W2
QSO_130.6847238+12.2175623,58216.16471549996,18.398,0.0763703815964357,W2
QSO_130.6847238+12.2175623,58425.554886000034,18.087,0.0959062433481159,W2
QSO_130.6847238+12.2175623,58580.089680999976,18.231,0.054380936466184,W2
QSO_130.6847238+12.2175623,58789.53803250006,18.0285,0.0642370240175371,W2
QSO_130.6847238+12.2175623,58947.1323592,18.121,0.07773514549281,W2
QSO_130.6847238+12.2175623,59154.33335889997,17.9685,0.1043243020585329,W2
QSO_130.6847238+12.2175623,59311.76150000003,18.259,0.0657690789852152,W2
QSO_130.6847238+12.2175623,59521.34869749996,18.3205,0.0827485588998382,W2
QSO_130.6847238+12.2175623,59675.69933175,18.105,0.1000557570252152,W2
QSO_130.6847238+12.2175623,59885.27556099999,18.124,0.0923098528903937,W2
QSO_130.6847238+12.2175623,60042.56946399995,18.3125,0.057608063671677,W2
QSO_130.6847238+12.2175623,60249.19475949999,18.0255,0.0987518556787668,W2
QSO_130.6847238+12.2175623,60406.75727889996,18.1455,0.0814056592979919,W2
QSO_130.4667249+12.2585038,55311.84704924998,17.831,0.0430428158930149,W1
QSO_130.4667249+12.2585038,55503.073597,18.002000000000002,0.0482674741503684,W1
QSO_130.4667249+12.2585038,56774.00263924997,17.7685,0.0439153845480146,W1
QSO_130.4667249+12.2585038,56965.13780924999,17.8375,0.0310960280898212,W1
QSO_130.4667249+12.2585038,57132.577149699326,17.8555,0.0354552647959268,W1
QSO_130.4667249+12.2585038,57326.77168411695,17.82,0.0355376859469537,W1
QSO_130.4667249+12.2585038,57495.003364167525,17.775,0.0533027690198665,W1
QSO_130.4667249+12.2585038,57694.446695381615,17.764499999999998,0.0533743115143383,W1
QSO_130.4667249+12.2585038,57855.6107075,17.825,0.0615329657309248,W1
QSO_130.4667249+12.2585038,58058.62637199996,17.81,0.0293880247720053,W1
QSO_130.4667249+12.2585038,58215.96823600004,17.8905,0.044707297803064,W1
QSO_130.4667249+12.2585038,58425.39136600003,17.8505,0.0432971592601642,W1
QSO_130.4667249+12.2585038,58579.92603324999,17.8915,0.0351298163957624,W1
QSO_130.4667249+12.2585038,58789.34188149998,17.9135,0.0430191064356121,W1
QSO_130.4667249+12.2585038,58946.93574399998,17.86,0.0300012020795984,W1
QSO_130.4667249+12.2585038,59154.1695922,17.930999999999997,0.0580484784058043,W1
QSO_130.4667249+12.2585038,59311.53290050002,17.872500000000002,0.0441086046027302,W1
QSO_130.4667249+12.2585038,59521.18492200001,17.881,0.0669017167124585,W1
QSO_130.4667249+12.2585038,59675.503618749935,17.8945,0.034591866417154,W1
QSO_130.4667249+12.2585038,59885.08076049999,17.836,0.0235537016093889,W1
QSO_130.4667249+12.2585038,60042.40711200004,17.842,0.0526182393080039,W1
QSO_130.4667249+12.2585038,60249.033210500056,17.9565,0.0378728002661541,W1
QSO_130.4667249+12.2585038,60406.564104100005,17.819,0.0561498903399211,W1
QSO_130.4667249+12.2585038,55311.84704924998,18.445500000000003,0.0852690389297312,W2
QSO_130.4667249+12.2585038,55503.073597,18.323,0.0693094629389997,W2
QSO_130.4667249+12.2585038,56774.00263924997,18.112,0.0960993704453885,W2
QSO_130.4667249+12.2585038,56965.13780924999,18.293,0.1115018139488722,W2
QSO_130.4667249+12.2585038,57132.577149699326,18.4025,0.089249170072335,W2
QSO_130.4667249+12.2585038,57326.77168411695,18.081,0.0578747579114227,W2
QSO_130.4667249+12.2585038,57495.003364167525,18.148,0.1653295250457461,W2
QSO_130.4667249+12.2585038,57694.446695381615,18.345,0.0800053926133872,W2
QSO_130.4667249+12.2585038,57855.6107075,18.27,0.1162548485194426,W2
QSO_130.4667249+12.2585038,58058.62637199996,18.131,0.0272581180568285,W2
QSO_130.4667249+12.2585038,58215.96823600004,18.323500000000003,0.0857747777612976,W2
QSO_130.4667249+12.2585038,58425.39136600003,18.011499999999998,0.0796379557748689,W2
QSO_130.4667249+12.2585038,58579.92603324999,18.4705,0.1101139818551667,W2
QSO_130.4667249+12.2585038,58789.34188149998,18.188,0.0663578088569559,W2
QSO_130.4667249+12.2585038,58946.93574399998,18.503,0.0756449355441499,W2
QSO_130.4667249+12.2585038,59154.1695922,18.11,0.0636851878816586,W2
QSO_130.4667249+12.2585038,59311.53290050002,18.209,0.0817461925718868,W2
QSO_130.4667249+12.2585038,59521.18492200001,18.22,0.0788290278070205,W2
QSO_130.4667249+12.2585038,59675.503618749935,18.1195,0.0891134186802914,W2
QSO_130.4667249+12.2585038,59885.08076049999,18.079,0.070266445786421,W2
QSO_130.4667249+12.2585038,60042.40711200004,18.263,0.0701144782097105,W2
QSO_130.4667249+12.2585038,60249.033210500056,18.1135,0.0715048599746899,W2
QSO_130.4667249+12.2585038,60406.564104100005,18.2935,0.1032326346261291,W2
QSO_130.4978148+12.4276287,55311.78100249999,18.038,0.0626810525745367,W1
QSO_130.4978148+12.4276287,55503.10662949998,18.036,0.0427182847484758,W1
QSO_130.4978148+12.4276287,56774.03554399996,17.878,0.0651343292087404,W1
QSO_130.4978148+12.4276287,56965.13780924999,17.9775,0.0359129847945261,W1
QSO_130.4978148+12.4276287,57132.67557195554,17.917,0.0636888095571735,W1
QSO_130.4978148+12.4276287,57326.67338961064,17.9635,0.0666184184131911,W1
QSO_130.4978148+12.4276287,57493.06621754499,18.0355,0.3235013523928451,W1
QSO_130.4978148+12.4276287,57694.51228258579,17.954,0.0483203766158366,W1
QSO_130.4978148+12.4276287,57855.6107075,18.046,0.0509318721165368,W1
QSO_130.4978148+12.4276287,58058.560964000026,17.923499999999997,0.0574150590002311,W1
QSO_130.4978148+12.4276287,58215.93553199999,18.048,0.0271160513427147,W1
QSO_130.4978148+12.4276287,58425.42407,17.939999999999998,0.0609835031325767,W1
QSO_130.4978148+12.4276287,58579.86064350003,17.988500000000002,0.0387964431359369,W1
QSO_130.4978148+12.4276287,58789.30925049999,18.046,0.0476324113289709,W1
QSO_130.4978148+12.4276287,58946.90309679997,17.775,0.0537973090680468,W1
QSO_130.4978148+12.4276287,59154.202239400016,17.9675,0.0528023645216202,W1
QSO_130.4978148+12.4276287,59311.59830849995,17.9625,0.0325905507777945,W1
QSO_130.4978148+12.4276287,59521.119824250025,18.04,0.0452379928820897,W1
QSO_130.4978148+12.4276287,59675.53626799998,18.059,0.0507591653054834,W1
QSO_130.4978148+12.4276287,59885.015608,17.97,0.0467549360182819,W1
QSO_130.4978148+12.4276287,60042.37466350003,17.9895,0.0526028698960075,W1
QSO_130.4978148+12.4276287,60248.96856899998,17.785,0.0490886544936809,W1
QSO_130.4978148+12.4276287,60406.56415900001,18.074,0.0366595558130129,W1
QSO_130.4978148+12.4276287,55311.78100249999,18.1735,0.0787746727957283,W2
QSO_130.4978148+12.4276287,55503.10662949998,18.288,0.0736683949017988,W2
QSO_130.4978148+12.4276287,56774.03554399996,18.219,0.0454978141167952,W2
QSO_130.4978148+12.4276287,56965.13780924999,17.9895,0.0620956177257361,W2
QSO_130.4978148+12.4276287,57132.67557195554,18.159,0.0696569462277533,W2
QSO_130.4978148+12.4276287,57326.67338961064,18.067,0.084560998693251,W2
QSO_130.4978148+12.4276287,57493.06621754499,18.0885,0.034294678887548,W2
QSO_130.4978148+12.4276287,57694.51228258579,18.1175,0.059495462595432,W2
QSO_130.4978148+12.4276287,57855.6107075,17.954,0.0951129029761313,W2
QSO_130.4978148+12.4276287,58058.560964000026,18.141,0.0890305846324734,W2
QSO_130.4978148+12.4276287,58215.93553199999,18.321,0.0825570494641638,W2
QSO_130.4978148+12.4276287,58425.42407,17.935,0.114359995211617,W2
QSO_130.4978148+12.4276287,58579.86064350003,18.3215,0.0815621235623497,W2
QSO_130.4978148+12.4276287,58789.30925049999,18.136,0.0722656997540793,W2
QSO_130.4978148+12.4276287,58946.90309679997,18.267,0.0555929943294881,W2
QSO_130.4978148+12.4276287,59154.202239400016,18.1825,0.089141000979098,W2
QSO_130.4978148+12.4276287,59311.59830849995,18.1835,0.1011516732436988,W2
QSO_130.4978148+12.4276287,59521.119824250025,18.019,0.1314505838708979,W2
QSO_130.4978148+12.4276287,59675.53626799998,18.343,0.0994139325117991,W2
QSO_130.4978148+12.4276287,59885.015608,18.006,0.0987924080828884,W2
QSO_130.4978148+12.4276287,60042.37466350003,18.2825,0.094826217756874,W2
QSO_130.4978148+12.4276287,60248.96856899998,18.14,0.0955428961252485,W2
QSO_130.4978148+12.4276287,60406.56415900001,18.375,0.0720638204293668,W2
QSO_130.5837084+12.2598055,55311.91322375002,17.973,0.0213629333480923,W1
QSO_130.5837084+12.2598055,55503.13966200004,18.221,0.0353372128883789,W1
QSO_130.5837084+12.2598055,56774.13414875005,18.0125,0.0443220275893333,W1
QSO_130.5837084+12.2598055,56965.20347274996,17.9985,0.0619307549023727,W1
QSO_130.5837084+12.2598055,57132.74123545976,17.923000000000002,0.07241992909917,W1
QSO_130.5837084+12.2598055,57326.80446111909,17.9755,0.0466080523823405,W1
QSO_130.5837084+12.2598055,57495.06902457168,18.119,0.122329473145274,W1
QSO_130.5837084+12.2598055,57694.57792468988,17.951,0.0599421721328148,W1
QSO_130.5837084+12.2598055,57855.67611550002,18.033,0.0424467644308829,W1
QSO_130.5837084+12.2598055,58058.75718799999,18.0485,0.0427325067089403,W1
QSO_130.5837084+12.2598055,58216.03364399997,18.1165,0.0409806017796495,W1
QSO_130.5837084+12.2598055,58425.52218200007,18.0435,0.0296693275960209,W1
QSO_130.5837084+12.2598055,58580.05703174992,18.1005,0.0491267363508894,W1
QSO_130.5837084+12.2598055,58789.43992049999,18.073,0.0560337051085266,W1
QSO_130.5837084+12.2598055,58947.066918400014,18.039,0.0437237932671778,W1
QSO_130.5837084+12.2598055,59154.23503299998,18.017,0.0552984525823416,W1
QSO_130.5837084+12.2598055,59311.69572699997,18.015,0.0511386505881624,W1
QSO_130.5837084+12.2598055,59521.31606649997,18.018,0.0689399612485364,W1
QSO_130.5837084+12.2598055,59675.63410624996,18.0825,0.0467747446397209,W1
QSO_130.5837084+12.2598055,59885.145767000016,17.98,0.0765225698974081,W1
QSO_130.5837084+12.2598055,60042.53690600001,17.986,0.044823436903787,W1
QSO_130.5837084+12.2598055,60249.09779725005,18.184,0.066543556576689,W1
QSO_130.5837084+12.2598055,60406.72512579996,18.028,0.0702252828437017,W1
QSO_130.5837084+12.2598055,55311.91322375002,18.384500000000003,0.0508357062003102,W2
QSO_130.5837084+12.2598055,55503.13966200004,18.448,0.0650883155734755,W2
QSO_130.5837084+12.2598055,56774.13414875005,18.1995,0.0527248272392372,W2
QSO_130.5837084+12.2598055,56965.20347274996,18.346,0.1085880339223026,W2
QSO_130.5837084+12.2598055,57132.74123545976,18.308,0.0777638935528299,W2
QSO_130.5837084+12.2598055,57326.80446111909,17.942500000000003,0.0669915456419687,W2
QSO_130.5837084+12.2598055,57495.06902457168,17.9645,0.0979342891943371,W2
QSO_130.5837084+12.2598055,57694.57792468988,18.169,0.0677676102574083,W2
QSO_130.5837084+12.2598055,57855.67611550002,18.33,0.0740389618057332,W2
QSO_130.5837084+12.2598055,58058.75718799999,18.073,0.0896604287121795,W2
QSO_130.5837084+12.2598055,58216.03364399997,18.176,0.0760497332098956,W2
QSO_130.5837084+12.2598055,58425.52218200007,18.268,0.0697861459950292,W2
QSO_130.5837084+12.2598055,58580.05703174992,18.1735,0.0743059357289045,W2
QSO_130.5837084+12.2598055,58789.43992049999,18.027,0.0575070243643304,W2
QSO_130.5837084+12.2598055,58947.066918400014,18.252,0.0544165832990403,W2
QSO_130.5837084+12.2598055,59154.23503299998,18.071,0.0889933096701127,W2
QSO_130.5837084+12.2598055,59311.69572699997,18.471,0.0943311890958192,W2
QSO_130.5837084+12.2598055,59521.31606649997,18.146,0.0817713364514967,W2
QSO_130.5837084+12.2598055,59675.63410624996,18.1115,0.0697174356480023,W2
QSO_130.5837084+12.2598055,59885.145767000016,18.189,0.0719607422314177,W2
QSO_130.5837084+12.2598055,60042.53690600001,18.236,0.0796966638379366,W2
QSO_130.5837084+12.2598055,60249.09779725005,18.2955,0.0772825452277227,W2
QSO_130.5837084+12.2598055,60406.72512579996,18.347,0.0757272821424602,W2
QSO_130.6960493+12.2205238,55312.078441,17.548000000000002,0.0431501490890672,W1
QSO_130.6960493+12.2205238,55503.23885075001,17.610500000000002,0.0336009741371134,W1
QSO_130.6960493+12.2205238,56774.19994,17.6695,0.0303066121620471,W1
QSO_130.6960493+12.2205238,56965.269245750016,17.698999999999998,0.0370672171596812,W1
QSO_130.6960493+12.2205238,57132.83962121602,17.603499999999997,0.0477005209518102,W1
QSO_130.6960493+12.2205238,57326.90275562525,17.601,0.046879672606618,W1
QSO_130.6960493+12.2205238,57495.13468497583,17.5,0.088003787797268,W1
QSO_130.6960493+12.2205238,57694.676360396144,17.622999999999998,0.043583697556681,W1
QSO_130.6960493+12.2205238,57855.74163299996,17.7,0.0298013144541521,W1
QSO_130.6960493+12.2205238,58058.85529999997,17.666,0.0227633432769664,W1
QSO_130.6960493+12.2205238,58216.16471549996,17.7125,0.025075476344207,W1
QSO_130.6960493+12.2205238,58425.554886000034,17.682000000000002,0.0378734894365925,W1
QSO_130.6960493+12.2205238,58580.12212949999,17.7195,0.0371491017121206,W1
QSO_130.6960493+12.2205238,58789.53803250006,17.638,0.0295644305806073,W1
QSO_130.6960493+12.2205238,58947.1323592,17.68,0.0457334502874365,W1
QSO_130.6960493+12.2205238,59154.36609760001,17.646,0.0597734390178534,W1
QSO_130.6960493+12.2205238,59311.7286135,17.6615,0.0395648328696077,W1
QSO_130.6960493+12.2205238,59521.41397775,17.6695,0.039347455092067,W1
QSO_130.6960493+12.2205238,59675.69933175,17.714,0.0386395978048233,W1
QSO_130.6960493+12.2205238,59885.30813724997,17.628500000000003,0.0426126706400111,W1
QSO_130.6960493+12.2205238,60042.56946399995,17.6545,0.0310546131838732,W1
QSO_130.6960493+12.2205238,60249.130118,17.546,0.0422962638645526,W1
QSO_130.6960493+12.2205238,60406.78943199996,17.657,0.0529428905700126,W1
QSO_130.6960493+12.2205238,55312.078441,18.184,0.0534145508892478,W2
QSO_130.6960493+12.2205238,55503.23885075001,18.252,0.0562396235285198,W2
QSO_130.6960493+12.2205238,56774.19994,18.193,0.0613708935414344,W2
QSO_130.6960493+12.2205238,56965.269245750016,18.0585,0.0706042209681441,W2
QSO_130.6960493+12.2205238,57132.83962121602,18.4795,0.0839896929302551,W2
QSO_130.6960493+12.2205238,57326.90275562525,18.146,0.0708965126130043,W2
QSO_130.6960493+12.2205238,57495.13468497583,18.103,0.1307848105349654,W2
QSO_130.6960493+12.2205238,57694.676360396144,18.033,0.0893486993897762,W2
QSO_130.6960493+12.2205238,57855.74163299996,18.057,0.0793028396290841,W2
QSO_130.6960493+12.2205238,58058.85529999997,18.156,0.0793281139439754,W2
QSO_130.6960493+12.2205238,58216.16471549996,18.223,0.0470023640067415,W2
QSO_130.6960493+12.2205238,58425.554886000034,18.048,0.0954518456918486,W2
QSO_130.6960493+12.2205238,58580.12212949999,18.2515,0.1030108899108886,W2
QSO_130.6960493+12.2205238,58789.53803250006,18.1215,0.0519192080704883,W2
QSO_130.6960493+12.2205238,58947.1323592,18.22,0.0562476722827941,W2
QSO_130.6960493+12.2205238,59154.36609760001,18.015,0.0931157153157716,W2
QSO_130.6960493+12.2205238,59311.7286135,18.0925,0.1052958166310514,W2
QSO_130.6960493+12.2205238,59521.41397775,18.1935,0.0918346440721139,W2
QSO_130.6960493+12.2205238,59675.69933175,18.3035,0.0836848834749874,W2
QSO_130.6960493+12.2205238,59885.30813724997,17.97,0.1009011135826668,W2
QSO_130.6960493+12.2205238,60042.56946399995,18.187,0.1177244282211641,W2
QSO_130.6960493+12.2205238,60249.130118,17.913,0.0674766433196702,W2
QSO_130.6960493+12.2205238,60406.78943199996,18.428,0.0550478788937295,W2
QSO_130.8036242+12.2762223,55312.04542675,17.797,0.0452746075351686,W1
QSO_130.8036242+12.2762223,55503.37099899998,17.805,0.0361950410968131,W1
QSO_130.8036242+12.2762223,56774.298562999975,17.729,0.0373059659211372,W1
QSO_130.8036242+12.2762223,56965.43340449999,17.663,0.0297658278549213,W1
QSO_130.8036242+12.2762223,57132.93797047226,17.686,0.0254396946052387,W1
QSO_130.8036242+12.2762223,57326.90275562525,17.694,0.0410981900390977,W1
QSO_130.8036242+12.2762223,57495.20032708,17.616,0.0596059980203333,W1
QSO_130.8036242+12.2762223,57694.80768120444,17.701999999999998,0.0380904652925882,W1
QSO_130.8036242+12.2762223,57855.90515300004,17.7235,0.035544182208751,W1
QSO_130.8036242+12.2762223,58058.920854000025,17.796,0.0473508889747777,W1
QSO_130.8036242+12.2762223,58216.230379000015,17.679000000000002,0.0656061353838193,W1
QSO_130.8036242+12.2762223,58425.68555600003,17.764,0.0653329448973156,W1
QSO_130.8036242+12.2762223,58580.18728199997,17.747,0.0507401616079414,W1
QSO_130.8036242+12.2762223,58789.57073650003,17.673000000000002,0.0403528389995899,W1
QSO_130.8036242+12.2762223,58947.26342380003,17.718,0.053042545615566,W1
QSO_130.8036242+12.2762223,59154.43168480003,17.707,0.0428987415730338,W1
QSO_130.8036242+12.2762223,59311.82690799996,17.741,0.0254164221131052,W1
QSO_130.8036242+12.2762223,59521.41397775,17.8005,0.0440960848497241,W1
QSO_130.8036242+12.2762223,59675.86239550001,17.753999999999998,0.0401922689374972,W1
QSO_130.8036242+12.2762223,59885.37354525,17.646,0.0205932270419182,W1
QSO_130.8036242+12.2762223,60042.76430099997,17.699,0.0611026676995367,W1
QSO_130.8036242+12.2762223,60249.32404249997,17.691000000000003,0.028180965063067,W1
QSO_130.8036242+12.2762223,60406.9183006,17.725,0.0446838968602512,W1
QSO_130.8036242+12.2762223,55312.04542675,18.337,0.0704436379132209,W2
QSO_130.8036242+12.2762223,55503.37099899998,18.342,0.0732696458296338,W2
QSO_130.8036242+12.2762223,56774.298562999975,18.07,0.0545191835467272,W2
QSO_130.8036242+12.2762223,56965.43340449999,18.249,0.0758775952871893,W2
QSO_130.8036242+12.2762223,57132.93797047226,18.129,0.0785338030843858,W2
QSO_130.8036242+12.2762223,57326.90275562525,18.036,0.0633480367567373,W2
QSO_130.8036242+12.2762223,57495.20032708,17.884,0.0611136236857219,W2
QSO_130.8036242+12.2762223,57694.80768120444,18.15,0.059823745627858,W2
QSO_130.8036242+12.2762223,57855.90515300004,18.2615,0.0739082068001072,W2
QSO_130.8036242+12.2762223,58058.920854000025,18.25,0.1140375068461842,W2
QSO_130.8036242+12.2762223,58216.230379000015,18.131,0.0696965494124351,W2
QSO_130.8036242+12.2762223,58425.68555600003,18.198,0.092715871929181,W2
QSO_130.8036242+12.2762223,58580.18728199997,18.2575,0.0660446515624087,W2
QSO_130.8036242+12.2762223,58789.57073650003,17.929,0.0711529711556903,W2
QSO_130.8036242+12.2762223,58947.26342380003,18.323,0.0865916086390694,W2
QSO_130.8036242+12.2762223,59154.43168480003,18.208,0.1076766174450271,W2
QSO_130.8036242+12.2762223,59311.82690799996,18.371,0.0987166345501094,W2
QSO_130.8036242+12.2762223,59521.41397775,18.0435,0.066952352287667,W2
QSO_130.8036242+12.2762223,59675.86239550001,18.271,0.0969316953774425,W2
QSO_130.8036242+12.2762223,59885.37354525,18.194,0.0819195703113731,W2
QSO_130.8036242+12.2762223,60042.76430099997,18.3275,0.0844946152130417,W2
QSO_130.8036242+12.2762223,60249.32404249997,18.043,0.0913413607152331,W2
QSO_130.8036242+12.2762223,60406.9183006,18.123,0.1010004054116284,W2
QSO_130.589509+12.4809338,55311.880209500014,17.738999999999997,0.0435943668429279,W1
QSO_130.589509+12.4809338,55503.10662949998,17.7635,0.0255085316156221,W1
QSO_130.589509+12.4809338,56774.0684305,17.7735,0.0319524803419076,W1
QSO_130.589509+12.4809338,56965.17064100001,17.766,0.0348755378545813,W1
QSO_130.589509+12.4809338,57132.74123545976,17.688000000000002,0.0392078780473607,W1
QSO_130.589509+12.4809338,57326.73892536487,17.750500000000002,0.0595772705977287,W1
QSO_130.589509+12.4809338,57495.003364167525,17.773,0.0874151440392764,W1
QSO_130.589509+12.4809338,57694.57786978988,17.767,0.0268453216836063,W1
QSO_130.589509+12.4809338,57855.676225000025,17.759,0.0333092875955072,W1
QSO_130.589509+12.4809338,58058.72448400003,17.786,0.0777842959357149,W1
QSO_130.589509+12.4809338,58215.96823600004,17.7795,0.0344545040193908,W1
QSO_130.589509+12.4809338,58425.48947800002,17.869999999999997,0.048780053442203,W1
QSO_130.589509+12.4809338,58579.92603324999,17.9045,0.0330696102995548,W1
QSO_130.589509+12.4809338,58789.37451249997,17.714,0.0372648384390314,W1
QSO_130.589509+12.4809338,58947.0013312,17.807000000000002,0.0290210320355709,W1
QSO_130.589509+12.4809338,59154.202239400016,17.76,0.0341114306219202,W1
QSO_130.589509+12.4809338,59311.59830849995,17.7915,0.0425159381879314,W1
QSO_130.589509+12.4809338,59521.21749824999,17.7245,0.0434024077673115,W1
QSO_130.589509+12.4809338,59675.60152999997,17.676000000000002,0.027246654203576,W1
QSO_130.589509+12.4809338,59885.08061450003,17.881999999999998,0.0812604578054017,W1
QSO_130.589509+12.4809338,60042.47211849999,17.721,0.0282439996486556,W1
QSO_130.589509+12.4809338,60249.130118,17.796,0.0320635942164017,W1
QSO_130.589509+12.4809338,60406.66067320001,17.869,0.0261765949794517,W1
QSO_130.589509+12.4809338,55311.880209500014,18.23,0.0522908987459615,W2
QSO_130.589509+12.4809338,55503.10662949998,18.379,0.0528798592461145,W2
QSO_130.589509+12.4809338,56774.0684305,18.099,0.0861380345724232,W2
QSO_130.589509+12.4809338,56965.17064100001,18.194,0.1051809590061823,W2
QSO_130.589509+12.4809338,57132.74123545976,18.125,0.0560668271434668,W2
QSO_130.589509+12.4809338,57326.73892536487,17.793,0.1028607599500414,W2
QSO_130.589509+12.4809338,57495.003364167525,18.157,0.0853320312400653,W2
QSO_130.589509+12.4809338,57694.57786978988,18.065,0.1031313886909963,W2
QSO_130.589509+12.4809338,57855.676225000025,18.298,0.094525156753129,W2
QSO_130.589509+12.4809338,58058.72448400003,18.107,0.0773141551562726,W2
QSO_130.589509+12.4809338,58215.96823600004,18.1455,0.0964206879983444,W2
QSO_130.589509+12.4809338,58425.48947800002,18.068,0.0897974262497645,W2
QSO_130.589509+12.4809338,58579.92603324999,18.252,0.0640304227983213,W2
QSO_130.589509+12.4809338,58789.37451249997,18.019,0.1020404571385093,W2
QSO_130.589509+12.4809338,58947.0013312,18.291,0.080557756401991,W2
QSO_130.589509+12.4809338,59154.202239400016,18.254,0.0589600215698614,W2
QSO_130.589509+12.4809338,59311.59830849995,18.344,0.083836602984615,W2
QSO_130.589509+12.4809338,59521.21749824999,18.024,0.0782432425197218,W2
QSO_130.589509+12.4809338,59675.60152999997,18.124,0.0943486986377426,W2
QSO_130.589509+12.4809338,59885.08061450003,17.909,0.0830511931634401,W2
QSO_130.589509+12.4809338,60042.47211849999,18.19,0.0958274494867285,W2
QSO_130.589509+12.4809338,60249.130118,17.753999999999998,0.1079030200151742,W2
QSO_130.589509+12.4809338,60406.66067320001,18.214,0.0802518855790518,W2
QSO_130.5080961+12.3633788,55311.81403499997,17.741999999999997,0.0285043017938622,W1
QSO_130.5080961+12.3633788,55503.13966200004,17.837,0.0377725606902276,W1
QSO_130.5080961+12.3633788,56774.00263924997,17.7775,0.0422890940651589,W1
QSO_130.5080961+12.3633788,56965.10497749996,17.65,0.0236983294544812,W1
QSO_130.5080961+12.3633788,57132.67557195554,17.698,0.0355590745608112,W1
QSO_130.5080961+12.3633788,57326.70616661278,17.659,0.0387221823688617,W1
QSO_130.5080961+12.3633788,57495.003364167525,17.663,0.0326814025720145,W1
QSO_130.5080961+12.3633788,57694.44662218156,17.7825,0.0395573306405704,W1
QSO_130.5080961+12.3633788,57855.64341149997,17.666,0.0337426603816245,W1
QSO_130.5080961+12.3633788,58058.69178000006,17.823,0.0477828021421469,W1
QSO_130.5080961+12.3633788,58215.90282799993,17.748,0.0389995251633013,W1
QSO_130.5080961+12.3633788,58425.39136600003,17.707,0.0342596555732832,W1
QSO_130.5080961+12.3633788,58579.89309199996,17.769,0.0340322691257609,W1
QSO_130.5080961+12.3633788,58789.30925049999,17.695999999999998,0.0477547264605692,W1
QSO_130.5080961+12.3633788,58947.001404400056,17.7405,0.0483969420521586,W1
QSO_130.5080961+12.3633788,59154.23503299998,17.743000000000002,0.0418128239176576,W1
QSO_130.5080961+12.3633788,59311.5329735,17.627,0.0555269394078227,W1
QSO_130.5080961+12.3633788,59521.25014749996,17.732,0.0601347597594755,W1
QSO_130.5080961+12.3633788,59675.53626799998,17.658,0.0417357945079506,W1
QSO_130.5080961+12.3633788,59885.08061450003,17.808,0.0563958671106357,W1
QSO_130.5080961+12.3633788,60042.47200899998,17.662,0.0549402927056684,W1
QSO_130.5080961+12.3633788,60249.06547650001,17.793,0.0405556633925289,W1
QSO_130.5080961+12.3633788,60406.59631210001,17.573999999999998,0.0435193656339932,W1
QSO_130.5080961+12.3633788,55311.81403499997,18.175,0.0845155462640425,W2
QSO_130.5080961+12.3633788,55503.13966200004,18.364,0.0845702265317253,W2
QSO_130.5080961+12.3633788,56774.00263924997,18.3645,0.0982164883711638,W2
QSO_130.5080961+12.3633788,56965.10497749996,18.262,0.0876332772681037,W2
QSO_130.5080961+12.3633788,57132.67557195554,18.171,0.0843229810845966,W2
QSO_130.5080961+12.3633788,57326.70616661278,18.071,0.0786550699410714,W2
QSO_130.5080961+12.3633788,57495.003364167525,18.272,0.148939212059447,W2
QSO_130.5080961+12.3633788,57694.44662218156,18.1455,0.0831230228113506,W2
QSO_130.5080961+12.3633788,57855.64341149997,18.0905,0.0862410891800594,W2
QSO_130.5080961+12.3633788,58058.69178000006,18.0145,0.0812209314097915,W2
QSO_130.5080961+12.3633788,58215.90282799993,18.2095,0.0514715570053554,W2
QSO_130.5080961+12.3633788,58425.39136600003,18.0195,0.081376384780844,W2
QSO_130.5080961+12.3633788,58579.89309199996,18.128,0.0578786133584549,W2
QSO_130.5080961+12.3633788,58789.30925049999,18.038,0.0796246359151997,W2
QSO_130.5080961+12.3633788,58947.001404400056,18.3145,0.033839917257582,W2
QSO_130.5080961+12.3633788,59154.23503299998,18.0405,0.1041539992297731,W2
QSO_130.5080961+12.3633788,59311.5329735,18.2475,0.081442347706829,W2
QSO_130.5080961+12.3633788,59521.25014749996,18.107,0.0811838125489618,W2
QSO_130.5080961+12.3633788,59675.53626799998,18.244,0.0689834078776503,W2
QSO_130.5080961+12.3633788,59885.08061450003,18.038,0.0800963582929775,W2
QSO_130.5080961+12.3633788,60042.47200899998,18.282,0.0828927869281657,W2
QSO_130.5080961+12.3633788,60249.06547650001,18.155,0.0700076737234232,W2
QSO_130.5080961+12.3633788,60406.59631210001,18.4535,0.1026198035180055,W2
QSO_130.6608299+12.4895916,55311.946238000026,17.844,0.0347708177512752,W1
QSO_130.6608299+12.4895916,55503.17267624996,17.8455,0.0362872095107089,W1
QSO_130.6608299+12.4895916,56774.10131700002,17.7855,0.0204608051027945,W1
QSO_130.6608299+12.4895916,56965.13780924999,17.8045,0.0298585787039875,W1
QSO_130.6608299+12.4895916,57132.93804347223,17.864,0.0574596987679824,W1
QSO_130.6608299+12.4895916,57326.77168411695,18.087,0.0804328668153753,W1
QSO_130.6608299+12.4895916,57495.06902457168,17.746499999999997,0.0102530483272049,W1
QSO_130.6608299+12.4895916,57694.64351189406,17.736,0.0466180329915366,W1
QSO_130.6608299+12.4895916,57855.70892899999,17.869999999999997,0.0326376004473821,W1
QSO_130.6608299+12.4895916,58058.72448400003,17.823999999999998,0.0446105781339191,W1
QSO_130.6608299+12.4895916,58216.03364399997,17.8715,0.0506555406278158,W1
QSO_130.6608299+12.4895916,58425.52203599995,17.941499999999998,0.052195220087667,W1
QSO_130.6608299+12.4895916,58579.9916785,17.913999999999998,0.040785736702423,W1
QSO_130.6608299+12.4895916,58789.407216500025,17.834,0.0445017880934971,W1
QSO_130.6608299+12.4895916,58947.0013312,17.794,0.0429535593922414,W1
QSO_130.6608299+12.4895916,59154.3005104,17.845,0.0521741944211475,W1
QSO_130.6608299+12.4895916,59311.663388000045,17.8275,0.0412686321556699,W1
QSO_130.6608299+12.4895916,59521.28303399999,17.829,0.0439074025649434,W1
QSO_130.6608299+12.4895916,59675.66682849998,17.845,0.0428024965347115,W1
QSO_130.6608299+12.4895916,59885.11319075002,17.738500000000002,0.0383519278572845,W1
QSO_130.6608299+12.4895916,60042.504567,17.8365,0.0500025172977433,W1
QSO_130.6608299+12.4895916,60249.130118,17.794,0.0885471827136784,W1
QSO_130.6608299+12.4895916,60406.69289949998,17.9805,0.0915486537312262,W1
QSO_130.6608299+12.4895916,55311.946238000026,18.088,0.0715190968702065,W2
QSO_130.6608299+12.4895916,55503.17267624996,18.273,0.0534692874375007,W2
QSO_130.6608299+12.4895916,56774.10131700002,18.128,0.0572181558193891,W2
QSO_130.6608299+12.4895916,56965.13780924999,18.0835,0.0641669327195063,W2
QSO_130.6608299+12.4895916,57132.93804347223,18.1115,0.0711256228612814,W2
QSO_130.6608299+12.4895916,57326.77168411695,17.868,0.063794586534729,W2
QSO_130.6608299+12.4895916,57495.06902457168,17.8635,0.1325825214724776,W2
QSO_130.6608299+12.4895916,57694.64351189406,17.996499999999997,0.0911322610275855,W2
QSO_130.6608299+12.4895916,57855.70892899999,18.2695,0.0768331977583764,W2
QSO_130.6608299+12.4895916,58058.72448400003,18.188,0.0669266281364825,W2
QSO_130.6608299+12.4895916,58216.03364399997,18.2335,0.0429461872580095,W2
QSO_130.6608299+12.4895916,58425.52203599995,18.182,0.0638009717794329,W2
QSO_130.6608299+12.4895916,58579.9916785,18.155,0.0641489964847464,W2
QSO_130.6608299+12.4895916,58789.407216500025,18.192,0.0758739665253919,W2
QSO_130.6608299+12.4895916,58947.0013312,18.222,0.0617847503183499,W2
QSO_130.6608299+12.4895916,59154.3005104,18.111,0.086723995720754,W2
QSO_130.6608299+12.4895916,59311.663388000045,18.149,0.0913068672116179,W2
QSO_130.6608299+12.4895916,59521.28303399999,18.152,0.0698478417705228,W2
QSO_130.6608299+12.4895916,59675.66682849998,18.25,0.0514606141734244,W2
QSO_130.6608299+12.4895916,59885.11319075002,18.2065,0.072441419500582,W2
QSO_130.6608299+12.4895916,60042.504567,18.296,0.0819070813327626,W2
QSO_130.6608299+12.4895916,60249.130118,18.154,0.1356440917102997,W2
QSO_130.6608299+12.4895916,60406.69289949998,18.359,0.0847532654238173,W2
QSO_130.479313+12.2266488,55311.88006349998,18.084,0.0351947036859695,W1
QSO_130.479313+12.2266488,55503.10662949998,18.0775,0.0687213212911393,W1
QSO_130.479313+12.2266488,56774.03554399996,18.083,0.0536867811786878,W1
QSO_130.479313+12.2266488,56965.17064100001,17.922,0.0526352431402741,W1
QSO_130.479313+12.2266488,57132.642813203456,18.036,0.0515277423933127,W1
QSO_130.479313+12.2266488,57326.80446111909,17.9505,0.0779269452519235,W1
QSO_130.479313+12.2266488,57495.00330926752,18.2485,0.0355545355756482,W1
QSO_130.479313+12.2266488,57694.446695381615,18.065,0.0412041201081748,W1
QSO_130.479313+12.2266488,57855.64341149997,18.294,0.0396196251758402,W1
QSO_130.479313+12.2266488,58058.69178000006,18.2405,0.0596809805921822,W1
QSO_130.479313+12.2266488,58215.96823600004,18.2045,0.0476808690962926,W1
QSO_130.479313+12.2266488,58425.358661999984,18.284,0.0491415189924862,W1
QSO_130.479313+12.2266488,58579.89309199996,18.237,0.0706139864786091,W1
QSO_130.479313+12.2266488,58789.34188149998,18.361,0.049626243057479,W1
QSO_130.479313+12.2266488,58946.93581719996,18.279,0.0512672989097338,W1
QSO_130.479313+12.2266488,59154.1695922,18.14,0.0599320928014217,W1
QSO_130.479313+12.2266488,59311.56553150001,18.315,0.0576516667377503,W1
QSO_130.479313+12.2266488,59521.184849000034,18.24,0.0586100459870879,W1
QSO_130.479313+12.2266488,59675.503618749935,18.393500000000003,0.0446645720901924,W1
QSO_130.479313+12.2266488,59885.08076049999,18.372,0.0579639687523671,W1
QSO_130.479313+12.2266488,60042.40711200004,18.252,0.0709378041159951,W1
QSO_130.479313+12.2266488,60248.96862375007,18.41,0.0707742891168818,W1
QSO_130.479313+12.2266488,60406.66067320001,18.406,0.0582113690450644,W1
QSO_130.479313+12.2266488,55311.88006349998,18.165,0.093871109101613,W2
QSO_130.479313+12.2266488,55503.10662949998,18.4,0.0584643566628419,W2
QSO_130.479313+12.2266488,56774.03554399996,18.142,0.0836353126056851,W2
QSO_130.479313+12.2266488,56965.17064100001,18.323,0.0782868024702873,W2
QSO_130.479313+12.2266488,57132.642813203456,18.2705,0.0514137592047936,W2
QSO_130.479313+12.2266488,57326.80446111909,17.889499999999998,0.0880546968061875,W2
QSO_130.479313+12.2266488,57495.00330926752,17.91,0.1105952643651614,W2
QSO_130.479313+12.2266488,57694.446695381615,18.132,0.0995959080856611,W2
QSO_130.479313+12.2266488,57855.64341149997,18.4385,0.089178383835538,W2
QSO_130.479313+12.2266488,58058.69178000006,18.226,0.092649541283268,W2
QSO_130.479313+12.2266488,58215.96823600004,18.198,0.0835844965023751,W2
QSO_130.479313+12.2266488,58425.358661999984,18.079,0.0567514495261542,W2
QSO_130.479313+12.2266488,58579.89309199996,18.328,0.0579738276138842,W2
QSO_130.479313+12.2266488,58789.34188149998,18.4325,0.0851036368200561,W2
QSO_130.479313+12.2266488,58946.93581719996,18.202,0.0711583703570777,W2
QSO_130.479313+12.2266488,59154.1695922,18.217,0.0744325389530427,W2
QSO_130.479313+12.2266488,59311.56553150001,18.243,0.0671239869914595,W2
QSO_130.479313+12.2266488,59521.184849000034,18.083,0.086775511992686,W2
QSO_130.479313+12.2266488,59675.503618749935,18.551,0.0596362305985211,W2
QSO_130.479313+12.2266488,59885.08076049999,18.454,0.1214378309111541,W2
QSO_130.479313+12.2266488,60042.40711200004,18.531,0.0781084467215228,W2
QSO_130.479313+12.2266488,60248.96862375007,18.1165,0.0812424876334729,W2
QSO_130.479313+12.2266488,60406.66067320001,18.351,0.0617375142126488,W2
QSO_130.6983193+12.4665333,55312.01241249999,17.927,0.0240204646033247,W1
QSO_130.6983193+12.4665333,55503.20569049996,17.96,0.0424044070119434,W1
QSO_130.6983193+12.4665333,56774.20001299997,18.032,0.040963475996804,W1
QSO_130.6983193+12.4665333,56965.26913625001,17.9625,0.0609227789911131,W1
QSO_130.6983193+12.4665333,57132.93797047226,17.981,0.0374978359869434,W1
QSO_130.6983193+12.4665333,57326.80446111909,17.849,0.0594692015878807,W1
QSO_130.6983193+12.4665333,57495.13468497583,17.938000000000002,0.0240970260959029,W1
QSO_130.6983193+12.4665333,57694.61066339196,17.963,0.0426278075610339,W1
QSO_130.6983193+12.4665333,57855.77433700001,18.16,0.0777521961104638,W1
QSO_130.6983193+12.4665333,58058.78989199996,18.021,0.0463111678482421,W1
QSO_130.6983193+12.4665333,58216.06634800002,17.863,0.0691469650806509,W1
QSO_130.6983193+12.4665333,58425.48947800002,18.078,0.080539027409935,W1
QSO_130.6983193+12.4665333,58579.9916785,18.011,0.0604068158276655,W1
QSO_130.6983193+12.4665333,58789.43992049999,18.076,0.039566943440198,W1
QSO_130.6983193+12.4665333,58947.099638800006,17.9925,0.0521316609120066,W1
QSO_130.6983193+12.4665333,59154.3005104,17.881,0.0619282036908912,W1
QSO_130.6983193+12.4665333,59311.69583649997,17.991999999999997,0.0813460490633486,W1
QSO_130.6983193+12.4665333,59521.31592050002,17.999000000000002,0.061069776943246,W1
QSO_130.6983193+12.4665333,59675.73198099996,17.979,0.0383772840085614,W1
QSO_130.6983193+12.4665333,59885.27556099999,18.145,0.0392056237392628,W1
QSO_130.6983193+12.4665333,60042.56946399995,18.092,0.0506137961996602,W1
QSO_130.6983193+12.4665333,60249.25940099998,17.962,0.0482735120080488,W1
QSO_130.6983193+12.4665333,60406.78957839999,18.078,0.0508720349198807,W1
QSO_130.6983193+12.4665333,55312.01241249999,18.375,0.0642883834252036,W2
QSO_130.6983193+12.4665333,55503.20569049996,18.46,0.0517173297245633,W2
QSO_130.6983193+12.4665333,56774.20001299997,18.296,0.0956186090820075,W2
QSO_130.6983193+12.4665333,56965.26913625001,18.2165,0.0552717287589233,W2
QSO_130.6983193+12.4665333,57132.93797047226,18.201,0.0550868243976926,W2
QSO_130.6983193+12.4665333,57326.80446111909,18.067,0.0629626470367549,W2
QSO_130.6983193+12.4665333,57495.13468497583,18.324,0.1207835529642457,W2
QSO_130.6983193+12.4665333,57694.61066339196,18.213,0.07051781216975,W2
QSO_130.6983193+12.4665333,57855.77433700001,18.1705,0.1226065087994923,W2
QSO_130.6983193+12.4665333,58058.78989199996,18.053,0.112612631655666,W2
QSO_130.6983193+12.4665333,58216.06634800002,18.243,0.0864175994958757,W2
QSO_130.6983193+12.4665333,58425.48947800002,18.201,0.0701531222111529,W2
QSO_130.6983193+12.4665333,58579.9916785,18.4155,0.0746696091934956,W2
QSO_130.6983193+12.4665333,58789.43992049999,18.078,0.0596096618745896,W2
QSO_130.6983193+12.4665333,58947.099638800006,18.2425,0.0964957870650128,W2
QSO_130.6983193+12.4665333,59154.3005104,17.996,0.0807881409252351,W2
QSO_130.6983193+12.4665333,59311.69583649997,18.182,0.12430380059455,W2
QSO_130.6983193+12.4665333,59521.31592050002,18.142,0.080264214331038,W2
QSO_130.6983193+12.4665333,59675.73198099996,18.209,0.0640907625577132,W2
QSO_130.6983193+12.4665333,59885.27556099999,18.122,0.0972401606025987,W2
QSO_130.6983193+12.4665333,60042.56946399995,18.193,0.0845111863897318,W2
QSO_130.6983193+12.4665333,60249.25940099998,18.191,0.0961941195810604,W2
QSO_130.6983193+12.4665333,60406.78957839999,18.387,0.0579867857171456,W2
QSO_130.5697375+12.1608737,55311.946238000026,17.81,0.0331394059866953,W1
QSO_130.5697375+12.1608737,55503.2058365,17.7865,0.0376735066948472,W1
QSO_130.5697375+12.1608737,56774.13414875005,17.617,0.0529572460330725,W1
QSO_130.5697375+12.1608737,56965.269245750016,17.703,0.0328839499857708,W1
QSO_130.5697375+12.1608737,57132.80678946395,17.637,0.0374483227603096,W1
QSO_130.5697375+12.1608737,57326.83729287116,17.801,0.0355218805808477,W1
QSO_130.5697375+12.1608737,57495.003364167525,17.825,0.0903208273426005,W1
QSO_130.5697375+12.1608737,57694.577979589885,17.759,0.0475526693860685,W1
QSO_130.5697375+12.1608737,57855.741487000014,17.671,0.0363588839869757,W1
QSO_130.5697375+12.1608737,58058.75718799999,17.704,0.0423765090411954,W1
QSO_130.5697375+12.1608737,58216.06634800002,17.761,0.0337541604971004,W1
QSO_130.5697375+12.1608737,58425.554886000034,17.657,0.0268501980063967,W1
QSO_130.5697375+12.1608737,58579.99162374999,17.802999999999997,0.0401724292777281,W1
QSO_130.5697375+12.1608737,58789.4072895,17.770500000000002,0.0477430623232317,W1
QSO_130.5697375+12.1608737,58947.06686350001,17.7145,0.0405278253750386,W1
QSO_130.5697375+12.1608737,59154.3006202,17.73,0.0483773205024133,W1
QSO_130.5697375+12.1608737,59311.63093950003,17.756999999999998,0.0406623597215129,W1
QSO_130.5697375+12.1608737,59521.25025699996,17.776,0.0449723681756232,W1
QSO_130.5697375+12.1608737,59675.66668250003,17.747,0.0312179993929892,W1
QSO_130.5697375+12.1608737,59885.210736999936,17.7605,0.0253200991679536,W1
QSO_130.5697375+12.1608737,60042.47200899998,17.766,0.0401122954145732,W1
QSO_130.5697375+12.1608737,60249.06553125001,17.6525,0.03818047930553,W1
QSO_130.5697375+12.1608737,60406.72512579996,17.741,0.048347104612559,W1
QSO_130.5697375+12.1608737,55311.946238000026,18.3715,0.045867054848888,W2
QSO_130.5697375+12.1608737,55503.2058365,18.3995,0.048511902425432,W2
QSO_130.5697375+12.1608737,56774.13414875005,18.162,0.1164516371559298,W2
QSO_130.5697375+12.1608737,56965.269245750016,18.1895,0.0578509169154902,W2
QSO_130.5697375+12.1608737,57132.80678946395,18.137,0.0932495294265847,W2
QSO_130.5697375+12.1608737,57326.83729287116,18.0805,0.0989275290300936,W2
QSO_130.5697375+12.1608737,57495.003364167525,18.16,0.1804083844647614,W2
QSO_130.5697375+12.1608737,57694.577979589885,18.131500000000003,0.0645889782479263,W2
QSO_130.5697375+12.1608737,57855.741487000014,18.116,0.1372734387809265,W2
QSO_130.5697375+12.1608737,58058.75718799999,18.131,0.0738313424612449,W2
QSO_130.5697375+12.1608737,58216.06634800002,18.301,0.0724118573501507,W2
QSO_130.5697375+12.1608737,58425.554886000034,18.062,0.0650471481318755,W2
QSO_130.5697375+12.1608737,58579.99162374999,18.212,0.0670568788417713,W2
QSO_130.5697375+12.1608737,58789.4072895,18.072,0.0959506383511856,W2
QSO_130.5697375+12.1608737,58947.06686350001,18.136000000000003,0.0700531048562447,W2
QSO_130.5697375+12.1608737,59154.3006202,18.175,0.0853273098847685,W2
QSO_130.5697375+12.1608737,59311.63093950003,18.391,0.0813398229152596,W2
QSO_130.5697375+12.1608737,59521.25025699996,17.902,0.0817721909307611,W2
QSO_130.5697375+12.1608737,59675.66668250003,18.263,0.0678494045513406,W2
QSO_130.5697375+12.1608737,59885.210736999936,18.0365,0.1192129135203062,W2
QSO_130.5697375+12.1608737,60042.47200899998,18.311,0.0986547379770446,W2
QSO_130.5697375+12.1608737,60249.06553125001,18.117,0.0757551582402149,W2
QSO_130.5697375+12.1608737,60406.72512579996,18.227,0.0650441449816485,W2
QSO_130.8007809+12.388294,55312.11152824998,17.6785,0.0519422756528821,W1
QSO_130.8007809+12.388294,55503.337929999965,17.738999999999997,0.0499087743117375,W1
QSO_130.8007809+12.388294,56774.26573124994,17.592,0.0435259577723452,W1
QSO_130.8007809+12.388294,56965.33490924999,17.630499999999998,0.0418903095286654,W1
QSO_130.8007809+12.388294,57132.93797047226,17.645,0.0570391274354943,W1
QSO_130.8007809+12.388294,57326.8372198711,17.7145,0.047650784067235,W1
QSO_130.8007809+12.388294,57495.13468497583,17.692999999999998,0.017025036030853,W1
QSO_130.8007809+12.388294,57694.74194760031,17.717,0.0449748323896285,W1
QSO_130.8007809+12.388294,57855.93785700001,17.634,0.036096782361581,W1
QSO_130.8007809+12.388294,58058.92070799999,17.737000000000002,0.0445848535496146,W1
QSO_130.8007809+12.388294,58216.19767499997,17.697,0.0404865155656677,W1
QSO_130.8007809+12.388294,58425.58751700003,17.658,0.0458534551789921,W1
QSO_130.8007809+12.388294,58580.154578,17.741999999999997,0.0400015213835392,W1
QSO_130.8007809+12.388294,58789.53797774998,17.717,0.040975553687534,W1
QSO_130.8007809+12.388294,58947.16522600003,17.6565,0.0358604225770891,W1
QSO_130.8007809+12.388294,59154.49712560001,17.658,0.0410442659892496,W1
QSO_130.8007809+12.388294,59311.79427699997,17.703,0.0418903926933131,W1
QSO_130.8007809+12.388294,59521.41397775,17.7235,0.0406668943527324,W1
QSO_130.8007809+12.388294,59675.76461199996,17.775,0.0389868805093694,W1
QSO_130.8007809+12.388294,59885.340713499965,17.698,0.0549682537136093,W1
QSO_130.8007809+12.388294,60042.666882499965,17.79,0.0366794406410559,W1
QSO_130.8007809+12.388294,60249.32404249997,17.72,0.045931540875393,W1
QSO_130.8007809+12.388294,60406.8534271,17.704,0.0385134911427151,W1
QSO_130.8007809+12.388294,55312.11152824998,18.0975,0.0822279088874332,W2
QSO_130.8007809+12.388294,55503.337929999965,18.187,0.0901057235702503,W2
QSO_130.8007809+12.388294,56774.26573124994,18.192,0.072670379110061,W2
QSO_130.8007809+12.388294,56965.33490924999,18.1275,0.0703108508037042,W2
QSO_130.8007809+12.388294,57132.93797047226,18.28,0.0716076420166982,W2
QSO_130.8007809+12.388294,57326.8372198711,18.1945,0.0958217867440113,W2
QSO_130.8007809+12.388294,57495.13468497583,18.163,0.1661340378083872,W2
QSO_130.8007809+12.388294,57694.74194760031,18.133,0.0703299202235629,W2
QSO_130.8007809+12.388294,57855.93785700001,18.233,0.0552807622629869,W2
QSO_130.8007809+12.388294,58058.92070799999,18.131,0.0784076308404003,W2
QSO_130.8007809+12.388294,58216.19767499997,18.163,0.0992794385486,W2
QSO_130.8007809+12.388294,58425.58751700003,18.022,0.0783323101292511,W2
QSO_130.8007809+12.388294,58580.154578,18.177,0.0915112782644127,W2
QSO_130.8007809+12.388294,58789.53797774998,18.031,0.0756394672112384,W2
QSO_130.8007809+12.388294,58947.16522600003,18.1815,0.084129980315955,W2
QSO_130.8007809+12.388294,59154.49712560001,17.985,0.0760338125200618,W2
QSO_130.8007809+12.388294,59311.79427699997,18.459,0.1219015012212731,W2
QSO_130.8007809+12.388294,59521.41397775,18.0835,0.0663186576451292,W2
QSO_130.8007809+12.388294,59675.76461199996,18.161,0.0683682329578423,W2
QSO_130.8007809+12.388294,59885.340713499965,18.11,0.0851179444763516,W2
QSO_130.8007809+12.388294,60042.666882499965,18.184,0.0735617024957558,W2
QSO_130.8007809+12.388294,60249.32404249997,17.963,0.0758329873821981,W2
QSO_130.8007809+12.388294,60406.8534271,18.118,0.1614820144783933,W2
QSO_130.4871318+12.4273949,55311.78100249999,18.195,0.0620246879983792,W1
QSO_130.4871318+12.4273949,55503.10662949998,18.293,0.0586944575905753,W1
QSO_130.4871318+12.4273949,56774.03554399996,18.105,0.0589008513776564,W1
QSO_130.4871318+12.4273949,56965.17064100001,18.189,0.0443005241364912,W1
QSO_130.4871318+12.4273949,57132.67557195554,18.144,0.044754750075506,W1
QSO_130.4871318+12.4273949,57326.67338961064,18.117,0.0991893608048516,W1
QSO_130.4871318+12.4273949,57493.06621754499,18.1855,0.1233901333170526,W1
QSO_130.4871318+12.4273949,57694.44662218156,18.247,0.0601186244020936,W1
QSO_130.4871318+12.4273949,57855.57800350004,18.094,0.051286021487341,W1
QSO_130.4871318+12.4273949,58058.560964000026,18.131,0.0394861966036514,W1
QSO_130.4871318+12.4273949,58215.90282799993,18.24,0.0328546972208933,W1
QSO_130.4871318+12.4273949,58425.39136600003,18.2475,0.076537154376159,W1
QSO_130.4871318+12.4273949,58579.89309199996,18.306,0.0561250482121345,W1
QSO_130.4871318+12.4273949,58789.27654649994,18.3375,0.0580071635103674,W1
QSO_130.4871318+12.4273949,58946.83756449995,18.177,0.0347144926507646,W1
QSO_130.4871318+12.4273949,59154.202239400016,18.262,0.0439413803539148,W1
QSO_130.4871318+12.4273949,59311.56567749996,18.308,0.0596824051257384,W1
QSO_130.4871318+12.4273949,59521.12009800004,18.186,0.0487730912004168,W1
QSO_130.4871318+12.4273949,59675.503618749935,18.3145,0.0517848336870943,W1
QSO_130.4871318+12.4273949,59885.01553499995,18.2105,0.0748045446975476,W1
QSO_130.4871318+12.4273949,60042.37466350003,18.1575,0.0482908517810646,W1
QSO_130.4871318+12.4273949,60248.96856899998,18.084000000000003,0.0472484920394291,W1
QSO_130.4871318+12.4273949,60406.56415900001,18.1905,0.0437552113298351,W1
QSO_130.4871318+12.4273949,55311.78100249999,18.426,0.0713196053768607,W2
QSO_130.4871318+12.4273949,55503.10662949998,18.316000000000003,0.06115532649192,W2
QSO_130.4871318+12.4273949,56774.03554399996,18.063,0.0908092923287765,W2
QSO_130.4871318+12.4273949,56965.17064100001,18.128,0.0584828087398911,W2
QSO_130.4871318+12.4273949,57132.67557195554,18.24,0.1101594803505858,W2
QSO_130.4871318+12.4273949,57326.67338961064,17.8875,0.0699703062019884,W2
QSO_130.4871318+12.4273949,57493.06621754499,17.8595,0.0625789501350093,W2
QSO_130.4871318+12.4273949,57694.44662218156,18.0715,0.0571026794467651,W2
QSO_130.4871318+12.4273949,57855.57800350004,18.1995,0.0547063890235868,W2
QSO_130.4871318+12.4273949,58058.560964000026,18.2345,0.0478906632340793,W2
QSO_130.4871318+12.4273949,58215.90282799993,18.394,0.0695859239371382,W2
QSO_130.4871318+12.4273949,58425.39136600003,18.2505,0.0374727767852876,W2
QSO_130.4871318+12.4273949,58579.89309199996,18.421,0.1096616201052912,W2
QSO_130.4871318+12.4273949,58789.27654649994,18.155,0.069128553756349,W2
QSO_130.4871318+12.4273949,58946.83756449995,18.264,0.0471546922373584,W2
QSO_130.4871318+12.4273949,59154.202239400016,18.1875,0.0505943837462879,W2
QSO_130.4871318+12.4273949,59311.56567749996,18.203,0.0954986438868238,W2
QSO_130.4871318+12.4273949,59521.12009800004,18.261,0.0937293849109907,W2
QSO_130.4871318+12.4273949,59675.503618749935,18.3365,0.0720089994375702,W2
QSO_130.4871318+12.4273949,59885.01553499995,18.276,0.0887937555153432,W2
QSO_130.4871318+12.4273949,60042.37466350003,18.1045,0.057847660729297,W2
QSO_130.4871318+12.4273949,60248.96856899998,18.047,0.0846094557363418,W2
QSO_130.4871318+12.4273949,60406.56415900001,18.3605,0.0690762293626611,W2
QSO_130.5814673+12.1821965,55311.946238000026,17.937,0.0286854688512428,W1
QSO_130.5814673+12.1821965,55503.23885075001,17.982,0.0372627797801565,W1
QSO_130.5814673+12.1821965,56774.10131700002,17.905,0.0422824568914977,W1
QSO_130.5814673+12.1821965,56965.23641399999,17.925,0.051776393183181,W1
QSO_130.5814673+12.1821965,57132.74123545976,18.056,0.03281117244228,W1
QSO_130.5814673+12.1821965,57326.83734762108,18.041,0.032680384225832,W1
QSO_130.5814673+12.1821965,57495.003364167525,18.102,0.0794271154371515,W1
QSO_130.5814673+12.1821965,57694.61077319197,17.814999999999998,0.0346004998595892,W1
QSO_130.5814673+12.1821965,57855.77426399996,18.003,0.0535215937729812,W1
QSO_130.5814673+12.1821965,58058.78989199996,17.858,0.0348598352577841,W1
QSO_130.5814673+12.1821965,58216.06634800002,18.074,0.0376131001684586,W1
QSO_130.5814673+12.1821965,58425.52218199999,17.9595,0.0280778771900584,W1
QSO_130.5814673+12.1821965,58580.02427300004,18.052,0.0458560449614238,W1
QSO_130.5814673+12.1821965,58789.4072895,18.0795,0.0546942839707595,W1
QSO_130.5814673+12.1821965,58947.06680860001,17.933999999999997,0.0808528916158514,W1
QSO_130.5814673+12.1821965,59154.3006202,18.162,0.0477767630066747,W1
QSO_130.5814673+12.1821965,59311.63093950003,18.017,0.0331608787094728,W1
QSO_130.5814673+12.1821965,59521.28316174997,18.0685,0.0674593284876153,W1
QSO_130.5814673+12.1821965,59675.63405150004,18.018500000000003,0.0446749772015944,W1
QSO_130.5814673+12.1821965,59885.21066400004,18.12,0.0542083473449895,W1
QSO_130.5814673+12.1821965,60042.5044575,18.002000000000002,0.037786452598782,W1
QSO_130.5814673+12.1821965,60249.06553125001,18.043,0.070284230428134,W1
QSO_130.5814673+12.1821965,60406.72512579996,18.049,0.0844338906678669,W1
QSO_130.5814673+12.1821965,55311.946238000026,18.316000000000003,0.0401126665066657,W2
QSO_130.5814673+12.1821965,55503.23885075001,18.3515,0.0425384221746777,W2
QSO_130.5814673+12.1821965,56774.10131700002,18.272,0.0619801839348757,W2
QSO_130.5814673+12.1821965,56965.23641399999,18.205,0.0987572211551032,W2
QSO_130.5814673+12.1821965,57132.74123545976,18.359,0.0590408370913254,W2
QSO_130.5814673+12.1821965,57326.83734762108,18.158,0.0749934833131788,W2
QSO_130.5814673+12.1821965,57495.003364167525,18.109,0.1093712671320672,W2
QSO_130.5814673+12.1821965,57694.61077319197,18.161,0.1090178818933017,W2
QSO_130.5814673+12.1821965,57855.77426399996,18.223,0.0840008095199091,W2
QSO_130.5814673+12.1821965,58058.78989199996,18.107,0.0862649980426752,W2
QSO_130.5814673+12.1821965,58216.06634800002,18.263,0.0754541571233661,W2
QSO_130.5814673+12.1821965,58425.52218199999,18.211,0.1293431422128749,W2
QSO_130.5814673+12.1821965,58580.02427300004,18.368,0.0562788351669931,W2
QSO_130.5814673+12.1821965,58789.4072895,18.2125,0.0837525151640015,W2
QSO_130.5814673+12.1821965,58947.06680860001,18.544,0.0738476613366908,W2
QSO_130.5814673+12.1821965,59154.3006202,18.12,0.0582590783515165,W2
QSO_130.5814673+12.1821965,59311.63093950003,18.197,0.0725620126508346,W2
QSO_130.5814673+12.1821965,59521.28316174997,18.2145,0.1282806298706082,W2
QSO_130.5814673+12.1821965,59675.63405150004,18.267,0.0811969057292211,W2
QSO_130.5814673+12.1821965,59885.21066400004,18.1015,0.0999608419426077,W2
QSO_130.5814673+12.1821965,60042.5044575,18.2535,0.077493670709291,W2
QSO_130.5814673+12.1821965,60249.06553125001,18.187,0.1002633154342852,W2
QSO_130.5814673+12.1821965,60406.72512579996,18.446,0.0615840241951035,W2
QSO_130.6535438+12.1300137,55312.04535375002,17.9025,0.0497863490884356,W1
QSO_130.6535438+12.1300137,55503.27186500001,18.036,0.0650665728548875,W1
QSO_130.6535438+12.1300137,56774.23275349997,18.067,0.0428965347926861,W1
QSO_130.6535438+12.1300137,56965.30207750005,18.087,0.045743677158707,W1
QSO_130.6535438+12.1300137,57132.87245296808,18.000999999999998,0.0407521232388596,W1
QSO_130.6535438+12.1300137,57326.83723812116,17.945999999999998,0.0758720343583041,W1
QSO_130.6535438+12.1300137,57495.06902457168,18.2095,0.1283975150655178,W1
QSO_130.6535438+12.1300137,57694.676360396144,18.045,0.0986167516778723,W1
QSO_130.6535438+12.1300137,57855.80704099998,17.939,0.0615634884525178,W1
QSO_130.6535438+12.1300137,58058.78989199996,17.942999999999998,0.076262056322708,W1
QSO_130.6535438+12.1300137,58216.13175600004,17.853,0.0601695700502342,W1
QSO_130.6535438+12.1300137,58425.65299799993,18.102,0.0464748211400538,W1
QSO_130.6535438+12.1300137,58580.02432775004,18.1025,0.0424933524212906,W1
QSO_130.6535438+12.1300137,58789.53803250006,18.0145,0.0736497725726291,W1
QSO_130.6535438+12.1300137,58947.099638800006,17.894,0.043031877449768,W1
QSO_130.6535438+12.1300137,59154.36615250001,18.1115,0.0511974578226299,W1
QSO_130.6535438+12.1300137,59311.7286135,18.0155,0.0690663738732531,W1
QSO_130.6535438+12.1300137,59521.31606649997,18.095,0.0544354952259633,W1
QSO_130.6535438+12.1300137,59675.797133500026,18.079,0.0561310851735903,W1
QSO_130.6535438+12.1300137,59885.30813724997,18.113,0.1075193296575086,W1
QSO_130.6535438+12.1300137,60042.60191249996,18.197,0.1004053512911597,W1
QSO_130.6535438+12.1300137,60249.130227500005,18.094,0.0503880687861175,W1
QSO_130.6535438+12.1300137,60406.75727889996,18.106,0.0517730045487028,W1
QSO_130.6535438+12.1300137,55312.04535375002,18.2775,0.0620868940067661,W2
QSO_130.6535438+12.1300137,55503.27186500001,18.416,0.0733838953256301,W2
QSO_130.6535438+12.1300137,56774.23275349997,17.988,0.0804614602248659,W2
QSO_130.6535438+12.1300137,56965.30207750005,18.1745,0.0600878440285554,W2
QSO_130.6535438+12.1300137,57132.87245296808,18.522,0.0790035922738397,W2
QSO_130.6535438+12.1300137,57326.83723812116,17.987,0.0802935576094746,W2
QSO_130.6535438+12.1300137,57495.06902457168,18.452,0.0442215657230725,W2
QSO_130.6535438+12.1300137,57694.676360396144,18.112,0.0760178712824824,W2
QSO_130.6535438+12.1300137,57855.80704099998,18.207,0.0744054520836653,W2
QSO_130.6535438+12.1300137,58058.78989199996,17.985,0.048489275892131,W2
QSO_130.6535438+12.1300137,58216.13175600004,18.419,0.0886715886776457,W2
QSO_130.6535438+12.1300137,58425.65299799993,18.1165,0.0777469291998083,W2
QSO_130.6535438+12.1300137,58580.02432775004,18.3025,0.0764782648861754,W2
QSO_130.6535438+12.1300137,58789.53803250006,18.258,0.0649953844515131,W2
QSO_130.6535438+12.1300137,58947.099638800006,18.3515,0.0633504728270233,W2
QSO_130.6535438+12.1300137,59154.36615250001,18.041,0.0911379448967333,W2
QSO_130.6535438+12.1300137,59311.7286135,18.2605,0.1074624073804418,W2
QSO_130.6535438+12.1300137,59521.31606649997,18.257,0.0513285406318545,W2
QSO_130.6535438+12.1300137,59675.797133500026,18.193,0.0780037564835483,W2
QSO_130.6535438+12.1300137,59885.30813724997,18.3275,0.098515504807619,W2
QSO_130.6535438+12.1300137,60042.60191249996,18.413,0.0824341280025063,W2
QSO_130.6535438+12.1300137,60249.130227500005,18.003,0.0861056549446264,W2
QSO_130.6535438+12.1300137,60406.75727889996,18.148,0.0849725602768328,W2
QSO_130.4413394+12.3168771,55311.81403499997,17.526,0.0341467688173353,W1
QSO_130.4413394+12.3168771,55503.00756849998,17.677,0.0284505713698289,W1
QSO_130.4413394+12.3168771,56773.96973449996,17.558,0.0339128905765595,W1
QSO_130.4413394+12.3168771,56965.03931399999,17.487000000000002,0.034667509477512,W1
QSO_130.4413394+12.3168771,57132.54439094724,17.592,0.034647072938086,W1
QSO_130.4413394+12.3168771,57326.70616661278,17.64,0.0471472025740913,W1
QSO_130.4413394+12.3168771,57493.06621754499,17.5385,0.0689429111656872,W1
QSO_130.4413394+12.3168771,57694.41390177953,17.555,0.0258968363073324,W1
QSO_130.4413394+12.3168771,57855.51259549994,17.5075,0.0184135869722653,W1
QSO_130.4413394+12.3168771,58058.560964000026,17.461,0.0229372634713809,W1
QSO_130.4413394+12.3168771,58215.83742,17.55,0.0348617308488516,W1
QSO_130.4413394+12.3168771,58425.358661999984,17.579,0.0419470698402625,W1
QSO_130.4413394+12.3168771,58579.89309199996,17.506999999999998,0.0335039722778929,W1
QSO_130.4413394+12.3168771,58789.2111385,17.58,0.0380330908552014,W1
QSO_130.4413394+12.3168771,58946.93574399998,17.524,0.0523398132217163,W1
QSO_130.4413394+12.3168771,59154.13672539997,17.5745,0.0316651315417377,W1
QSO_130.4413394+12.3168771,59311.56560449999,17.5415,0.0234080524883274,W1
QSO_130.4413394+12.3168771,59521.184849000034,17.551000000000002,0.0349457667188779,W1
QSO_130.4413394+12.3168771,59675.47096949997,17.6,0.0178542625936458,W1
QSO_130.4413394+12.3168771,59885.04811125002,17.5955,0.0386973384097666,W1
QSO_130.4413394+12.3168771,60042.47200899998,17.560000000000002,0.0422638072555272,W1
QSO_130.4413394+12.3168771,60248.96862375007,17.4835,0.0727932414445186,W1
QSO_130.4413394+12.3168771,60406.596257200006,17.539,0.0608313059503192,W1
QSO_130.4413394+12.3168771,55311.81403499997,18.349,0.0581744508126676,W2
QSO_130.4413394+12.3168771,55503.00756849998,18.373,0.0594651594134929,W2
QSO_130.4413394+12.3168771,56773.96973449996,18.269,0.0690020306978043,W2
QSO_130.4413394+12.3168771,56965.03931399999,17.977999999999998,0.1057230906700446,W2
QSO_130.4413394+12.3168771,57132.54439094724,18.3245,0.0682093426377716,W2
QSO_130.4413394+12.3168771,57326.70616661278,17.893,0.0845934358134014,W2
QSO_130.4413394+12.3168771,57493.06621754499,18.338,0.2786000717874998,W2
QSO_130.4413394+12.3168771,57694.41390177953,18.256,0.1186139968149659,W2
QSO_130.4413394+12.3168771,57855.51259549994,18.314,0.07759836574143,W2
QSO_130.4413394+12.3168771,58058.560964000026,18.000999999999998,0.0930799387623349,W2
QSO_130.4413394+12.3168771,58215.83742,18.2185,0.0660090832694569,W2
QSO_130.4413394+12.3168771,58425.358661999984,18.27,0.0641733187424184,W2
QSO_130.4413394+12.3168771,58579.89309199996,18.157,0.0823172642777889,W2
QSO_130.4413394+12.3168771,58789.2111385,18.2255,0.1036534804046638,W2
QSO_130.4413394+12.3168771,58946.93574399998,18.086,0.0867856933716872,W2
QSO_130.4413394+12.3168771,59154.13672539997,18.115,0.0963003926523668,W2
QSO_130.4413394+12.3168771,59311.56560449999,18.296,0.0851729823435594,W2
QSO_130.4413394+12.3168771,59521.184849000034,18.201,0.115362011463721,W2
QSO_130.4413394+12.3168771,59675.47096949997,18.216,0.0696140540590097,W2
QSO_130.4413394+12.3168771,59885.04811125002,18.101,0.0922333128538708,W2
QSO_130.4413394+12.3168771,60042.47200899998,18.208,0.0720187731556551,W2
QSO_130.4413394+12.3168771,60248.96862375007,18.1485,0.0930313710529948,W2
QSO_130.4413394+12.3168771,60406.596257200006,18.209,0.0829547413107617,W2
QSO_130.5872647+12.2530976,55311.91322375002,17.932,0.0388570132260813,W1
QSO_130.5872647+12.2530976,55503.13966200004,18.0,0.0401379477051388,W1
QSO_130.5872647+12.2530976,56774.13414875005,18.003,0.034658719708781,W1
QSO_130.5872647+12.2530976,56965.20347274996,18.008,0.044563852181968,W1
QSO_130.5872647+12.2530976,57132.74123545976,17.896,0.0568732097166239,W1
QSO_130.5872647+12.2530976,57326.80446111909,18.0915,0.0635255700240066,W1
QSO_130.5872647+12.2530976,57495.06902457168,17.965,0.0700035713374683,W1
QSO_130.5872647+12.2530976,57694.57792468988,17.9595,0.0365445481570096,W1
QSO_130.5872647+12.2530976,57855.74163299996,17.927999999999997,0.0314541393945031,W1
QSO_130.5872647+12.2530976,58058.75718799999,18.068,0.0640633728486156,W1
QSO_130.5872647+12.2530976,58216.09905200007,17.948500000000003,0.045678089356082,W1
QSO_130.5872647+12.2530976,58425.48947800002,17.999000000000002,0.0579797627846304,W1
QSO_130.5872647+12.2530976,58580.05703174992,17.942,0.0323735260591796,W1
QSO_130.5872647+12.2530976,58789.43992049999,18.059,0.0508023378958827,W1
QSO_130.5872647+12.2530976,58947.03412480005,18.0715,0.0484708472425168,W1
QSO_130.5872647+12.2530976,59154.23503299998,17.981,0.0687158917508421,W1
QSO_130.5872647+12.2530976,59311.66333324996,17.962,0.0764142887064882,W1
QSO_130.5872647+12.2530976,59521.31606649997,18.091,0.0379016283754224,W1
QSO_130.5872647+12.2530976,59675.63410624996,17.9875,0.0281945128625334,W1
QSO_130.5872647+12.2530976,59885.11326375,18.003999999999998,0.0554764905162536,W1
QSO_130.5872647+12.2530976,60042.53696075001,17.941000000000003,0.0486043619441714,W1
QSO_130.5872647+12.2530976,60249.06547650001,17.884999999999998,0.0718114815951385,W1
QSO_130.5872647+12.2530976,60406.69289949998,17.9605,0.0579281713193798,W1
QSO_130.5872647+12.2530976,55311.91322375002,18.3425,0.0731875563383405,W2
QSO_130.5872647+12.2530976,55503.13966200004,18.194,0.0639771864861506,W2
QSO_130.5872647+12.2530976,56774.13414875005,18.131500000000003,0.0761431514575598,W2
QSO_130.5872647+12.2530976,56965.20347274996,18.144,0.0798310716450681,W2
QSO_130.5872647+12.2530976,57132.74123545976,18.135,0.0927238210344442,W2
QSO_130.5872647+12.2530976,57326.80446111909,18.1155,0.0968150621029598,W2
QSO_130.5872647+12.2530976,57495.06902457168,17.775,0.1011162697096767,W2
QSO_130.5872647+12.2530976,57694.57792468988,18.1835,0.0808211853414686,W2
QSO_130.5872647+12.2530976,57855.74163299996,18.223,0.0880669781309371,W2
QSO_130.5872647+12.2530976,58058.75718799999,18.176,0.0694599704866047,W2
QSO_130.5872647+12.2530976,58216.09905200007,18.172,0.0686103590264672,W2
QSO_130.5872647+12.2530976,58425.48947800002,18.02,0.0881058205359984,W2
QSO_130.5872647+12.2530976,58580.05703174992,18.2895,0.060181007338818,W2
QSO_130.5872647+12.2530976,58789.43992049999,17.974,0.0796430334200777,W2
QSO_130.5872647+12.2530976,58947.03412480005,18.265,0.069689136959681,W2
QSO_130.5872647+12.2530976,59154.23503299998,18.131,0.0735634676425758,W2
QSO_130.5872647+12.2530976,59311.66333324996,18.2115,0.0579872272015011,W2
QSO_130.5872647+12.2530976,59521.31606649997,18.192,0.0761228691630632,W2
QSO_130.5872647+12.2530976,59675.63410624996,18.087,0.0727212460676358,W2
QSO_130.5872647+12.2530976,59885.11326375,18.194,0.0888877044365529,W2
QSO_130.5872647+12.2530976,60042.53696075001,18.329,0.072512957462787,W2
QSO_130.5872647+12.2530976,60249.06547650001,18.242,0.064959246483497,W2
QSO_130.5872647+12.2530976,60406.69289949998,18.196,0.074231101067819,W2
QSO_130.700911+12.3537367,55311.97932525001,17.868499999999997,0.0456833087579488,W1
QSO_130.700911+12.3537367,55503.337929999965,18.077,0.0613064709996916,W1
QSO_130.700911+12.3537367,56774.23275349997,18.015,0.0364964754098504,W1
QSO_130.700911+12.3537367,56965.33490924999,17.991,0.0511698051426164,W1
QSO_130.700911+12.3537367,57132.83962121602,17.957,0.0627136667720842,W1
QSO_130.700911+12.3537367,57326.83723812116,18.006999999999998,0.0555557136376113,W1
QSO_130.700911+12.3537367,57495.13468497583,18.144,0.0718599460885672,W1
QSO_130.700911+12.3537367,57694.676360396144,17.965,0.0323102447507403,W1
QSO_130.700911+12.3537367,57855.77433700001,17.902,0.0758502575742105,W1
QSO_130.700911+12.3537367,58058.822595999925,17.978,0.0683903794403863,W1
QSO_130.700911+12.3537367,58216.06634800002,17.899,0.0346452668542463,W1
QSO_130.700911+12.3537367,58425.554886000034,17.863999999999997,0.0471492825606125,W1
QSO_130.700911+12.3537367,58580.089680999976,17.921,0.0346725586894107,W1
QSO_130.700911+12.3537367,58789.53797774998,17.9815,0.0436141740785672,W1
QSO_130.700911+12.3537367,58947.099638800006,17.9545,0.0543899670759096,W1
QSO_130.700911+12.3537367,59154.39881800001,17.8995,0.0345275319558605,W1
QSO_130.700911+12.3537367,59311.69583649997,17.936999999999998,0.0440449193564021,W1
QSO_130.700911+12.3537367,59521.31592050002,17.954,0.0384792267018707,W1
QSO_130.700911+12.3537367,59675.73198099996,18.014,0.043085991978058,W1
QSO_130.700911+12.3537367,59885.21066400004,17.965999999999998,0.030522916595568,W1
QSO_130.700911+12.3537367,60042.666882499965,17.967,0.0318509654484756,W1
QSO_130.700911+12.3537367,60249.130118,18.07,0.0674961564723943,W1
QSO_130.700911+12.3537367,60406.78957839999,17.9125,0.0251414362792147,W1
QSO_130.700911+12.3537367,55311.97932525001,18.176,0.0807621214099137,W2
QSO_130.700911+12.3537367,55503.337929999965,18.229,0.0478191482585265,W2
QSO_130.700911+12.3537367,56774.23275349997,18.012999999999998,0.0657767288711765,W2
QSO_130.700911+12.3537367,56965.33490924999,18.061,0.0691737446177698,W2
QSO_130.700911+12.3537367,57132.83962121602,18.082,0.0713156083897487,W2
QSO_130.700911+12.3537367,57326.83723812116,17.876,0.0654230904040572,W2
QSO_130.700911+12.3537367,57495.13468497583,18.375,0.0232729377094864,W2
QSO_130.700911+12.3537367,57694.676360396144,18.251,0.0943740897727537,W2
QSO_130.700911+12.3537367,57855.77433700001,18.012999999999998,0.0746306763149191,W2
QSO_130.700911+12.3537367,58058.822595999925,18.0875,0.1108868116594575,W2
QSO_130.700911+12.3537367,58216.06634800002,18.345,0.0520241231683438,W2
QSO_130.700911+12.3537367,58425.554886000034,18.144,0.0640439016405181,W2
QSO_130.700911+12.3537367,58580.089680999976,18.137,0.0764336750830532,W2
QSO_130.700911+12.3537367,58789.53797774998,18.16,0.0529019664620848,W2
QSO_130.700911+12.3537367,58947.099638800006,18.269,0.0965932521749876,W2
QSO_130.700911+12.3537367,59154.39881800001,18.2895,0.1080691302884237,W2
QSO_130.700911+12.3537367,59311.69583649997,18.396,0.0982324326224957,W2
QSO_130.700911+12.3537367,59521.31592050002,18.176,0.0978417065715528,W2
QSO_130.700911+12.3537367,59675.73198099996,18.123,0.0436964290456882,W2
QSO_130.700911+12.3537367,59885.21066400004,18.1025,0.0597172864158697,W2
QSO_130.700911+12.3537367,60042.666882499965,18.146,0.095757657657234,W2
QSO_130.700911+12.3537367,60249.130118,18.046,0.055725173167557,W2
QSO_130.700911+12.3537367,60406.78957839999,18.243,0.0852446164171039,W2
QSO_130.7743834+12.3525487,55312.078441,17.927999999999997,0.04181036578053,W1
QSO_130.7743834+12.3525487,55503.370944249975,18.006,0.0786730627990624,W1
QSO_130.7743834+12.3525487,56774.2328995,17.916,0.0479501212169296,W1
QSO_130.7743834+12.3525487,56965.36774100002,17.896,0.0301272782136385,W1
QSO_130.7743834+12.3525487,57132.97080222432,17.884999999999998,0.0651581230546122,W1
QSO_130.7743834+12.3525487,57326.8372198711,17.9695,0.0732601907966091,W1
QSO_130.7743834+12.3525487,57495.13468497583,17.853,0.0836026758387992,W1
QSO_130.7743834+12.3525487,57694.70915399823,17.8795,0.0499393324073949,W1
QSO_130.7743834+12.3525487,57855.872449,17.963,0.0466818604295399,W1
QSO_130.7743834+12.3525487,58058.85529999997,18.022,0.0372789677744032,W1
QSO_130.7743834+12.3525487,58216.230379000015,17.991,0.0872627603955539,W1
QSO_130.7743834+12.3525487,58425.620148000016,17.863999999999997,0.0523181764329973,W1
QSO_130.7743834+12.3525487,58580.154578,17.973,0.0445337646999118,W1
QSO_130.7743834+12.3525487,58789.57062700002,17.913,0.0476864918255644,W1
QSO_130.7743834+12.3525487,58947.099638800006,18.0925,0.0363084563152991,W1
QSO_130.7743834+12.3525487,59154.43168480003,18.021,0.0420389853094045,W1
QSO_130.7743834+12.3525487,59311.76164599998,18.09,0.0393879546206209,W1
QSO_130.7743834+12.3525487,59521.34869749996,18.016,0.0365356481804134,W1
QSO_130.7743834+12.3525487,59675.79724300003,17.994999999999997,0.094457412917125,W1
QSO_130.7743834+12.3525487,59885.340713499965,18.085,0.0633986234829559,W1
QSO_130.7743834+12.3525487,60042.731852499965,17.98,0.040014516524409,W1
QSO_130.7743834+12.3525487,60249.19475949999,17.913,0.0582079376030451,W1
QSO_130.7743834+12.3525487,60406.8534271,17.942999999999998,0.0456430646632306,W1
QSO_130.7743834+12.3525487,55312.078441,18.299,0.0821856490458699,W2
QSO_130.7743834+12.3525487,55503.370944249975,18.48,0.0740866726843934,W2
QSO_130.7743834+12.3525487,56774.2328995,18.358,0.0721626116795793,W2
QSO_130.7743834+12.3525487,56965.36774100002,18.185,0.0624025611603315,W2
QSO_130.7743834+12.3525487,57132.97080222432,18.24,0.0523864486293928,W2
QSO_130.7743834+12.3525487,57326.8372198711,18.1635,0.102825004164753,W2
QSO_130.7743834+12.3525487,57495.13468497583,18.006999999999998,0.1319402221546645,W2
QSO_130.7743834+12.3525487,57694.70915399823,18.351,0.0538192867381202,W2
QSO_130.7743834+12.3525487,57855.872449,18.226,0.0765821548814148,W2
QSO_130.7743834+12.3525487,58058.85529999997,18.155,0.089154798306049,W2
QSO_130.7743834+12.3525487,58216.230379000015,18.381500000000003,0.0815082647479519,W2
QSO_130.7743834+12.3525487,58425.620148000016,18.219,0.0817914189470594,W2
QSO_130.7743834+12.3525487,58580.154578,18.35,0.0765997236019675,W2
QSO_130.7743834+12.3525487,58789.57062700002,18.098,0.1095560880954037,W2
QSO_130.7743834+12.3525487,58947.099638800006,18.2705,0.0879556933916163,W2
QSO_130.7743834+12.3525487,59154.43168480003,18.151,0.0547509027906855,W2
QSO_130.7743834+12.3525487,59311.76164599998,18.219,0.0702863200906535,W2
QSO_130.7743834+12.3525487,59521.34869749996,18.2585,0.0773551064894879,W2
QSO_130.7743834+12.3525487,59675.79724300003,18.546,0.0885634919771944,W2
QSO_130.7743834+12.3525487,59885.340713499965,18.186,0.0482226773603144,W2
QSO_130.7743834+12.3525487,60042.731852499965,18.265,0.0815167634278961,W2
QSO_130.7743834+12.3525487,60249.19475949999,18.2135,0.0965062485023638,W2
QSO_130.7743834+12.3525487,60406.8534271,18.2675,0.0563416948100967,W2
QSO_130.7706051+12.1951767,55312.14450600004,17.838,0.0496638220514248,W1
QSO_130.7706051+12.1951767,55503.337929999965,17.886,0.0494440770398241,W1
QSO_130.7706051+12.1951767,56774.26565824997,18.0375,0.0604095781282208,W1
QSO_130.7706051+12.1951767,56965.36774100002,17.965,0.0443010498779146,W1
QSO_130.7706051+12.1951767,57132.90521172017,17.8335,0.0388845930166956,W1
QSO_130.7706051+12.1951767,57326.968309629454,17.874000000000002,0.0418227037140519,W1
QSO_130.7706051+12.1951767,57495.20032708,17.880000000000003,0.0403755804911832,W1
QSO_130.7706051+12.1951767,57694.74209400027,17.86,0.0677539079025196,W1
QSO_130.7706051+12.1951767,57855.872449,18.079,0.0599431360894423,W1
QSO_130.7706051+12.1951767,58058.88814999998,17.84,0.0469036887517233,W1
QSO_130.7706051+12.1951767,58216.230379000015,17.971,0.0511549197065658,W1
QSO_130.7706051+12.1951767,58425.65299799993,17.9385,0.0518989884294481,W1
QSO_130.7706051+12.1951767,58580.154578,17.846,0.0825435977509883,W1
QSO_130.7706051+12.1951767,58789.66848349997,17.8925,0.0399589126362827,W1
QSO_130.7706051+12.1951767,58947.1323592,17.817999999999998,0.0587112661450221,W1
QSO_130.7706051+12.1951767,59154.43168480003,17.914,0.0627386383283358,W1
QSO_130.7706051+12.1951767,59311.82690799996,17.881,0.0586687142483558,W1
QSO_130.7706051+12.1951767,59521.47925800004,17.9775,0.0352423159473569,W1
QSO_130.7706051+12.1951767,59675.82981925002,17.950499999999998,0.0418887415264133,W1
QSO_130.7706051+12.1951767,59885.37354525,17.9225,0.0342978089544227,W1
QSO_130.7706051+12.1951767,60042.73170650002,17.866,0.0474329927941454,W1
QSO_130.7706051+12.1951767,60249.25940099998,17.91,0.040477838608075,W1
QSO_130.7706051+12.1951767,60406.9183006,17.911,0.0508186327394652,W1
QSO_130.7706051+12.1951767,55312.14450600004,18.451,0.0824132431655672,W2
QSO_130.7706051+12.1951767,55503.337929999965,18.431,0.0707038139089908,W2
QSO_130.7706051+12.1951767,56774.26565824997,18.0675,0.1081815897726631,W2
QSO_130.7706051+12.1951767,56965.36774100002,18.078,0.0668683737948998,W2
QSO_130.7706051+12.1951767,57132.90521172017,18.2705,0.0504222219161646,W2
QSO_130.7706051+12.1951767,57326.968309629454,18.038,0.0984081671028261,W2
QSO_130.7706051+12.1951767,57495.20032708,18.057,0.1274143707554214,W2
QSO_130.7706051+12.1951767,57694.74209400027,18.105,0.0748372338495212,W2
QSO_130.7706051+12.1951767,57855.872449,17.983999999999998,0.0860261784628182,W2
QSO_130.7706051+12.1951767,58058.88814999998,18.09,0.0525361152235087,W2
QSO_130.7706051+12.1951767,58216.230379000015,18.2275,0.0793340737302052,W2
QSO_130.7706051+12.1951767,58425.65299799993,18.246,0.0755715819604168,W2
QSO_130.7706051+12.1951767,58580.154578,18.532,0.0837962359896944,W2
QSO_130.7706051+12.1951767,58789.66848349997,18.3045,0.0585171904150745,W2
QSO_130.7706051+12.1951767,58947.1323592,18.186,0.066938762285529,W2
QSO_130.7706051+12.1951767,59154.43168480003,18.116,0.0783611339747337,W2
QSO_130.7706051+12.1951767,59311.82690799996,18.252,0.099285743705128,W2
QSO_130.7706051+12.1951767,59521.47925800004,18.221,0.0987126951336835,W2
QSO_130.7706051+12.1951767,59675.82981925002,18.356,0.0683703617493775,W2
QSO_130.7706051+12.1951767,59885.37354525,18.305,0.0601067482114575,W2
QSO_130.7706051+12.1951767,60042.73170650002,18.36,0.0873703482943836,W2
QSO_130.7706051+12.1951767,60249.25940099998,18.17,0.1181819526700245,W2
QSO_130.7706051+12.1951767,60406.9183006,18.397,0.0918189346176488,W2
QSO_130.5572425+12.2531894,55311.91322375002,17.732,0.0230144819041144,W1
QSO_130.5572425+12.2531894,55503.13966200004,17.829,0.0369632129751802,W1
QSO_130.5572425+12.2531894,56774.10131700002,17.887,0.0396313212351036,W1
QSO_130.5572425+12.2531894,56965.20347274996,17.7415,0.0486118174551856,W1
QSO_130.5572425+12.2531894,57132.642813203456,17.743000000000002,0.0392834368542103,W1
QSO_130.5572425+12.2531894,57326.77168411695,17.782,0.0510582120240137,W1
QSO_130.5572425+12.2531894,57495.06902457168,17.692,0.05727564927611,W1
QSO_130.5572425+12.2531894,57694.47948898371,17.6405,0.0764233571226029,W1
QSO_130.5572425+12.2531894,57855.67611550002,17.72,0.0531093374994579,W1
QSO_130.5572425+12.2531894,58058.69178000006,17.7885,0.0389083538587794,W1
QSO_130.5572425+12.2531894,58216.000940000005,17.747999999999998,0.0455322440981905,W1
QSO_130.5572425+12.2531894,58425.42407,17.792,0.038410570170546,W1
QSO_130.5572425+12.2531894,58580.02427300004,17.743000000000002,0.0247908502069353,W1
QSO_130.5572425+12.2531894,58789.407216500025,17.7495,0.0581295796682499,W1
QSO_130.5572425+12.2531894,58947.0013312,17.78,0.0403904813998362,W1
QSO_130.5572425+12.2531894,59154.20231259999,17.7025,0.0364600237703342,W1
QSO_130.5572425+12.2531894,59311.59830849995,17.769,0.0469752385029328,W1
QSO_130.5572425+12.2531894,59521.217625999976,17.7235,0.0405293889139813,W1
QSO_130.5572425+12.2531894,59675.60147524997,17.796999999999997,0.0425572055090643,W1
QSO_130.5572425+12.2531894,59885.145767000016,17.7425,0.0133444234181787,W1
QSO_130.5572425+12.2531894,60042.53690600001,17.79,0.0455931275878908,W1
QSO_130.5572425+12.2531894,60249.06547650001,17.656,0.1108141587423633,W1
QSO_130.5572425+12.2531894,60406.66067320001,17.747999999999998,0.05193031220125,W1
QSO_130.5572425+12.2531894,55311.91322375002,18.279,0.0687037212714925,W2
QSO_130.5572425+12.2531894,55503.13966200004,18.1185,0.0402404026758324,W2
QSO_130.5572425+12.2531894,56774.10131700002,18.032,0.0885819498160214,W2
QSO_130.5572425+12.2531894,56965.20347274996,18.0545,0.049562717469515,W2
QSO_130.5572425+12.2531894,57132.642813203456,18.154,0.0828868450275054,W2
QSO_130.5572425+12.2531894,57326.77168411695,17.863,0.0718265705809948,W2
QSO_130.5572425+12.2531894,57495.06902457168,17.749499999999998,0.0328804653251744,W2
QSO_130.5572425+12.2531894,57694.47948898371,18.093,0.0868784638264965,W2
QSO_130.5572425+12.2531894,57855.67611550002,18.241,0.060123284053594,W2
QSO_130.5572425+12.2531894,58058.69178000006,18.348,0.0724656125344979,W2
QSO_130.5572425+12.2531894,58216.000940000005,18.233,0.069902689368028,W2
QSO_130.5572425+12.2531894,58425.42407,18.214,0.0522418521825082,W2
QSO_130.5572425+12.2531894,58580.02427300004,18.034,0.0889092042986118,W2
QSO_130.5572425+12.2531894,58789.407216500025,18.000999999999998,0.0883353347519595,W2
QSO_130.5572425+12.2531894,58947.0013312,17.94,0.0682342413878082,W2
QSO_130.5572425+12.2531894,59154.20231259999,18.193,0.0809494119290972,W2
QSO_130.5572425+12.2531894,59311.59830849995,18.326,0.0688761426940229,W2
QSO_130.5572425+12.2531894,59521.217625999976,17.958,0.0992381278467027,W2
QSO_130.5572425+12.2531894,59675.60147524997,18.0355,0.0739795861482523,W2
QSO_130.5572425+12.2531894,59885.145767000016,17.948,0.0466215319640472,W2
QSO_130.5572425+12.2531894,60042.53690600001,18.09,0.0545525477481591,W2
QSO_130.5572425+12.2531894,60249.06547650001,18.078,0.09762776089933,W2
QSO_130.5572425+12.2531894,60406.66067320001,18.165,0.0624006468016334,W2
QSO_130.6783387+12.5032182,55311.97932525001,18.466,0.0695343727950428,W1
QSO_130.6783387+12.5032182,55503.17267624996,18.84,0.0717259888523806,W1
QSO_130.6783387+12.5032182,56774.0684305,18.348,0.0848528137423851,W1
QSO_130.6783387+12.5032182,56965.20347274996,18.5385,0.0714067355016315,W1
QSO_130.6783387+12.5032182,57132.87243471811,18.325000000000003,0.1265721138323922,W1
QSO_130.6783387+12.5032182,57326.90277387531,18.637500000000003,0.028637824638055,W1
QSO_130.6783387+12.5032182,57495.06902457168,18.0555,0.1460175503150221,W1
QSO_130.6783387+12.5032182,57694.61066339196,18.366,0.0551213344906944,W1
QSO_130.6783387+12.5032182,57855.87250375,18.478,0.0558338774849107,W1
QSO_130.6783387+12.5032182,58058.69172524997,18.837000000000003,0.2071822868876591,W1
QSO_130.6783387+12.5032182,58216.328491,18.188,0.1397783960417348,W1
QSO_130.6783387+12.5032182,58425.52203599995,18.518,0.1852619766708757,W1
QSO_130.6783387+12.5032182,58580.154687500006,18.444,0.0290070234151562,W1
QSO_130.6783387+12.5032182,58789.11302650002,18.441000000000003,0.0,W1
QSO_130.6783387+12.5032182,58947.066918400014,18.312,0.0731220349826231,W1
QSO_130.6783387+12.5032182,59154.10400499998,18.522,0.0432281389837685,W1
QSO_130.6783387+12.5032182,59311.89226124997,18.439,0.083519739433262,W1
QSO_130.6783387+12.5032182,59521.38121900003,18.418,0.0244965303665641,W1
QSO_130.6783387+12.5032182,59675.66682849998,18.486,0.0839263345418456,W1
QSO_130.6783387+12.5032182,59885.01527949999,18.4575,0.1344556153531712,W1
QSO_130.6783387+12.5032182,60042.40711200004,18.281,0.1247619813885622,W1
QSO_130.6783387+12.5032182,60249.51791225002,18.121,0.2687005768508886,W1
QSO_130.6783387+12.5032182,60406.72512579996,18.441000000000003,0.1472083431613041,W1
QSO_130.6783387+12.5032182,55311.97932525001,18.52,0.0633787030476324,W2
QSO_130.6783387+12.5032182,55503.17267624996,18.4575,0.0642200895935796,W2
QSO_130.6783387+12.5032182,56774.0684305,17.975499999999997,0.0222738636073758,W2
QSO_130.6783387+12.5032182,56965.20347274996,18.062,0.0340036762718386,W2
QSO_130.6783387+12.5032182,57132.87243471811,18.5055,0.1318754146912915,W2
QSO_130.6783387+12.5032182,57326.90277387531,17.8885,0.0724784450716217,W2
QSO_130.6783387+12.5032182,57495.06902457168,17.8435,0.1325825214724776,W2
QSO_130.6783387+12.5032182,57694.61066339196,18.005,0.0940395053763499,W2
QSO_130.6783387+12.5032182,57855.87250375,17.990000000000002,0.0585336441715356,W2
QSO_130.6783387+12.5032182,58058.69172524997,18.212,0.2142533546995244,W2
QSO_130.6783387+12.5032182,58216.328491,18.367,0.1969773440629003,W2
QSO_130.6783387+12.5032182,58425.52203599995,18.141,0.0961665222413711,W2
QSO_130.6783387+12.5032182,58580.154687500006,18.372,0.1406408612454145,W2
QSO_130.6783387+12.5032182,58789.11302650002,17.923,0.0,W2
QSO_130.6783387+12.5032182,58947.066918400014,18.415,0.1506826068264023,W2
QSO_130.6783387+12.5032182,59154.10400499998,18.018,0.1243857226533654,W2
QSO_130.6783387+12.5032182,59311.89226124997,18.444,0.1054812631465893,W2
QSO_130.6783387+12.5032182,59521.38121900003,17.841,0.1477946142455805,W2
QSO_130.6783387+12.5032182,59675.66682849998,18.394,0.0340500720617061,W2
QSO_130.6783387+12.5032182,59885.01527949999,18.022,0.0386053752733997,W2
QSO_130.6783387+12.5032182,60042.40711200004,18.287,0.1429549299604598,W2
QSO_130.6783387+12.5032182,60249.51791225002,18.469,0.0537401153701779,W2
QSO_130.6783387+12.5032182,60406.72512579996,18.389,0.0591276083912927,W2
QSO_130.6513058+12.370727,55311.946238000026,17.756999999999998,0.0354439060111655,W1
QSO_130.6513058+12.370727,55503.238777750026,17.878999999999998,0.0372468927364218,W1
QSO_130.6513058+12.370727,56774.23275349997,17.832,0.0382212255776932,W1
QSO_130.6513058+12.370727,56965.23630449999,17.828,0.0553531249775325,W1
QSO_130.6513058+12.370727,57132.80678946395,17.777,0.042344389626401,W1
QSO_130.6513058+12.370727,57326.80446111909,17.829,0.0305797816682033,W1
QSO_130.6513058+12.370727,57495.13468497583,18.067,0.0514810285085318,W1
QSO_130.6513058+12.370727,57694.61077319197,17.86,0.0430972377400969,W1
QSO_130.6513058+12.370727,57855.74163299996,17.863,0.0487895248083982,W1
QSO_130.6513058+12.370727,58058.75718799999,17.834,0.0460416007541005,W1
QSO_130.6513058+12.370727,58216.06634800002,17.794,0.0315421415084992,W1
QSO_130.6513058+12.370727,58425.52218200007,17.9115,0.0434474510184428,W1
QSO_130.6513058+12.370727,58579.9916785,17.851999999999997,0.0508050095955112,W1
QSO_130.6513058+12.370727,58789.47262449996,17.869500000000002,0.0653194961253842,W1
QSO_130.6513058+12.370727,58947.03412480005,17.8075,0.0518907773865239,W1
QSO_130.6513058+12.370727,59154.36609760001,17.963,0.035649599524965,W1
QSO_130.6513058+12.370727,59311.69572699997,17.916,0.0459502720135771,W1
QSO_130.6513058+12.370727,59521.25025699996,17.904,0.0360590473118183,W1
QSO_130.6513058+12.370727,59675.66668250003,17.9,0.0508773070794573,W1
QSO_130.6513058+12.370727,59885.21066400004,17.872500000000002,0.0312777064676265,W1
QSO_130.6513058+12.370727,60042.56946399995,17.7685,0.074769367613571,W1
QSO_130.6513058+12.370727,60249.09779725005,17.863500000000002,0.040946355149146,W1
QSO_130.6513058+12.370727,60406.69289949998,17.832,0.0323939174724643,W1
QSO_130.6513058+12.370727,55311.946238000026,18.36,0.0953819007318875,W2
QSO_130.6513058+12.370727,55503.238777750026,18.493,0.0736458736052065,W2
QSO_130.6513058+12.370727,56774.23275349997,18.271,0.089407792165753,W2
QSO_130.6513058+12.370727,56965.23630449999,18.22,0.092215415984281,W2
QSO_130.6513058+12.370727,57132.80678946395,18.18,0.0880909986438663,W2
QSO_130.6513058+12.370727,57326.80446111909,17.973,0.0965216843350497,W2
QSO_130.6513058+12.370727,57495.13468497583,18.06,0.1514001321003394,W2
QSO_130.6513058+12.370727,57694.61077319197,17.976,0.0781058058314682,W2
QSO_130.6513058+12.370727,57855.74163299996,18.208,0.0793000748945862,W2
QSO_130.6513058+12.370727,58058.75718799999,18.286,0.0752805486164919,W2
QSO_130.6513058+12.370727,58216.06634800002,18.3725,0.0747162259691757,W2
QSO_130.6513058+12.370727,58425.52218200007,18.05,0.0988123676469702,W2
QSO_130.6513058+12.370727,58579.9916785,18.22,0.0983050812521916,W2
QSO_130.6513058+12.370727,58789.47262449996,18.3265,0.0944876045172457,W2
QSO_130.6513058+12.370727,58947.03412480005,18.401,0.081070567540238,W2
QSO_130.6513058+12.370727,59154.36609760001,18.319,0.0581216685656068,W2
QSO_130.6513058+12.370727,59311.69572699997,18.335,0.0642024643120615,W2
QSO_130.6513058+12.370727,59521.25025699996,18.052,0.084489206621337,W2
QSO_130.6513058+12.370727,59675.66668250003,18.121,0.0709543402986218,W2
QSO_130.6513058+12.370727,59885.21066400004,18.182,0.1159084953611038,W2
QSO_130.6513058+12.370727,60042.56946399995,18.4225,0.0674071892802737,W2
QSO_130.6513058+12.370727,60249.09779725005,18.179,0.0852007335649172,W2
QSO_130.6513058+12.370727,60406.69289949998,18.21,0.0946317684376295,W2
QSO_130.4764364+12.2519501,55311.84704924998,18.009,0.0339360575199889,W1
QSO_130.4764364+12.2519501,55503.10662949998,18.0655,0.0674064982030664,W1
QSO_130.4764364+12.2519501,56774.03554399996,18.055,0.0269761003943649,W1
QSO_130.4764364+12.2519501,56965.10497749996,18.003999999999998,0.0564346010664633,W1
QSO_130.4764364+12.2519501,57132.60990845141,18.068,0.0433452974936707,W1
QSO_130.4764364+12.2519501,57326.73892536487,17.9575,0.0408837498280183,W1
QSO_130.4764364+12.2519501,57495.003364167525,18.089,0.0476313000110298,W1
QSO_130.4764364+12.2519501,57694.47948898371,18.075,0.0512698991072767,W1
QSO_130.4764364+12.2519501,57855.64341149997,18.055,0.0512093108576802,W1
QSO_130.4764364+12.2519501,58058.65907600001,18.193,0.0528579031590467,W1
QSO_130.4764364+12.2519501,58215.96823600004,17.970999999999997,0.0412970480852512,W1
QSO_130.4764364+12.2519501,58425.39136600003,18.091,0.0602414807254933,W1
QSO_130.4764364+12.2519501,58579.89309199996,18.134,0.0327886935122295,W1
QSO_130.4764364+12.2519501,58789.37451249997,17.933,0.0466969223233215,W1
QSO_130.4764364+12.2519501,58947.0013312,18.135,0.0522115560150973,W1
QSO_130.4764364+12.2519501,59154.13679860003,18.130000000000003,0.0446370328211236,W1
QSO_130.4764364+12.2519501,59311.53290050002,18.0685,0.0326855319675233,W1
QSO_130.4764364+12.2519501,59521.18492200001,17.9565,0.0690451576600148,W1
QSO_130.4764364+12.2519501,59675.53626799998,18.043,0.0853447509892227,W1
QSO_130.4764364+12.2519501,59885.11326375,17.985,0.0483284480289705,W1
QSO_130.4764364+12.2519501,60042.47200899998,18.106,0.0474414571079574,W1
QSO_130.4764364+12.2519501,60249.000944500025,17.975,0.046471047965801,W1
QSO_130.4764364+12.2519501,60406.596257200006,18.071,0.0459664072289613,W1
QSO_130.4764364+12.2519501,55311.84704924998,18.215,0.0720049720505466,W2
QSO_130.4764364+12.2519501,55503.10662949998,18.5515,0.0620010403138528,W2
QSO_130.4764364+12.2519501,56774.03554399996,18.153,0.054350118554858,W2
QSO_130.4764364+12.2519501,56965.10497749996,18.075,0.0821713723308004,W2
QSO_130.4764364+12.2519501,57132.60990845141,18.263,0.0698006558390074,W2
QSO_130.4764364+12.2519501,57326.73892536487,17.902,0.0871260523609329,W2
QSO_130.4764364+12.2519501,57495.003364167525,18.214,0.0987705909146525,W2
QSO_130.4764364+12.2519501,57694.47948898371,18.158,0.0817718142259494,W2
QSO_130.4764364+12.2519501,57855.64341149997,18.2825,0.0700721354510242,W2
QSO_130.4764364+12.2519501,58058.65907600001,18.042,0.0790219990482636,W2
QSO_130.4764364+12.2519501,58215.96823600004,18.169,0.1080447090028868,W2
QSO_130.4764364+12.2519501,58425.39136600003,18.191,0.075548421558627,W2
QSO_130.4764364+12.2519501,58579.89309199996,18.314,0.1145768617574587,W2
QSO_130.4764364+12.2519501,58789.37451249997,18.109,0.0877602687059231,W2
QSO_130.4764364+12.2519501,58947.0013312,18.191,0.0314893038737329,W2
QSO_130.4764364+12.2519501,59154.13679860003,18.1065,0.0803952475792776,W2
QSO_130.4764364+12.2519501,59311.53290050002,18.3475,0.0775320836815315,W2
QSO_130.4764364+12.2519501,59521.18492200001,18.027,0.0584462547908253,W2
QSO_130.4764364+12.2519501,59675.53626799998,18.147,0.075498782213374,W2
QSO_130.4764364+12.2519501,59885.11326375,18.301,0.0549300059671902,W2
QSO_130.4764364+12.2519501,60042.47200899998,18.185,0.0628917110521845,W2
QSO_130.4764364+12.2519501,60249.000944500025,18.09,0.0779494049968889,W2
QSO_130.4764364+12.2519501,60406.596257200006,18.264,0.0760124846402687,W2
QSO_130.691844+12.3324527,55311.97932525001,18.34,0.0701982765629428,W1
QSO_130.691844+12.3324527,55503.27186500001,18.221,0.1262540282104651,W1
QSO_130.691844+12.3324527,56774.2328995,18.113,0.0876495473387519,W1
QSO_130.691844+12.3324527,56965.49921399999,18.468,0.092117924422992,W1
QSO_130.691844+12.3324527,57132.80684421388,18.163,0.1371943762513612,W1
QSO_130.691844+12.3324527,57495.265969184176,18.576,0.0,W1
QSO_130.691844+12.3324527,57694.74194760031,18.088,0.4644758894193029,W1
QSO_130.691844+12.3324527,57855.67611550002,17.987000000000002,0.1278526350776405,W1
QSO_130.691844+12.3324527,58058.46285200004,18.332,0.0,W1
QSO_130.691844+12.3324527,58215.73938099999,18.2815,0.0597505230102634,W1
QSO_130.691844+12.3324527,58425.22784600003,18.208,0.0823007132861399,W1
QSO_130.691844+12.3324527,58579.76282350003,18.3075,0.0986413959755233,W1
QSO_130.691844+12.3324527,58789.8319305,18.1355,0.0385373195746674,W1
QSO_130.691844+12.3324527,58947.066918400014,18.179,0.2177329318904921,W1
QSO_130.691844+12.3324527,59154.49719879999,18.1465,0.0010606601717798,W1
QSO_130.691844+12.3324527,59311.69578174997,18.3685,0.0623393119533317,W1
QSO_130.691844+12.3324527,59520.98946449998,18.329,0.1951614716074869,W1
QSO_130.691844+12.3324527,59675.568826,18.035,0.1554117012164788,W1
QSO_130.691844+12.3324527,59885.11319075002,18.13,0.0098994949366112,W1
QSO_130.691844+12.3324527,60042.73179774996,18.679,0.0494974746830572,W1
QSO_130.691844+12.3324527,60406.78957839999,18.228,0.1445378330582865,W1
QSO_130.691844+12.3324527,55311.97932525001,18.366,0.0677819685065993,W2
QSO_130.691844+12.3324527,55503.27186500001,18.409,0.0635090698516243,W2
QSO_130.691844+12.3324527,56774.2328995,18.164,0.1246381584986549,W2
QSO_130.691844+12.3324527,56965.49921399999,18.243,0.123431406052107,W2
QSO_130.691844+12.3324527,57132.80684421388,18.3575,0.1031845282733798,W2
QSO_130.691844+12.3324527,57495.265969184176,17.829,0.0,W2
QSO_130.691844+12.3324527,57694.74194760031,17.966,0.1936508886286526,W2
QSO_130.691844+12.3324527,57855.67611550002,18.18,0.0932265261885545,W2
QSO_130.691844+12.3324527,58058.46285200004,18.648,0.0,W2
QSO_130.691844+12.3324527,58215.73938099999,18.287,0.3613315651863252,W2
QSO_130.691844+12.3324527,58425.22784600003,18.141,0.1011493212294833,W2
QSO_130.691844+12.3324527,58579.76282350003,18.5705,0.1474317638773957,W2
QSO_130.691844+12.3324527,58789.8319305,18.068,0.1824335495461299,W2
QSO_130.691844+12.3324527,58947.066918400014,18.189,0.1427914822648999,W2
QSO_130.691844+12.3324527,59154.49719879999,18.1075,0.154502831689261,W2
QSO_130.691844+12.3324527,59311.69578174997,18.0175,0.0409401098263376,W2
QSO_130.691844+12.3324527,59520.98946449998,18.4885,0.0109601551083923,W2
QSO_130.691844+12.3324527,59675.568826,17.7325,0.1731576232800625,W2
QSO_130.691844+12.3324527,59885.11319075002,18.037,0.1230365799264589,W2
QSO_130.691844+12.3324527,60042.73179774996,18.0535,0.0894490078200982,W2
QSO_130.691844+12.3324527,60406.78957839999,17.605,0.2892359026943364,W2
QSO_130.596801+12.2692848,55311.91322375002,18.2525,0.0420734036690199,W1
QSO_130.596801+12.2692848,55503.13966200004,18.229,0.0676243991017242,W1
QSO_130.596801+12.2692848,56774.16698049999,18.133,0.0610426068392975,W1
QSO_130.596801+12.2692848,56965.20347274996,18.15,0.0816939863601197,W1
QSO_130.596801+12.2692848,57132.708403707606,18.239,0.0624767456738902,W1
QSO_130.596801+12.2692848,57326.80446111909,18.262,0.0928699948180252,W1
QSO_130.596801+12.2692848,57495.06902457168,18.4235,0.1509672977833277,W1
QSO_130.596801+12.2692848,57694.61077319197,18.155,0.0593707043999534,W1
QSO_130.596801+12.2692848,57855.70887424999,18.196,0.0581995887410697,W1
QSO_130.596801+12.2692848,58058.78989199996,18.244,0.0547308968899666,W1
QSO_130.596801+12.2692848,58216.06634800002,18.303,0.1172245144023192,W1
QSO_130.596801+12.2692848,58425.554886000034,18.209,0.0431738659803225,W1
QSO_130.596801+12.2692848,58580.089680999976,18.207,0.0632628159910608,W1
QSO_130.596801+12.2692848,58789.43992049999,18.088,0.0693468942025322,W1
QSO_130.596801+12.2692848,58947.03412480005,18.3335,0.082899286285629,W1
QSO_130.596801+12.2692848,59154.23503299998,18.171,0.1050520031502985,W1
QSO_130.596801+12.2692848,59311.69572699997,18.328,0.044361294417786,W1
QSO_130.596801+12.2692848,59521.34869749996,18.2965,0.0775954637849403,W1
QSO_130.596801+12.2692848,59675.63410624996,18.1855,0.060814418672865,W1
QSO_130.596801+12.2692848,59885.27556099999,18.229,0.0723339496664491,W1
QSO_130.596801+12.2692848,60042.53696075001,18.133,0.0464899929494988,W1
QSO_130.596801+12.2692848,60249.06547650001,18.133,0.0852896943457483,W1
QSO_130.596801+12.2692848,60406.75727889996,18.243,0.0929185973890089,W1
QSO_130.596801+12.2692848,55311.91322375002,18.2825,0.0713714851245852,W2
QSO_130.596801+12.2692848,55503.13966200004,18.296,0.0856812624661374,W2
QSO_130.596801+12.2692848,56774.16698049999,18.167,0.0970994053298061,W2
QSO_130.596801+12.2692848,56965.20347274996,18.2385,0.0568535063171617,W2
QSO_130.596801+12.2692848,57132.708403707606,18.3385,0.1256451787276377,W2
QSO_130.596801+12.2692848,57326.80446111909,18.0575,0.103334408596556,W2
QSO_130.596801+12.2692848,57495.06902457168,17.895,0.0311126983722084,W2
QSO_130.596801+12.2692848,57694.61077319197,18.045,0.0975911525592932,W2
QSO_130.596801+12.2692848,57855.70887424999,18.1595,0.0819587322760443,W2
QSO_130.596801+12.2692848,58058.78989199996,18.206,0.0589120114570394,W2
QSO_130.596801+12.2692848,58216.06634800002,18.173,0.0639068395968513,W2
QSO_130.596801+12.2692848,58425.554886000034,18.194,0.0450137995328561,W2
QSO_130.596801+12.2692848,58580.089680999976,18.194,0.1204915399398934,W2
QSO_130.596801+12.2692848,58789.43992049999,17.977,0.0855398115141088,W2
QSO_130.596801+12.2692848,58947.03412480005,18.299,0.0540752861672877,W2
QSO_130.596801+12.2692848,59154.23503299998,18.23,0.1149781346606281,W2
QSO_130.596801+12.2692848,59311.69572699997,18.212,0.0878975434925544,W2
QSO_130.596801+12.2692848,59521.34869749996,18.3495,0.0844262044628326,W2
QSO_130.596801+12.2692848,59675.63410624996,18.291,0.0658495233257023,W2
QSO_130.596801+12.2692848,59885.27556099999,18.314,0.0617333528873213,W2
QSO_130.596801+12.2692848,60042.53696075001,18.251,0.0658766163973452,W2
QSO_130.596801+12.2692848,60249.06547650001,18.337,0.1018849643144697,W2
QSO_130.596801+12.2692848,60406.75727889996,18.16,0.0828669029897409,W2
QSO_130.6808628+12.2042953,55312.04535375002,17.597,0.0327425687780478,W1
QSO_130.6808628+12.2042953,55503.30489749999,17.7575,0.0487244413057304,W1
QSO_130.6808628+12.2042953,56774.23275349997,17.618000000000002,0.035862748629933,W1
QSO_130.6808628+12.2042953,56965.23641399999,17.709,0.0475620477288376,W1
QSO_130.6808628+12.2042953,57132.74123545976,17.619,0.0353700638975722,W1
QSO_130.6808628+12.2042953,57326.90277387531,17.7005,0.0610480727582781,W1
QSO_130.6808628+12.2042953,57495.13468497583,17.652,0.0477082180978712,W1
QSO_130.6808628+12.2042953,57694.676360396144,17.598,0.0387243819974172,W1
QSO_130.6808628+12.2042953,57855.74155999999,17.639499999999998,0.0301504234200352,W1
QSO_130.6808628+12.2042953,58058.85529999997,17.649,0.0329180847031827,W1
QSO_130.6808628+12.2042953,58216.16471549996,17.67,0.0438875351408658,W1
QSO_130.6808628+12.2042953,58425.58759,17.6685,0.0461618890428022,W1
QSO_130.6808628+12.2042953,58580.089680999976,17.567999999999998,0.0501268413666215,W1
QSO_130.6808628+12.2042953,58789.50532850001,17.598,0.0379014301473262,W1
QSO_130.6808628+12.2042953,58947.16515279997,17.624000000000002,0.0331431030197502,W1
QSO_130.6808628+12.2042953,59154.36609760001,17.666,0.0437844251166428,W1
QSO_130.6808628+12.2042953,59311.7286135,17.674500000000002,0.0442384448189581,W1
QSO_130.6808628+12.2042953,59521.34869749996,17.6625,0.011756742746186,W1
QSO_130.6808628+12.2042953,59675.69933175,17.7215,0.0306255290959585,W1
QSO_130.6808628+12.2042953,59885.210736999936,17.689,0.0307453982554934,W1
QSO_130.6808628+12.2042953,60042.56946399995,17.7335,0.0326355021410733,W1
QSO_130.6808628+12.2042953,60249.19475949999,17.7055,0.0562768957921454,W1
QSO_130.6808628+12.2042953,60406.75727889996,17.616,0.0305992143901815,W1
QSO_130.6808628+12.2042953,55312.04535375002,18.233,0.0688688198813645,W2
QSO_130.6808628+12.2042953,55503.30489749999,18.3925,0.0600715237276613,W2
QSO_130.6808628+12.2042953,56774.23275349997,18.401,0.0899673452738679,W2
QSO_130.6808628+12.2042953,56965.23641399999,18.085,0.0666850217487094,W2
QSO_130.6808628+12.2042953,57132.74123545976,18.093,0.0738570997804789,W2
QSO_130.6808628+12.2042953,57326.90277387531,18.0655,0.0688956270156167,W2
QSO_130.6808628+12.2042953,57495.13468497583,17.823999999999998,0.0788768378901914,W2
QSO_130.6808628+12.2042953,57694.676360396144,18.111,0.0997970894031653,W2
QSO_130.6808628+12.2042953,57855.74155999999,18.2745,0.0763052281775124,W2
QSO_130.6808628+12.2042953,58058.85529999997,18.203,0.0986403662972753,W2
QSO_130.6808628+12.2042953,58216.16471549996,18.3215,0.0707467567310541,W2
QSO_130.6808628+12.2042953,58425.58759,18.109,0.0697373716166591,W2
QSO_130.6808628+12.2042953,58580.089680999976,18.233,0.0675306425146189,W2
QSO_130.6808628+12.2042953,58789.50532850001,18.016,0.0664910471707981,W2
QSO_130.6808628+12.2042953,58947.16515279997,18.3115,0.1067962185269998,W2
QSO_130.6808628+12.2042953,59154.36609760001,18.231,0.0739130400579531,W2
QSO_130.6808628+12.2042953,59311.7286135,18.293,0.0669673353210355,W2
QSO_130.6808628+12.2042953,59521.34869749996,17.96,0.0945954597219127,W2
QSO_130.6808628+12.2042953,59675.69933175,18.359,0.084505954617061,W2
QSO_130.6808628+12.2042953,59885.210736999936,18.148,0.0784181131050917,W2
QSO_130.6808628+12.2042953,60042.56946399995,18.2135,0.0653357788657946,W2
QSO_130.6808628+12.2042953,60249.19475949999,18.3215,0.080671531533745,W2
QSO_130.6808628+12.2042953,60406.75727889996,18.268,0.0540674037061012,W2
QSO_130.7596457+12.2306341,55312.078441,17.808,0.0576619565133595,W1
QSO_130.7596457+12.2306341,55503.30489749999,17.835,0.0477602277198492,W1
QSO_130.7596457+12.2306341,56774.23275349997,17.828,0.0394437087604775,W1
QSO_130.7596457+12.2306341,56965.33490924999,17.835,0.033449061258488,W1
QSO_130.7596457+12.2306341,57132.93797047226,17.92,0.0354387970957577,W1
QSO_130.7596457+12.2306341,57326.93553262739,17.8125,0.0411699981782852,W1
QSO_130.7596457+12.2306341,57495.20032708,17.894,0.0393914648115552,W1
QSO_130.7596457+12.2306341,57694.742020800295,17.907,0.0715337268291963,W1
QSO_130.7596457+12.2306341,57855.872449,17.904,0.0428812067964343,W1
QSO_130.7596457+12.2306341,58058.85544600001,17.828,0.0346587311998675,W1
QSO_130.7596457+12.2306341,58216.230379000015,17.8795,0.0473844805817264,W1
QSO_130.7596457+12.2306341,58425.62029399997,17.872,0.0411440452167675,W1
QSO_130.7596457+12.2306341,58580.18728199997,17.834,0.0375453273191024,W1
QSO_130.7596457+12.2306341,58789.60338575007,17.895,0.0390137898921556,W1
QSO_130.7596457+12.2306341,58947.16515279997,17.8965,0.058102175925022,W1
QSO_130.7596457+12.2306341,59154.46440520002,17.8275,0.0511228422527541,W1
QSO_130.7596457+12.2306341,59311.79427699997,17.8,0.0286774356734421,W1
QSO_130.7596457+12.2306341,59521.47925800004,17.796499999999998,0.0447344274580555,W1
QSO_130.7596457+12.2306341,59675.79724300003,17.863999999999997,0.043655883225416,W1
QSO_130.7596457+12.2306341,59885.37354525,17.880499999999998,0.0511166215628537,W1
QSO_130.7596457+12.2306341,60042.73170650002,17.831,0.0530627628825878,W1
QSO_130.7596457+12.2306341,60249.291721749934,17.8215,0.0446116128379147,W1
QSO_130.7596457+12.2306341,60406.8533722,17.8435,0.0364325568219031,W1
QSO_130.7596457+12.2306341,55312.078441,18.423,0.0846853879335109,W2
QSO_130.7596457+12.2306341,55503.30489749999,18.202,0.0720273345424937,W2
QSO_130.7596457+12.2306341,56774.23275349997,18.082,0.0672101004001084,W2
QSO_130.7596457+12.2306341,56965.33490924999,18.183,0.0875513738073571,W2
QSO_130.7596457+12.2306341,57132.93797047226,18.338,0.068788387274974,W2
QSO_130.7596457+12.2306341,57326.93553262739,17.939500000000002,0.084609027296146,W2
QSO_130.7596457+12.2306341,57495.20032708,18.262,0.1740105959417416,W2
QSO_130.7596457+12.2306341,57694.742020800295,18.125,0.0839429645431725,W2
QSO_130.7596457+12.2306341,57855.872449,18.094,0.0804151698948098,W2
QSO_130.7596457+12.2306341,58058.85544600001,18.082,0.0914383765671787,W2
QSO_130.7596457+12.2306341,58216.230379000015,18.164,0.082243960264569,W2
QSO_130.7596457+12.2306341,58425.62029399997,18.224,0.122552756238315,W2
QSO_130.7596457+12.2306341,58580.18728199997,18.1155,0.1059028946958312,W2
QSO_130.7596457+12.2306341,58789.60338575007,18.151,0.071335286023608,W2
QSO_130.7596457+12.2306341,58947.16515279997,18.262500000000003,0.0745759734109129,W2
QSO_130.7596457+12.2306341,59154.46440520002,18.256,0.1098165971062663,W2
QSO_130.7596457+12.2306341,59311.79427699997,18.211,0.0578592791223288,W2
QSO_130.7596457+12.2306341,59521.47925800004,18.244,0.0969579754326586,W2
QSO_130.7596457+12.2306341,59675.79724300003,18.265,0.0933679395929486,W2
QSO_130.7596457+12.2306341,59885.37354525,18.092,0.0672394303961596,W2
QSO_130.7596457+12.2306341,60042.73170650002,18.397,0.0842498775980385,W2
QSO_130.7596457+12.2306341,60249.291721749934,18.0205,0.0586029777400432,W2
QSO_130.7596457+12.2306341,60406.8533722,18.169,0.0824365192107861,W2
QSO_130.5372214+12.2879588,55311.88006349998,18.7405,0.0592343410319342,W1
QSO_130.5372214+12.2879588,55503.10662949998,18.819000000000003,0.0646989774439416,W1
QSO_130.5372214+12.2879588,57132.21632892648,18.881,0.0,W1
QSO_130.5372214+12.2879588,55311.88006349998,18.2425,0.053159861984989,W2
QSO_130.5372214+12.2879588,55503.10662949998,18.3625,0.0560139795040868,W2
QSO_130.5372214+12.2879588,57132.21632892648,18.134,0.0,W2
QSO_130.779671+12.4257816,55312.078441,18.422,0.0656985923274554,W1
QSO_130.779671+12.4257816,55503.27186500001,18.382,0.0623690453765894,W1
QSO_130.779671+12.4257816,56774.2328995,18.299,0.0585913787336355,W1
QSO_130.779671+12.4257816,56965.30207749996,18.453,0.0815813007993881,W1
QSO_130.779671+12.4257816,57132.93797047226,18.172,0.059321799389389,W1
QSO_130.779671+12.4257816,57326.90275562525,18.577,0.0652748037147568,W1
QSO_130.779671+12.4257816,57495.13468497583,18.003,0.0327244387100664,W1
QSO_130.779671+12.4257816,57694.74194760031,18.429,0.1003216165480149,W1
QSO_130.779671+12.4257816,57855.90515300004,18.2375,0.0368901255858628,W1
QSO_130.779671+12.4257816,58058.92070799999,18.38,0.0665287428774247,W1
QSO_130.779671+12.4257816,58216.13175600004,18.311,0.0591732449474839,W1
QSO_130.779671+12.4257816,58425.55481300006,18.264,0.062854932001012,W1
QSO_130.779671+12.4257816,58580.08979049997,18.28,0.0581007553280154,W1
QSO_130.779671+12.4257816,58789.53797774998,18.334,0.0584249604193277,W1
QSO_130.779671+12.4257816,58947.13250560004,18.301,0.0603803745587569,W1
QSO_130.779671+12.4257816,59154.39881800001,18.4015,0.0539512972675527,W1
QSO_130.779671+12.4257816,59311.79427699997,18.45,0.1008292070781083,W1
QSO_130.779671+12.4257816,59521.413923,18.3925,0.0680795784358278,W1
QSO_130.779671+12.4257816,59675.699404749976,18.382,0.0962939042722851,W1
QSO_130.779671+12.4257816,59885.30813724997,18.3725,0.0576963517044189,W1
QSO_130.779671+12.4257816,60042.60191249996,18.356,0.0530588463128541,W1
QSO_130.779671+12.4257816,60249.32404249997,18.352,0.0963532434423768,W1
QSO_130.779671+12.4257816,60406.853482000006,18.343,0.096985779507162,W1
QSO_130.779671+12.4257816,55312.078441,18.421,0.068392676705164,W2
QSO_130.779671+12.4257816,55503.27186500001,18.32,0.0596985540475805,W2
QSO_130.779671+12.4257816,56774.2328995,18.443,0.1102889518155013,W2
QSO_130.779671+12.4257816,56965.30207749996,18.257,0.0700085966600606,W2
QSO_130.779671+12.4257816,57132.93797047226,18.264,0.0909011649437411,W2
QSO_130.779671+12.4257816,57326.90275562525,18.018,0.1753342864359395,W2
QSO_130.779671+12.4257816,57495.13468497583,18.125,0.1391540579783855,W2
QSO_130.779671+12.4257816,57694.74194760031,18.342,0.0582786771243383,W2
QSO_130.779671+12.4257816,57855.90515300004,18.095,0.0664781013790479,W2
QSO_130.779671+12.4257816,58058.92070799999,18.178,0.0877089905156834,W2
QSO_130.779671+12.4257816,58216.13175600004,18.376,0.0693171387608432,W2
QSO_130.779671+12.4257816,58425.55481300006,18.211,0.0891984723907973,W2
QSO_130.779671+12.4257816,58580.08979049997,18.33,0.0612821437118132,W2
QSO_130.779671+12.4257816,58789.53797774998,18.3155,0.0276370222708597,W2
QSO_130.779671+12.4257816,58947.13250560004,18.406,0.0916867154725248,W2
QSO_130.779671+12.4257816,59154.39881800001,18.1135,0.053606003282869,W2
QSO_130.779671+12.4257816,59311.79427699997,18.2235,0.1113135256830903,W2
QSO_130.779671+12.4257816,59521.413923,18.017,0.111882013746625,W2
QSO_130.779671+12.4257816,59675.699404749976,18.324,0.1026310674211276,W2
QSO_130.779671+12.4257816,59885.30813724997,18.074,0.0846123868000426,W2
QSO_130.779671+12.4257816,60042.60191249996,18.481,0.0949260141335279,W2
QSO_130.779671+12.4257816,60249.32404249997,18.155,0.0634901337575222,W2
QSO_130.779671+12.4257816,60406.853482000006,18.151,0.0911713140455982,W2
QSO_130.7645367+12.4092917,55312.078441,17.807000000000002,0.0424071354726209,W1
QSO_130.7645367+12.4092917,55503.27186500001,17.906,0.0510240290470611,W1
QSO_130.7645367+12.4092917,56774.2328995,17.811,0.0320078408876167,W1
QSO_130.7645367+12.4092917,56965.30207749996,17.733,0.0619670788241747,W1
QSO_130.7645367+12.4092917,57132.87245296808,17.805,0.0300149474407711,W1
QSO_130.7645367+12.4092917,57326.83723812116,17.768,0.0425455338311739,W1
QSO_130.7645367+12.4092917,57495.13468497583,17.7,0.0089938250421555,W1
QSO_130.7645367+12.4092917,57694.74194760031,17.877000000000002,0.0467642230982561,W1
QSO_130.7645367+12.4092917,57855.872449,17.798000000000002,0.0289438110246694,W1
QSO_130.7645367+12.4092917,58058.85529999997,17.887,0.0358690152357534,W1
QSO_130.7645367+12.4092917,58216.09905200007,17.771,0.0488991308716218,W1
QSO_130.7645367+12.4092917,58425.55481300006,17.798000000000002,0.0397856816325041,W1
QSO_130.7645367+12.4092917,58580.08973574998,17.728499999999997,0.0414668751669465,W1
QSO_130.7645367+12.4092917,58789.53797774998,17.723999999999997,0.0344101874449993,W1
QSO_130.7645367+12.4092917,58947.13250560004,17.773,0.0259778846012261,W1
QSO_130.7645367+12.4092917,59154.39881800001,17.82,0.0361713626623586,W1
QSO_130.7645367+12.4092917,59311.79427699997,17.822,0.0442527852230794,W1
QSO_130.7645367+12.4092917,59521.38132850004,17.753999999999998,0.0575175182591439,W1
QSO_130.7645367+12.4092917,59675.76461199996,17.788,0.0417090617652007,W1
QSO_130.7645367+12.4092917,59885.30813724997,17.789499999999997,0.056654470256106,W1
QSO_130.7645367+12.4092917,60042.60191249996,17.783,0.029337155113828,W1
QSO_130.7645367+12.4092917,60249.25940099998,17.817999999999998,0.0358966279925367,W1
QSO_130.7645367+12.4092917,60406.82153020004,17.8865,0.0476508237074659,W1
QSO_130.7645367+12.4092917,55312.078441,18.177,0.079686972107531,W2
QSO_130.7645367+12.4092917,55503.27186500001,18.349,0.0819358015904462,W2
QSO_130.7645367+12.4092917,56774.2328995,18.211,0.0738822036421916,W2
QSO_130.7645367+12.4092917,56965.30207749996,18.066,0.0606757216735084,W2
QSO_130.7645367+12.4092917,57132.87245296808,18.24,0.1096293872758136,W2
QSO_130.7645367+12.4092917,57326.83723812116,17.851,0.0945424766090985,W2
QSO_130.7645367+12.4092917,57495.13468497583,18.05,0.3148439942904117,W2
QSO_130.7645367+12.4092917,57694.74194760031,18.067,0.0662920252146696,W2
QSO_130.7645367+12.4092917,57855.872449,18.222,0.0785647482219415,W2
QSO_130.7645367+12.4092917,58058.85529999997,18.151,0.0541202323058009,W2
QSO_130.7645367+12.4092917,58216.09905200007,18.432,0.1020021417485746,W2
QSO_130.7645367+12.4092917,58425.55481300006,18.214,0.0986848824213644,W2
QSO_130.7645367+12.4092917,58580.08973574998,18.287,0.0971894865522824,W2
QSO_130.7645367+12.4092917,58789.53797774998,18.101,0.0873666355080702,W2
QSO_130.7645367+12.4092917,58947.13250560004,18.346,0.1135986714348614,W2
QSO_130.7645367+12.4092917,59154.39881800001,18.212,0.0679505539181085,W2
QSO_130.7645367+12.4092917,59311.79427699997,18.167,0.0550352705090107,W2
QSO_130.7645367+12.4092917,59521.38132850004,18.272,0.0953951225363873,W2
QSO_130.7645367+12.4092917,59675.76461199996,18.27,0.1035188159448785,W2
QSO_130.7645367+12.4092917,59885.30813724997,18.1715,0.0742957333902829,W2
QSO_130.7645367+12.4092917,60042.60191249996,18.172,0.0920992343654316,W2
QSO_130.7645367+12.4092917,60249.25940099998,18.209,0.1048713497576912,W2
QSO_130.7645367+12.4092917,60406.82153020004,18.2235,0.056683295599321,W2
QSO_130.5244552+12.332419,55311.84712224995,18.0105,0.0386677981679894,W1
QSO_130.5244552+12.332419,55503.13966200004,18.064,0.0368988708726355,W1
QSO_130.5244552+12.332419,56774.00263924997,18.008499999999998,0.0607124369466421,W1
QSO_130.5244552+12.332419,56965.10497749996,18.003999999999998,0.05310181875908,W1
QSO_130.5244552+12.332419,57132.708403707606,17.992,0.0574346237038252,W1
QSO_130.5244552+12.332419,57326.73892536487,18.076500000000003,0.0146519516618095,W1
QSO_130.5244552+12.332419,57495.003364167525,17.798000000000002,0.1793810345481248,W1
QSO_130.5244552+12.332419,57694.5450761878,18.059,0.0662775889186303,W1
QSO_130.5244552+12.332419,57855.67611550002,18.000999999999998,0.0400616167045555,W1
QSO_130.5244552+12.332419,58058.65907600001,18.033,0.0567028363686779,W1
QSO_130.5244552+12.332419,58215.96823600004,18.057,0.0584480025321654,W1
QSO_130.5244552+12.332419,58425.48947800002,18.022,0.0468709082862307,W1
QSO_130.5244552+12.332419,58579.92603324999,18.1185,0.07412788948837,W1
QSO_130.5244552+12.332419,58789.24384249997,18.171,0.0643305506978326,W1
QSO_130.5244552+12.332419,58946.93589040001,17.983,0.0364771006957993,W1
QSO_130.5244552+12.332419,59154.23503299998,17.9,0.0736430157183094,W1
QSO_130.5244552+12.332419,59311.56567749996,18.003,0.0463910142190744,W1
QSO_130.5244552+12.332419,59521.217553,18.1005,0.050447953377714,W1
QSO_130.5244552+12.332419,59675.60152999997,18.193,0.0582343074819409,W1
QSO_130.5244552+12.332419,59885.08061450003,18.033,0.0768636938667554,W1
QSO_130.5244552+12.332419,60042.53701550001,17.936,0.0614698499208048,W1
QSO_130.5244552+12.332419,60249.033210500056,18.037,0.0219695048537405,W1
QSO_130.5244552+12.332419,60406.69289949998,17.936,0.0482840026034234,W1
QSO_130.5244552+12.332419,55311.84712224995,18.206000000000003,0.0769199064720038,W2
QSO_130.5244552+12.332419,55503.13966200004,18.632,0.0657955533906393,W2
QSO_130.5244552+12.332419,56774.00263924997,18.2975,0.0763074426919497,W2
QSO_130.5244552+12.332419,56965.10497749996,18.483,0.067044329728623,W2
QSO_130.5244552+12.332419,57132.708403707606,18.199,0.0779777917102042,W2
QSO_130.5244552+12.332419,57326.73892536487,18.305,0.0990402281745908,W2
QSO_130.5244552+12.332419,57495.003364167525,18.237,0.0832257082788638,W2
QSO_130.5244552+12.332419,57694.5450761878,18.015,0.1325926443202878,W2
QSO_130.5244552+12.332419,57855.67611550002,18.319,0.0724661013006495,W2
QSO_130.5244552+12.332419,58058.65907600001,18.121,0.0707074466601631,W2
QSO_130.5244552+12.332419,58215.96823600004,18.321,0.1096871414524054,W2
QSO_130.5244552+12.332419,58425.48947800002,18.24,0.0748354066713104,W2
QSO_130.5244552+12.332419,58579.92603324999,18.136,0.0822874534786439,W2
QSO_130.5244552+12.332419,58789.24384249997,18.104,0.0731208106440673,W2
QSO_130.5244552+12.332419,58946.93589040001,18.044,0.0890817968470129,W2
QSO_130.5244552+12.332419,59154.23503299998,18.36,0.0944303574689863,W2
QSO_130.5244552+12.332419,59311.56567749996,18.175,0.0989634896858903,W2
QSO_130.5244552+12.332419,59521.217553,18.124,0.1099826759085267,W2
QSO_130.5244552+12.332419,59675.60152999997,18.199,0.1015093635662857,W2
QSO_130.5244552+12.332419,59885.08061450003,18.135,0.1075535404361785,W2
QSO_130.5244552+12.332419,60042.53701550001,18.408,0.0876583422938399,W2
QSO_130.5244552+12.332419,60249.033210500056,18.000999999999998,0.0567578718638967,W2
QSO_130.5244552+12.332419,60406.69289949998,18.191000000000003,0.0850966362437437,W2
QSO_130.5842389+12.1747176,55311.97925225004,18.957,0.0542162925235579,W1
QSO_130.5842389+12.1747176,55503.23885075001,19.141,0.0563659196514006,W1
QSO_130.5842389+12.1747176,56774.10131700002,19.011000000000003,0.0850188454498921,W1
QSO_130.5842389+12.1747176,56965.07214575002,18.92,0.1347919693453583,W1
QSO_130.5842389+12.1747176,57132.74123545976,18.894,0.0740345450083629,W1
QSO_130.5842389+12.1747176,57326.87012462322,18.6595,0.1374910792560745,W1
QSO_130.5842389+12.1747176,57495.06896967167,18.518,0.0806101730552669,W1
QSO_130.5842389+12.1747176,57694.80768120444,18.645,0.081358375015638,W1
QSO_130.5842389+12.1747176,57855.414337500006,19.115,0.1628498513173226,W1
QSO_130.5842389+12.1747176,58058.82266899999,18.8535,0.0932181581023781,W1
QSO_130.5842389+12.1747176,58216.13175600004,19.137,0.1542846371844487,W1
QSO_130.5842389+12.1747176,58425.62029399997,18.859,0.0779266321612838,W1
QSO_130.5842389+12.1747176,58580.02427300004,18.766,0.0575442534739284,W1
QSO_130.5842389+12.1747176,58789.603130249954,18.8975,0.0978170326425826,W1
QSO_130.5842389+12.1747176,58947.066918400014,18.904,0.0889764275790117,W1
QSO_130.5842389+12.1747176,59154.36609760001,18.664,0.1402827430584389,W1
QSO_130.5842389+12.1747176,59311.69621975007,18.8915,0.0957476428488511,W1
QSO_130.5842389+12.1747176,59521.217625999976,18.7475,0.1654057301170532,W1
QSO_130.5842389+12.1747176,59675.66670075001,18.929,0.224845641496561,W1
QSO_130.5842389+12.1747176,59885.27556099999,19.123,0.1935345695983783,W1
QSO_130.5842389+12.1747176,60042.63430625005,19.054,0.0966030441971067,W1
QSO_130.5842389+12.1747176,60249.19475949999,18.4595,0.2605688488672434,W1
QSO_130.5842389+12.1747176,60406.69289949998,18.964,0.0803065884479485,W1
QSO_130.5842389+12.1747176,55311.97925225004,18.2185,0.0539866314470537,W2
QSO_130.5842389+12.1747176,55503.23885075001,18.253,0.0565640615192682,W2
QSO_130.5842389+12.1747176,56774.10131700002,18.38,0.0746818324178946,W2
QSO_130.5842389+12.1747176,56965.07214575002,18.357,0.083361995071029,W2
QSO_130.5842389+12.1747176,57132.74123545976,18.061,0.090738684783965,W2
QSO_130.5842389+12.1747176,57326.87012462322,18.0105,0.1059418325072777,W2
QSO_130.5842389+12.1747176,57495.06896967167,17.901,0.0197989898732224,W2
QSO_130.5842389+12.1747176,57694.80768120444,18.153,0.1094880341846983,W2
QSO_130.5842389+12.1747176,57855.414337500006,17.771,0.1386100311692512,W2
QSO_130.5842389+12.1747176,58058.82266899999,18.08,0.0713743432544216,W2
QSO_130.5842389+12.1747176,58216.13175600004,18.18,0.1286649546455281,W2
QSO_130.5842389+12.1747176,58425.62029399997,18.094,0.0670596152688037,W2
QSO_130.5842389+12.1747176,58580.02427300004,18.158,0.1009361718472226,W2
QSO_130.5842389+12.1747176,58789.603130249954,17.746000000000002,0.1000614654849706,W2
QSO_130.5842389+12.1747176,58947.066918400014,18.259,0.0571703505288523,W2
QSO_130.5842389+12.1747176,59154.36609760001,17.915,0.0533044088232856,W2
QSO_130.5842389+12.1747176,59311.69621975007,18.3425,0.1659234540159787,W2
QSO_130.5842389+12.1747176,59521.217625999976,18.058,0.1521197749338524,W2
QSO_130.5842389+12.1747176,59675.66670075001,17.984499999999997,0.0956597975902104,W2
QSO_130.5842389+12.1747176,59885.27556099999,18.023,0.1217164281799665,W2
QSO_130.5842389+12.1747176,60042.63430625005,18.309,0.0717684354945355,W2
QSO_130.5842389+12.1747176,60249.19475949999,18.097,0.0523259018078044,W2
QSO_130.5842389+12.1747176,60406.69289949998,18.1025,0.1295748210851909,W2
QSO_130.5024935+12.2468684,55311.88006349998,17.573999999999998,0.0250719175940079,W1
QSO_130.5024935+12.2468684,55503.10662949998,17.6235,0.0358878252336357,W1
QSO_130.5024935+12.2468684,56774.03554399996,17.566000000000003,0.0296037187746617,W1
QSO_130.5024935+12.2468684,56965.17064100001,17.515,0.0446808702387192,W1
QSO_130.5024935+12.2468684,57132.60998145139,17.551,0.0309827434806216,W1
QSO_130.5024935+12.2468684,57326.83723812116,17.521,0.0262219606599216,W1
QSO_130.5024935+12.2468684,57495.003364167525,17.567,0.0624576893821968,W1
QSO_130.5024935+12.2468684,57694.47948898371,17.616999999999997,0.0452588514697805,W1
QSO_130.5024935+12.2468684,57855.67611550002,17.505,0.0397405371505314,W1
QSO_130.5024935+12.2468684,58058.65907600001,17.567999999999998,0.0492823021406516,W1
QSO_130.5024935+12.2468684,58216.000940000005,17.445,0.0386220975120254,W1
QSO_130.5024935+12.2468684,58425.42407,17.538,0.0395702686468182,W1
QSO_130.5024935+12.2468684,58579.92603324999,17.695,0.0291654761661797,W1
QSO_130.5024935+12.2468684,58789.37451249997,17.58,0.050872684739377,W1
QSO_130.5024935+12.2468684,58947.0013312,17.543,0.0325597641564458,W1
QSO_130.5024935+12.2468684,59154.20231259999,17.585,0.0403070837446718,W1
QSO_130.5024935+12.2468684,59311.56553150001,17.544,0.0436970490853266,W1
QSO_130.5024935+12.2468684,59521.18499499998,17.483,0.0230859303541258,W1
QSO_130.5024935+12.2468684,59675.56884424997,17.647,0.0287272756407695,W1
QSO_130.5024935+12.2468684,59885.11326375,17.563000000000002,0.0326879448132046,W1
QSO_130.5024935+12.2468684,60042.47200899998,17.567,0.0284828322710888,W1
QSO_130.5024935+12.2468684,60249.033210500056,17.586,0.0432041201738905,W1
QSO_130.5024935+12.2468684,60406.66067320001,17.512,0.0242012287721023,W1
QSO_130.5024935+12.2468684,55311.88006349998,18.151,0.0814000795617988,W2
QSO_130.5024935+12.2468684,55503.10662949998,18.2255,0.0763150312848002,W2
QSO_130.5024935+12.2468684,56774.03554399996,18.115,0.1003721998981624,W2
QSO_130.5024935+12.2468684,56965.17064100001,18.208,0.0849894323213836,W2
QSO_130.5024935+12.2468684,57132.60998145139,18.053,0.0859718070270629,W2
QSO_130.5024935+12.2468684,57326.83723812116,18.16,0.1152198113966155,W2
QSO_130.5024935+12.2468684,57495.003364167525,17.718,0.1526877714669897,W2
QSO_130.5024935+12.2468684,57694.47948898371,18.228,0.073876386693544,W2
QSO_130.5024935+12.2468684,57855.67611550002,18.181,0.0571828758656074,W2
QSO_130.5024935+12.2468684,58058.65907600001,18.119,0.0788066326482826,W2
QSO_130.5024935+12.2468684,58216.000940000005,18.44,0.0739318426347667,W2
QSO_130.5024935+12.2468684,58425.42407,18.258,0.0852583205155368,W2
QSO_130.5024935+12.2468684,58579.92603324999,18.201,0.0697284805513501,W2
QSO_130.5024935+12.2468684,58789.37451249997,18.153,0.056839962767343,W2
QSO_130.5024935+12.2468684,58947.0013312,18.209,0.0829456023708743,W2
QSO_130.5024935+12.2468684,59154.20231259999,17.959,0.0537176041908053,W2
QSO_130.5024935+12.2468684,59311.56553150001,18.166,0.0749426850043771,W2
QSO_130.5024935+12.2468684,59521.18499499998,17.986,0.0872339014875827,W2
QSO_130.5024935+12.2468684,59675.56884424997,17.9945,0.0926825869367935,W2
QSO_130.5024935+12.2468684,59885.11326375,17.9985,0.1002708455975706,W2
QSO_130.5024935+12.2468684,60042.47200899998,18.101,0.0588847033109931,W2
QSO_130.5024935+12.2468684,60249.033210500056,18.2275,0.1422657513247656,W2
QSO_130.5024935+12.2468684,60406.66067320001,18.219,0.0843799766876903,W2
QSO_130.4791829+12.3034212,55311.84704924998,17.5605,0.0469316077945897,W1
QSO_130.4791829+12.3034212,55503.04058274999,17.570999999999998,0.0353088227354434,W1
QSO_130.4791829+12.3034212,56774.00263924997,17.605,0.0327254640914381,W1
QSO_130.4791829+12.3034212,56965.07214575002,17.5995,0.0410855236625946,W1
QSO_130.4791829+12.3034212,57132.642813203456,17.570999999999998,0.0229284818027226,W1
QSO_130.4791829+12.3034212,57326.73892536487,17.598,0.0398007537617065,W1
QSO_130.4791829+12.3034212,57495.003364167525,17.566000000000003,0.0164271681020146,W1
QSO_130.4791829+12.3034212,57694.446695381615,17.5225,0.029468556689009,W1
QSO_130.4791829+12.3034212,57855.57800350004,17.543,0.0300852954115461,W1
QSO_130.4791829+12.3034212,58058.59366799999,17.598,0.0182104732871044,W1
QSO_130.4791829+12.3034212,58215.87012399997,17.61,0.0325126802980819,W1
QSO_130.4791829+12.3034212,58425.39136600003,17.6235,0.0267489507409308,W1
QSO_130.4791829+12.3034212,58579.92603324999,17.597,0.0207661911259033,W1
QSO_130.4791829+12.3034212,58789.30925049999,17.606,0.0386939839885333,W1
QSO_130.4791829+12.3034212,58946.93581719996,17.5585,0.0298178400955363,W1
QSO_130.4791829+12.3034212,59154.169519000025,17.602,0.0577279098363528,W1
QSO_130.4791829+12.3034212,59311.56560449999,17.601,0.0352970529144353,W1
QSO_130.4791829+12.3034212,59521.15247349999,17.5785,0.0500596544135095,W1
QSO_130.4791829+12.3034212,59675.53626799998,17.636,0.0420158411290387,W1
QSO_130.4791829+12.3034212,59885.11319075002,17.5105,0.0311676755629933,W1
QSO_130.4791829+12.3034212,60042.47200899998,17.593,0.0258144176811811,W1
QSO_130.4791829+12.3034212,60249.033210500056,17.7085,0.045180139442016,W1
QSO_130.4791829+12.3034212,60406.596257200006,17.486,0.048504579318617,W1
QSO_130.4791829+12.3034212,55311.84704924998,18.1415,0.0819610623451205,W2
QSO_130.4791829+12.3034212,55503.04058274999,18.329,0.0861725900607482,W2
QSO_130.4791829+12.3034212,56774.00263924997,18.101,0.0964730221357245,W2
QSO_130.4791829+12.3034212,56965.07214575002,18.0525,0.0624564431557439,W2
QSO_130.4791829+12.3034212,57132.642813203456,18.0145,0.0838897638383365,W2
QSO_130.4791829+12.3034212,57326.73892536487,18.0325,0.0395064045440737,W2
QSO_130.4791829+12.3034212,57495.003364167525,17.812,0.1061456023059305,W2
QSO_130.4791829+12.3034212,57694.446695381615,18.0765,0.0721170401281961,W2
QSO_130.4791829+12.3034212,57855.57800350004,18.1645,0.0674561929177964,W2
QSO_130.4791829+12.3034212,58058.59366799999,18.027,0.0751323100404949,W2
QSO_130.4791829+12.3034212,58215.87012399997,18.152,0.0614584941760387,W2
QSO_130.4791829+12.3034212,58425.39136600003,18.097,0.0660853824818906,W2
QSO_130.4791829+12.3034212,58579.92603324999,18.2045,0.1152403180479388,W2
QSO_130.4791829+12.3034212,58789.30925049999,18.009,0.0780057943998096,W2
QSO_130.4791829+12.3034212,58946.93581719996,17.993,0.0874486224824272,W2
QSO_130.4791829+12.3034212,59154.169519000025,18.2835,0.0959390328928086,W2
QSO_130.4791829+12.3034212,59311.56560449999,18.182,0.0708627512441402,W2
QSO_130.4791829+12.3034212,59521.15247349999,18.055,0.0916355607829189,W2
QSO_130.4791829+12.3034212,59675.53626799998,18.081,0.0681584942382308,W2
QSO_130.4791829+12.3034212,59885.11319075002,17.947000000000003,0.0721858781203081,W2
QSO_130.4791829+12.3034212,60042.47200899998,18.329,0.0892777829626371,W2
QSO_130.4791829+12.3034212,60249.033210500056,18.154,0.0929227636265731,W2
QSO_130.4791829+12.3034212,60406.596257200006,18.29,0.105062186872553,W2
QSO_130.4418529+12.3111746,55311.81403499997,17.851,0.0365196650500303,W1
QSO_130.4418529+12.3111746,55503.00756849998,18.044,0.044702758181468,W1
QSO_130.4418529+12.3111746,56773.96973449996,17.846,0.0340555739741344,W1
QSO_130.4418529+12.3111746,56965.03931399999,17.831,0.0492476225270621,W1
QSO_130.4418529+12.3111746,57132.54439094724,17.869999999999997,0.0365809718451808,W1
QSO_130.4418529+12.3111746,57326.70616661278,17.922,0.0488626192048231,W1
QSO_130.4418529+12.3111746,57493.06621754499,17.881,0.0777817459305198,W1
QSO_130.4418529+12.3111746,57694.41390177953,17.808999999999997,0.0552666373330571,W1
QSO_130.4418529+12.3111746,57855.51259549994,17.860999999999997,0.0535097775765916,W1
QSO_130.4418529+12.3111746,58058.560964000026,17.87,0.066979457187896,W1
QSO_130.4418529+12.3111746,58215.83742,17.9465,0.0454847858161466,W1
QSO_130.4418529+12.3111746,58425.358661999984,17.866,0.0484588709700725,W1
QSO_130.4418529+12.3111746,58579.95897450003,17.892,0.0379849885305246,W1
QSO_130.4418529+12.3111746,58789.24384249997,17.851,0.0464938894461404,W1
QSO_130.4418529+12.3111746,58946.93581719996,17.883,0.0394193019438542,W1
QSO_130.4418529+12.3111746,59154.16944579996,17.991999999999997,0.0506608321076766,W1
QSO_130.4418529+12.3111746,59311.56560449999,17.8665,0.0400627040354198,W1
QSO_130.4418529+12.3111746,59521.184849000034,17.869999999999997,0.0538008683341508,W1
QSO_130.4418529+12.3111746,59675.503618749935,17.8925,0.0318450661194415,W1
QSO_130.4418529+12.3111746,59885.04811125002,17.8425,0.0340318086501437,W1
QSO_130.4418529+12.3111746,60042.47200899998,17.924,0.0596789849708858,W1
QSO_130.4418529+12.3111746,60248.96862375007,17.9085,0.0509988627324178,W1
QSO_130.4418529+12.3111746,60406.596257200006,17.875,0.0554987088741868,W1
QSO_130.4418529+12.3111746,55311.81403499997,18.202,0.0713424240241033,W2
QSO_130.4418529+12.3111746,55503.00756849998,18.325,0.0795723543654687,W2
QSO_130.4418529+12.3111746,56773.96973449996,18.41,0.0628925478654646,W2
QSO_130.4418529+12.3111746,56965.03931399999,17.991,0.0891846866877622,W2
QSO_130.4418529+12.3111746,57132.54439094724,18.148,0.0798005536124296,W2
QSO_130.4418529+12.3111746,57326.70616661278,17.921,0.0828521581477474,W2
QSO_130.4418529+12.3111746,57493.06621754499,18.223,0.1039446968344226,W2
QSO_130.4418529+12.3111746,57694.41390177953,18.208,0.0935906170847862,W2
QSO_130.4418529+12.3111746,57855.51259549994,18.1135,0.0740522955542355,W2
QSO_130.4418529+12.3111746,58058.560964000026,18.1525,0.0858198580306878,W2
QSO_130.4418529+12.3111746,58215.83742,18.2825,0.0510798439990077,W2
QSO_130.4418529+12.3111746,58425.358661999984,18.032,0.0692998668982599,W2
QSO_130.4418529+12.3111746,58579.95897450003,18.264,0.0744358359474165,W2
QSO_130.4418529+12.3111746,58789.24384249997,18.259,0.0860483642357851,W2
QSO_130.4418529+12.3111746,58946.93581719996,18.2925,0.0695042964299488,W2
QSO_130.4418529+12.3111746,59154.16944579996,18.159,0.0852725598687321,W2
QSO_130.4418529+12.3111746,59311.56560449999,18.159,0.0699954818317002,W2
QSO_130.4418529+12.3111746,59521.184849000034,18.229,0.1052276627449354,W2
QSO_130.4418529+12.3111746,59675.503618749935,18.270000000000003,0.0655735627237066,W2
QSO_130.4418529+12.3111746,59885.04811125002,18.1465,0.092740411903334,W2
QSO_130.4418529+12.3111746,60042.47200899998,18.303,0.0685573759090435,W2
QSO_130.4418529+12.3111746,60248.96862375007,17.951999999999998,0.0785394423204037,W2
QSO_130.4418529+12.3111746,60406.596257200006,18.242,0.0650950065657086,W2
