oid,time,magnitude,error,band
QSO_209.205856-26.708397,55222.725126999976,18.961,0.0772887509305728,W1
QSO_209.205856-26.708397,55402.24333249999,19.0,0.0768422216188446,W1
QSO_209.205856-26.708397,55589.31847974996,19.1055,0.096566363191331,W1
QSO_209.205856-26.708397,56687.08111950003,18.739,0.1264685257287361,W1
QSO_209.205856-26.708397,56864.344482749984,18.6295,0.073348256945036,W1
QSO_209.205856-26.708397,57049.49980468055,19.091,0.1458671724549426,W1
QSO_209.205856-26.708397,57412.54853655257,18.8335,0.1792515690307915,W1
QSO_209.205856-26.708397,57585.44045098743,18.6265,0.0166170093578828,W1
QSO_209.205856-26.708397,57780.25811825007,18.323,0.0367695526217001,W1
QSO_209.205856-26.708397,57945.70296399997,18.581,0.0,W1
QSO_209.205856-26.708397,58144.87722249996,18.939,0.1105353973805408,W1
QSO_209.205856-26.708397,58306.24324799999,18.6455,0.0945743754935764,W1
QSO_209.205856-26.708397,58508.59983200004,18.995,0.1028785691968935,W1
QSO_209.205856-26.708397,58669.90659974999,18.732,0.1166726188957797,W1
QSO_209.205856-26.708397,58875.40613139996,18.784,0.216426704725916,W1
QSO_209.205856-26.708397,59037.16625469999,19.2295,0.2846104794275853,W1
QSO_209.205856-26.708397,59240.19664350001,18.836,0.1832068250386456,W1
QSO_209.205856-26.708397,59401.569165999965,18.196,0.0,W1
QSO_209.205856-26.708397,59607.33948549998,18.6685,0.1891510639674015,W1
QSO_209.205856-26.708397,59765.46460299996,18.293,0.0,W1
QSO_209.205856-26.708397,59970.944455500015,18.687,0.1604999134648433,W1
QSO_209.205856-26.708397,60132.254416999975,18.622,0.1038378365351298,W1
QSO_209.205856-26.708397,60335.37999550003,18.7805,0.1962221317792668,W1
QSO_209.205856-26.708397,60497.30361100002,18.251,0.0,W1
QSO_209.205856-26.708397,55222.725126999976,18.47,0.0866861232551935,W2
QSO_209.205856-26.708397,55402.24333249999,18.7,0.0628048996367429,W2
QSO_209.205856-26.708397,55589.31847974996,18.428,0.1930910973478583,W2
QSO_209.205856-26.708397,56687.08111950003,18.412,0.0595829505815213,W2
QSO_209.205856-26.708397,56864.344482749984,18.392000000000003,0.0772907962664375,W2
QSO_209.205856-26.708397,57049.49980468055,18.501,0.1646818994303867,W2
QSO_209.205856-26.708397,57412.54853655257,18.4575,0.0703571247280607,W2
QSO_209.205856-26.708397,57585.44045098743,18.375,0.1767766952966368,W2
QSO_209.205856-26.708397,57780.25811825007,18.298,0.1569777054234132,W2
QSO_209.205856-26.708397,57945.70296399997,18.305,0.0,W2
QSO_209.205856-26.708397,58144.87722249996,17.935,0.0824661546737005,W2
QSO_209.205856-26.708397,58306.24324799999,18.0885,0.1299665221316625,W2
QSO_209.205856-26.708397,58508.59983200004,18.06,0.1959826144972695,W2
QSO_209.205856-26.708397,58669.90659974999,18.286,0.1711198410471438,W2
QSO_209.205856-26.708397,58875.40613139996,17.976,0.1806883955772929,W2
QSO_209.205856-26.708397,59037.16625469999,18.4355,0.0887419010389121,W2
QSO_209.205856-26.708397,59240.19664350001,18.596,0.0381847361399038,W2
QSO_209.205856-26.708397,59401.569165999965,18.351,0.0,W2
QSO_209.205856-26.708397,59607.33948549998,18.323500000000003,0.0413657466994133,W2
QSO_209.205856-26.708397,59765.46460299996,17.986,0.0,W2
QSO_209.205856-26.708397,59970.944455500015,18.113,0.1507037810727709,W2
QSO_209.205856-26.708397,60132.254416999975,18.659,0.2880186465157081,W2
QSO_209.205856-26.708397,60335.37999550003,18.148,0.1916259377015549,W2
QSO_209.205856-26.708397,60497.30361100002,17.968,0.0,W2
QSO_209.0805683-26.548837,55222.592924,17.698,0.0465532079042975,W1
QSO_209.0805683-26.548837,55402.17719449997,17.758,0.0271793312902049,W1
QSO_209.0805683-26.548837,55588.85593349997,17.837,0.1047837278857242,W1
QSO_209.0805683-26.548837,56686.94939100002,17.835,0.0248278572690161,W1
QSO_209.0805683-26.548837,56864.18017799998,17.779,0.0342170230254337,W1
QSO_209.0805683-26.548837,57049.33564592015,17.683999999999997,0.0157718102955876,W1
QSO_209.0805683-26.548837,57222.9039195297,17.725,0.0665784485762081,W1
QSO_209.0805683-26.548837,57412.71268756298,17.957,0.0890954544295045,W1
QSO_209.0805683-26.548837,57585.07948346449,17.769,0.116972931341686,W1
QSO_209.0805683-26.548837,57780.25806349998,17.795,0.0482778643540592,W1
QSO_209.0805683-26.548837,57945.50674,17.679000000000002,0.0245513339759781,W1
QSO_209.0805683-26.548837,58144.582813500034,17.8565,0.0575172358678246,W1
QSO_209.0805683-26.548837,58305.8179865,17.801,0.0290664150091039,W1
QSO_209.0805683-26.548837,58508.50164699999,17.883,0.0550405994933974,W1
QSO_209.0805683-26.548837,58669.71068599998,17.819,0.089867903057766,W1
QSO_209.0805683-26.548837,58875.40613139996,17.637,0.0434074647958157,W1
QSO_209.0805683-26.548837,59037.03520840001,17.8525,0.070809934860865,W1
QSO_209.0805683-26.548837,59240.16393949996,17.785,0.0403984781524872,W1
QSO_209.0805683-26.548837,59401.50381274995,17.722499999999997,0.0611647365726357,W1
QSO_209.0805683-26.548837,59607.07836449998,17.719,0.053885874772523,W1
QSO_209.0805683-26.548837,59765.30148450003,18.0835,0.0328804653251744,W1
QSO_209.0805683-26.548837,59970.81425999997,17.941000000000003,0.0669679876527762,W1
QSO_209.0805683-26.548837,60132.15721749997,17.655,0.059282559619166,W1
QSO_209.0805683-26.548837,60335.12147139996,17.77,0.1114721798252816,W1
QSO_209.0805683-26.548837,60496.08746620002,18.079,0.0,W1
QSO_209.0805683-26.548837,55222.592924,18.605,0.1063150606841754,W2
QSO_209.0805683-26.548837,55402.17719449997,18.106,0.0831351387991565,W2
QSO_209.0805683-26.548837,55588.85593349997,18.124,0.1355908879272093,W2
QSO_209.0805683-26.548837,56686.94939100002,18.2065,0.149399951426067,W2
QSO_209.0805683-26.548837,56864.18017799998,18.126,0.0552411622418548,W2
QSO_209.0805683-26.548837,57049.33564592015,18.5475,0.190511277553325,W2
QSO_209.0805683-26.548837,57222.9039195297,18.233,0.0733207059835484,W2
QSO_209.0805683-26.548837,57412.71268756298,18.4995,0.0081317279836451,W2
QSO_209.0805683-26.548837,57585.07948346449,18.114,0.0709872184635037,W2
QSO_209.0805683-26.548837,57780.25806349998,18.245,0.1715145872639258,W2
QSO_209.0805683-26.548837,57945.50674,18.319,0.1133047571816824,W2
QSO_209.0805683-26.548837,58144.582813500034,18.1585,0.0852160856294163,W2
QSO_209.0805683-26.548837,58305.8179865,18.108,0.0946003288695249,W2
QSO_209.0805683-26.548837,58508.50164699999,18.0335,0.0946278284963041,W2
QSO_209.0805683-26.548837,58669.71068599998,18.186,0.1447909941950813,W2
QSO_209.0805683-26.548837,58875.40613139996,18.068,0.0775863905591694,W2
QSO_209.0805683-26.548837,59037.03520840001,18.158,0.1283844324674917,W2
QSO_209.0805683-26.548837,59240.16393949996,18.246,0.0755114658941374,W2
QSO_209.0805683-26.548837,59401.50381274995,17.819499999999998,0.0074246212024577,W2
QSO_209.0805683-26.548837,59607.07836449998,18.1875,0.1673995967737081,W2
QSO_209.0805683-26.548837,59765.30148450003,18.3625,0.0201525432638161,W2
QSO_209.0805683-26.548837,59970.81425999997,18.061,0.1341994729582575,W2
QSO_209.0805683-26.548837,60132.15721749997,18.1895,0.0836663761615143,W2
QSO_209.0805683-26.548837,60335.12147139996,18.4055,0.090495165616733,W2
QSO_209.0805683-26.548837,60496.08746620002,18.068,0.0,W2
QSO_209.0866949-26.7716909,55222.692112749966,17.4865,0.0508425019053942,W1
QSO_209.0866949-26.7716909,55402.21020874998,17.482,0.0313393410408547,W1
QSO_209.0866949-26.7716909,55589.25243299997,17.578,0.1028828891939228,W1
QSO_209.0866949-26.7716909,56687.01525525002,17.62,0.0732269054890344,W1
QSO_209.0866949-26.7716909,56864.31150500001,17.573999999999998,0.0316262033012779,W1
QSO_209.0866949-26.7716909,57049.49985943056,17.5,0.0403476214361581,W1
QSO_209.0866949-26.7716909,57223.06774979,17.5785,0.064242595768782,W1
QSO_209.0866949-26.7716909,57412.54853655257,17.5895,0.0484368145112786,W1
QSO_209.0866949-26.7716909,57585.07933706454,17.663,0.0820248381532937,W1
QSO_209.0866949-26.7716909,57780.42169299999,17.587,0.0509769828234057,W1
QSO_209.0866949-26.7716909,57945.57207500004,17.533,0.0239905580385287,W1
QSO_209.0866949-26.7716909,58144.55018250004,17.55,0.0587063199323548,W1
QSO_209.0866949-26.7716909,58306.177839999975,17.523,0.0299364660573021,W1
QSO_209.0866949-26.7716909,58508.40360799999,17.465,0.0401079447282041,W1
QSO_209.0866949-26.7716909,58669.97220849996,17.521,0.0256103104237339,W1
QSO_209.0866949-26.7716909,58875.40613139996,17.58,0.0258689850897701,W1
QSO_209.0866949-26.7716909,59037.0679288,17.6925,0.0683062615751326,W1
QSO_209.0866949-26.7716909,59240.16393949996,17.5185,0.0288979548908743,W1
QSO_209.0866949-26.7716909,59401.56909299999,17.534,0.0943480093854664,W1
QSO_209.0866949-26.7716909,59607.04578824999,17.523,0.0800109078211865,W1
QSO_209.0866949-26.7716909,59765.5298285,17.566499999999998,0.0716592413789036,W1
QSO_209.0866949-26.7716909,59970.87941250004,17.545,0.0804136535989453,W1
QSO_209.0866949-26.7716909,60132.22196850004,17.5135,0.0501508834529475,W1
QSO_209.0866949-26.7716909,60335.18610699997,17.5975,0.0478060861711143,W1
QSO_209.0866949-26.7716909,60496.88768860004,17.516,0.1393000358937505,W1
QSO_209.0866949-26.7716909,55222.692112749966,18.237,0.0961180576166622,W2
QSO_209.0866949-26.7716909,55402.21020874998,18.309,0.0660084629990731,W2
QSO_209.0866949-26.7716909,55589.25243299997,18.453,0.1074626550119727,W2
QSO_209.0866949-26.7716909,56687.01525525002,18.0225,0.0857750965461419,W2
QSO_209.0866949-26.7716909,56864.31150500001,18.02,0.1004071956498715,W2
QSO_209.0866949-26.7716909,57049.49985943056,18.1615,0.0998272813969768,W2
QSO_209.0866949-26.7716909,57223.06774979,18.2315,0.1067507481108316,W2
QSO_209.0866949-26.7716909,57412.54853655257,18.084000000000003,0.2149604614807106,W2
QSO_209.0866949-26.7716909,57585.07933706454,17.998,0.076479965907322,W2
QSO_209.0866949-26.7716909,57780.42169299999,18.4565,0.1224655847348325,W2
QSO_209.0866949-26.7716909,57945.57207500004,18.322,0.0444880601959671,W2
QSO_209.0866949-26.7716909,58144.55018250004,18.482,0.1220365191244,W2
QSO_209.0866949-26.7716909,58306.177839999975,18.314,0.1603012164645046,W2
QSO_209.0866949-26.7716909,58508.40360799999,17.756,0.0557876544646802,W2
QSO_209.0866949-26.7716909,58669.97220849996,17.974999999999998,0.0953202601758937,W2
QSO_209.0866949-26.7716909,58875.40613139996,18.113,0.0763614069532463,W2
QSO_209.0866949-26.7716909,59037.0679288,18.002000000000002,0.0525472010037958,W2
QSO_209.0866949-26.7716909,59240.16393949996,18.1055,0.0797370556697137,W2
QSO_209.0866949-26.7716909,59401.56909299999,18.305,0.1131025530215831,W2
QSO_209.0866949-26.7716909,59607.04578824999,18.1285,0.0424948798658712,W2
QSO_209.0866949-26.7716909,59765.5298285,18.0465,0.1003894759175483,W2
QSO_209.0866949-26.7716909,59970.87941250004,18.201,0.0995927860443215,W2
QSO_209.0866949-26.7716909,60132.22196850004,18.2245,0.0341635499933501,W2
QSO_209.0866949-26.7716909,60335.18610699997,18.2465,0.0953549290807772,W2
QSO_209.0866949-26.7716909,60496.88768860004,18.226,0.1633416664540923,W2
QSO_209.1723414-26.8116789,55222.75821425004,18.4625,0.1595038204871596,W1
QSO_209.1723414-26.8116789,55402.27631024997,18.546,0.121755574500205,W1
QSO_209.1723414-26.8116789,55589.31847974996,18.8025,0.0652077209768905,W1
QSO_209.1723414-26.8116789,56687.04821475003,18.356,0.0525222423121863,W1
QSO_209.1723414-26.8116789,56864.31165099996,18.575,0.101344000384799,W1
QSO_209.1723414-26.8116789,57049.49991418056,18.502,0.1289077189310244,W1
QSO_209.1723414-26.8116789,57223.16606254629,18.585,0.043650429551151,W1
QSO_209.1723414-26.8116789,57412.54853655257,18.876,0.1202081528017117,W1
QSO_209.1723414-26.8116789,57585.276354877016,18.458,0.1064341215128978,W1
QSO_209.1723414-26.8116789,57780.58534074997,18.5345,0.0522554710940324,W1
QSO_209.1723414-26.8116789,57945.73566800002,18.6835,0.0562149891043314,W1
QSO_209.1723414-26.8116789,58144.615590499976,18.436,0.0984404794787181,W1
QSO_209.1723414-26.8116789,58306.30865600001,18.493,0.0837488626788447,W1
QSO_209.1723414-26.8116789,58508.59983200004,18.498,0.0628447575924302,W1
QSO_209.1723414-26.8116789,58670.10236749997,18.586,0.1313995884767222,W1
QSO_209.1723414-26.8116789,58875.3733378,18.5165,0.0765232807712792,W1
QSO_209.1723414-26.8116789,59037.29730099996,18.586,0.0241712639305435,W1
QSO_209.1723414-26.8116789,59240.32731350001,18.488,0.0779358336652416,W1
QSO_209.1723414-26.8116789,59401.83028699996,18.542,0.0,W1
QSO_209.1723414-26.8116789,59607.07849225004,18.796,0.1261266265541338,W1
QSO_209.1723414-26.8116789,59765.5298285,18.534,0.1284277520631738,W1
QSO_209.1723414-26.8116789,59970.911934000025,18.5615,0.0935128234422861,W1
QSO_209.1723414-26.8116789,60132.254416999975,18.334,0.184373230160997,W1
QSO_209.1723414-26.8116789,60335.08933660002,18.555,0.0905077234273409,W1
QSO_209.1723414-26.8116789,60497.30361100002,18.125,0.0,W1
QSO_209.1723414-26.8116789,55222.75821425004,18.306,0.0989880043237562,W2
QSO_209.1723414-26.8116789,55402.27631024997,18.3705,0.0562298401373771,W2
QSO_209.1723414-26.8116789,55589.31847974996,18.3535,0.1412192444392758,W2
QSO_209.1723414-26.8116789,56687.04821475003,18.078000000000003,0.0673031272490364,W2
QSO_209.1723414-26.8116789,56864.31165099996,18.164,0.1141461137181986,W2
QSO_209.1723414-26.8116789,57049.49991418056,17.916,0.1110468729861405,W2
QSO_209.1723414-26.8116789,57223.16606254629,18.541,0.1498715716872282,W2
QSO_209.1723414-26.8116789,57412.54853655257,18.329,0.1053589103967962,W2
QSO_209.1723414-26.8116789,57585.276354877016,18.157,0.2251315664721901,W2
QSO_209.1723414-26.8116789,57780.58534074997,18.0955,0.1242340234903167,W2
QSO_209.1723414-26.8116789,57945.73566800002,18.442,0.0226274169979695,W2
QSO_209.1723414-26.8116789,58144.615590499976,18.111,0.1184853071059871,W2
QSO_209.1723414-26.8116789,58306.30865600001,18.54,0.0898367408135446,W2
QSO_209.1723414-26.8116789,58508.59983200004,18.173,0.1201722282038859,W2
QSO_209.1723414-26.8116789,58670.10236749997,18.113,0.0360030862874593,W2
QSO_209.1723414-26.8116789,58875.3733378,18.161,0.0677921340385446,W2
QSO_209.1723414-26.8116789,59037.29730099996,18.1365,0.050277200349661,W2
QSO_209.1723414-26.8116789,59240.32731350001,18.379,0.0648261186249547,W2
QSO_209.1723414-26.8116789,59401.83028699996,18.561,0.0,W2
QSO_209.1723414-26.8116789,59607.07849225004,18.2445,0.0927711491311344,W2
QSO_209.1723414-26.8116789,59765.5298285,18.4385,0.0938912269597112,W2
QSO_209.1723414-26.8116789,59970.911934000025,18.062,0.1230700831655294,W2
QSO_209.1723414-26.8116789,60132.254416999975,18.351,0.092031559804232,W2
QSO_209.1723414-26.8116789,60335.08933660002,17.989,0.108608876248675,W2
QSO_209.1723414-26.8116789,60497.30361100002,17.985,0.0,W2
QSO_209.1835441-26.8719432,55222.725273,18.232,0.0921768295247487,W1
QSO_209.1835441-26.8719432,55402.30939750003,18.28,0.0901260814770854,W1
QSO_209.1835441-26.8719432,55589.38458125002,18.380000000000003,0.0527581451057556,W1
QSO_209.1835441-26.8719432,56687.08111950003,18.074,0.0543333415132917,W1
QSO_209.1835441-26.8719432,56864.34440975001,18.0535,0.0685147996988809,W1
QSO_209.1835441-26.8719432,57049.56557768477,18.106,0.0936074356020932,W1
QSO_209.1835441-26.8719432,57223.06774979,18.078,0.1261979471901184,W1
QSO_209.1835441-26.8719432,57412.54853655257,18.357,0.120208152801713,W1
QSO_209.1835441-26.8719432,57585.34194208119,18.057,0.0784888527117072,W1
QSO_209.1835441-26.8719432,57780.38898900003,18.002000000000002,0.0458919826775237,W1
QSO_209.1835441-26.8719432,57945.70281800002,18.3,0.2346346253377952,W1
QSO_209.1835441-26.8719432,58144.811814500026,18.182,0.0505426552527668,W1
QSO_209.1835441-26.8719432,58306.37380849999,17.982,0.1250019999839999,W1
QSO_209.1835441-26.8719432,58508.73050200004,18.278,0.0165342651544681,W1
QSO_209.1835441-26.8719432,58670.03728799996,18.1875,0.2513764607118171,W1
QSO_209.1835441-26.8719432,58875.43892500001,18.1185,0.0659217101947457,W1
QSO_209.1835441-26.8719432,59037.231768699945,18.292,0.0997662110887245,W1
QSO_209.1835441-26.8719432,59240.131345,17.881999999999998,0.1472786203085842,W1
QSO_209.1835441-26.8719432,59401.69965349999,18.235,0.098994949366117,W1
QSO_209.1835441-26.8719432,59607.04584299999,18.287,0.1164992449506603,W1
QSO_209.1835441-26.8719432,59765.46460299996,18.009999999999998,0.0543507129668052,W1
QSO_209.1835441-26.8719432,59970.944455500015,18.14,0.1016664845171405,W1
QSO_209.1835441-26.8719432,60132.416404,18.2425,0.1325825214724776,W1
QSO_209.1835441-26.8719432,60334.89542979998,18.3195,0.1009699057888041,W1
QSO_209.1835441-26.8719432,55222.725273,18.198,0.0842124656389932,W2
QSO_209.1835441-26.8719432,55402.30939750003,18.25,0.0947628763993803,W2
QSO_209.1835441-26.8719432,55589.38458125002,18.3075,0.0776023517684871,W2
QSO_209.1835441-26.8719432,56687.08111950003,18.554,0.0962837473304815,W2
QSO_209.1835441-26.8719432,56864.34440975001,18.14,0.0759884555072047,W2
QSO_209.1835441-26.8719432,57049.56557768477,18.419,0.193161776757204,W2
QSO_209.1835441-26.8719432,57223.06774979,17.9775,0.186281037682315,W2
QSO_209.1835441-26.8719432,57412.54853655257,18.402,0.1697056274847715,W2
QSO_209.1835441-26.8719432,57585.34194208119,18.217,0.0098994949366124,W2
QSO_209.1835441-26.8719432,57780.38898900003,18.404,0.0589764548122571,W2
QSO_209.1835441-26.8719432,57945.70281800002,18.327,0.1718856208839667,W2
QSO_209.1835441-26.8719432,58144.811814500026,18.3,0.0727349159620056,W2
QSO_209.1835441-26.8719432,58306.37380849999,18.299,0.1580951058698532,W2
QSO_209.1835441-26.8719432,58508.73050200004,18.071,0.0780054195620378,W2
QSO_209.1835441-26.8719432,58670.03728799996,17.726,0.2962777413171637,W2
QSO_209.1835441-26.8719432,58875.43892500001,18.2685,0.1444309415430092,W2
QSO_209.1835441-26.8719432,59037.231768699945,18.2385,0.0115027170703275,W2
QSO_209.1835441-26.8719432,59240.131345,18.13,0.1797654916829144,W2
QSO_209.1835441-26.8719432,59401.69965349999,18.193,0.2262741699796954,W2
QSO_209.1835441-26.8719432,59607.04584299999,17.99,0.0567509177605665,W2
QSO_209.1835441-26.8719432,59765.46460299996,18.518,0.0617887680072346,W2
QSO_209.1835441-26.8719432,59970.944455500015,18.182,0.0634916150777818,W2
QSO_209.1835441-26.8719432,60132.416404,18.2585,0.0038890872965257,W2
QSO_209.1835441-26.8719432,60334.89542979998,18.3435,0.0654936781300304,W2
QSO_209.3038978-26.6395749,55222.725126999976,18.105,0.0612029612775051,W1
QSO_209.3038978-26.6395749,55402.34248475001,18.223,0.0324855198511583,W1
QSO_209.3038978-26.6395749,55589.38452650002,17.921,0.0692761516337701,W1
QSO_209.3038978-26.6395749,56687.08111950003,17.929000000000002,0.0740448607225167,W1
QSO_209.3038978-26.6395749,56864.377314500016,18.18,0.088140988304205,W1
QSO_209.3038978-26.6395749,57049.56544993479,18.2065,0.1459047285553649,W1
QSO_209.3038978-26.6395749,57223.19889429836,17.942999999999998,0.0221641602593016,W1
QSO_209.3038978-26.6395749,57412.74548116507,18.027,0.0102089285540763,W1
QSO_209.3038978-26.6395749,57585.34208848114,17.96,0.0469769305084951,W1
QSO_209.3038978-26.6395749,57780.87987749996,18.105,0.0481927073013859,W1
QSO_209.3038978-26.6395749,57945.73566800002,18.063,0.0598315343276439,W1
QSO_209.3038978-26.6395749,58144.6155175,18.1005,0.0775668562435012,W1
QSO_209.3038978-26.6395749,58306.24324799999,18.1235,0.070077998872156,W1
QSO_209.3038978-26.6395749,58508.73050200004,18.021,0.113976673998426,W1
QSO_209.3038978-26.6395749,58670.037616499976,18.159,0.0890934789981851,W1
QSO_209.3038978-26.6395749,58875.53719599999,18.138,0.0774785966871262,W1
QSO_209.3038978-26.6395749,59037.16625469999,18.084,0.0704494499623664,W1
QSO_209.3038978-26.6395749,59240.35990799998,18.0905,0.0759259202800358,W1
QSO_209.3038978-26.6395749,59401.66715024997,18.152500000000003,0.0781352993211135,W1
QSO_209.3038978-26.6395749,59607.17627575001,18.12,0.0623598428477813,W1
QSO_209.3038978-26.6395749,59765.82301474999,18.0315,0.0477133367099807,W1
QSO_209.3038978-26.6395749,59971.009461999965,17.912,0.0471815549273701,W1
QSO_209.3038978-26.6395749,60132.18966599998,18.074,0.0358401802244145,W1
QSO_209.3038978-26.6395749,60335.28302380004,17.932000000000002,0.0600243950406833,W1
QSO_209.3038978-26.6395749,60497.30361100002,18.24,0.0,W1
QSO_209.3038978-26.6395749,55222.725126999976,18.386,0.0500559631942403,W2
QSO_209.3038978-26.6395749,55402.34248475001,18.322,0.0781737104146914,W2
QSO_209.3038978-26.6395749,55589.38452650002,18.567,0.1200595531238399,W2
QSO_209.3038978-26.6395749,56687.08111950003,18.192,0.1245961405932337,W2
QSO_209.3038978-26.6395749,56864.377314500016,18.108,0.0777922028365144,W2
QSO_209.3038978-26.6395749,57049.56544993479,18.435,0.0942757234766039,W2
QSO_209.3038978-26.6395749,57223.19889429836,18.5135,0.0257839581910918,W2
QSO_209.3038978-26.6395749,57412.74548116507,18.078,0.0687329776906411,W2
QSO_209.3038978-26.6395749,57585.34208848114,18.49,0.0866687486929401,W2
QSO_209.3038978-26.6395749,57780.87987749996,18.073,0.1407828805091176,W2
QSO_209.3038978-26.6395749,57945.73566800002,18.016,0.1126154962693857,W2
QSO_209.3038978-26.6395749,58144.6155175,18.553,0.0698838321788381,W2
QSO_209.3038978-26.6395749,58306.24324799999,17.9635,0.1095797527932153,W2
QSO_209.3038978-26.6395749,58508.73050200004,18.138,0.0837434998130177,W2
QSO_209.3038978-26.6395749,58670.037616499976,18.332,0.0795906527175143,W2
QSO_209.3038978-26.6395749,58875.53719599999,18.156,0.0965270396715612,W2
QSO_209.3038978-26.6395749,59037.16625469999,18.2385,0.0566949071786877,W2
QSO_209.3038978-26.6395749,59240.35990799998,18.2255,0.1314854589904371,W2
QSO_209.3038978-26.6395749,59401.66715024997,18.616,0.1909188309203675,W2
QSO_209.3038978-26.6395749,59607.17627575001,18.2835,0.0800487156361675,W2
QSO_209.3038978-26.6395749,59765.82301474999,18.3235,0.0333288538656826,W2
QSO_209.3038978-26.6395749,59971.009461999965,18.077,0.0977437000721278,W2
QSO_209.3038978-26.6395749,60132.18966599998,18.233,0.0284500862460448,W2
QSO_209.3038978-26.6395749,60335.28302380004,18.259,0.0484479101716472,W2
QSO_209.3038978-26.6395749,60497.30361100002,18.101,0.0,W2
QSO_208.9897596-26.6795715,55222.592924,18.326,0.1563218441243488,W1
QSO_208.9897596-26.6795715,55402.11107475001,18.309,0.0508086705199025,W1
QSO_208.9897596-26.6795715,55589.05418325001,18.358,0.0707106781186545,W1
QSO_208.9897596-26.6795715,56686.91650449999,18.089,0.0559139550592723,W1
QSO_208.9897596-26.6795715,56864.24584150004,18.035,0.0667734082299774,W1
QSO_208.9897596-26.6795715,57049.33575542016,18.224,0.0713840843605913,W1
QSO_208.9897596-26.6795715,57222.9694370338,18.204,0.0546384480013844,W1
QSO_208.9897596-26.6795715,57412.54853655257,17.979,0.0777817459305198,W1
QSO_208.9897596-26.6795715,57780.35628499997,18.221,0.0438247773652197,W1
QSO_208.9897596-26.6795715,57945.60477899993,18.3385,0.0980576998506487,W1
QSO_208.9897596-26.6795715,58144.55018250004,18.186,0.0416407492727978,W1
QSO_208.9897596-26.6795715,58305.58931400002,18.008,0.0630888896716369,W1
QSO_208.9897596-26.6795715,58508.37090400002,18.128,0.0647176560144138,W1
QSO_208.9897596-26.6795715,58669.48190399999,18.003,0.1369411369895843,W1
QSO_208.9897596-26.6795715,58875.17672260006,18.4395,0.0809555490743283,W1
QSO_208.9897596-26.6795715,59036.969694399966,18.323,0.165442392346052,W1
QSO_208.9897596-26.6795715,59240.19664350001,18.047,0.0472968497893886,W1
QSO_208.9897596-26.6795715,59401.56902000002,18.335,0.0316590634147048,W1
QSO_208.9897596-26.6795715,59607.11099549997,18.399,0.1163941579289955,W1
QSO_208.9897596-26.6795715,59765.46460299996,18.11,0.0,W1
QSO_208.9897596-26.6795715,59970.78175675004,18.243,0.0855043046349779,W1
QSO_208.9897596-26.6795715,60132.18952000003,18.132,0.0510016470322279,W1
QSO_208.9897596-26.6795715,60334.92772930001,18.261,0.0537401153701779,W1
QSO_208.9897596-26.6795715,60496.50379119999,18.1665,0.0844992603517927,W1
QSO_208.9897596-26.6795715,55222.592924,18.541,0.0829963995144457,W2
QSO_208.9897596-26.6795715,55402.11107475001,18.403,0.1005271555352084,W2
QSO_208.9897596-26.6795715,55589.05418325001,18.1615,0.0470226009489063,W2
QSO_208.9897596-26.6795715,56686.91650449999,18.2635,0.094416531822989,W2
QSO_208.9897596-26.6795715,56864.24584150004,18.162,0.1144363293250344,W2
QSO_208.9897596-26.6795715,57049.33575542016,18.54,0.094721301722474,W2
QSO_208.9897596-26.6795715,57222.9694370338,18.351,0.0987503518981072,W2
QSO_208.9897596-26.6795715,57412.54853655257,18.1385,0.0116672618895784,W2
QSO_208.9897596-26.6795715,57780.35628499997,18.378,0.0991471035792179,W2
QSO_208.9897596-26.6795715,57945.60477899993,18.5195,0.1720701165223062,W2
QSO_208.9897596-26.6795715,58144.55018250004,18.116,0.0545420204979606,W2
QSO_208.9897596-26.6795715,58305.58931400002,18.292,0.065044969059874,W2
QSO_208.9897596-26.6795715,58508.37090400002,18.069000000000003,0.0729571792217869,W2
QSO_208.9897596-26.6795715,58669.48190399999,18.2065,0.1210250490601017,W2
QSO_208.9897596-26.6795715,58875.17672260006,18.1895,0.0681906708618752,W2
QSO_208.9897596-26.6795715,59036.969694399966,18.207,0.0462913478836904,W2
QSO_208.9897596-26.6795715,59240.19664350001,18.133,0.1516642607867785,W2
QSO_208.9897596-26.6795715,59401.56902000002,18.085,0.0196487677495074,W2
QSO_208.9897596-26.6795715,59607.11099549997,18.215,0.1131938514231228,W2
QSO_208.9897596-26.6795715,59765.46460299996,18.71,0.0,W2
QSO_208.9897596-26.6795715,59970.78175675004,18.259,0.1328250032240974,W2
QSO_208.9897596-26.6795715,60132.18952000003,18.293,0.0619776733993785,W2
QSO_208.9897596-26.6795715,60334.92772930001,18.1305,0.0852063671329801,W2
QSO_208.9897596-26.6795715,60496.50379119999,17.9255,0.064700270478569,W2
QSO_209.2016554-26.7625968,55222.725126999976,17.845,0.0509747550850094,W1
QSO_209.2016554-26.7625968,55402.30939750003,17.634999999999998,0.0512587240391666,W1
QSO_209.2016554-26.7625968,55589.31847974996,17.731499999999997,0.0303665111594998,W1
QSO_209.2016554-26.7625968,56687.08111950003,17.555,0.0346026170668021,W1
QSO_209.2016554-26.7625968,56864.31165099996,17.527,0.033086286161514,W1
QSO_209.2016554-26.7625968,57049.598281686856,17.5165,0.0395229363787662,W1
QSO_209.2016554-26.7625968,57223.06774979,17.73,0.0580619281457308,W1
QSO_209.2016554-26.7625968,57412.54853655257,17.7215,0.0243951839509368,W1
QSO_209.2016554-26.7625968,57585.276354877016,17.73,0.0659090282131362,W1
QSO_209.2016554-26.7625968,57780.58534074997,17.7165,0.0549533893404221,W1
QSO_209.2016554-26.7625968,57945.70296399997,17.575,0.0787250254342908,W1
QSO_209.2016554-26.7625968,58144.615590499976,17.653,0.040616843796632,W1
QSO_209.2016554-26.7625968,58306.24324799999,17.642500000000002,0.0483066976416005,W1
QSO_209.2016554-26.7625968,58508.59983200004,17.639,0.0299379338529216,W1
QSO_209.2016554-26.7625968,58670.03736100002,17.6515,0.0653178526514764,W1
QSO_209.2016554-26.7625968,58875.40613139996,17.618000000000002,0.0855213815694029,W1
QSO_209.2016554-26.7625968,59037.231787,17.697,0.0570924863708004,W1
QSO_209.2016554-26.7625968,59240.32731350001,17.722,0.0308285225921161,W1
QSO_209.2016554-26.7625968,59401.569165999965,17.552999999999997,0.1550837288788316,W1
QSO_209.2016554-26.7625968,59607.24155599997,17.785,0.0630638530592781,W1
QSO_209.2016554-26.7625968,59765.5298285,17.802,0.1430075937669048,W1
QSO_209.2016554-26.7625968,59970.911934000025,17.676000000000002,0.0473253612222326,W1
QSO_209.2016554-26.7625968,60132.22196850004,17.5935,0.0256792109497154,W1
QSO_209.2016554-26.7625968,60335.21846140001,17.490000000000002,0.0805488174959754,W1
QSO_209.2016554-26.7625968,60497.30361100002,17.478,0.0,W1
QSO_209.2016554-26.7625968,55222.725126999976,18.485,0.0690177228263868,W2
QSO_209.2016554-26.7625968,55402.30939750003,18.283,0.0740338779827401,W2
QSO_209.2016554-26.7625968,55589.31847974996,18.329,0.1950977319191592,W2
QSO_209.2016554-26.7625968,56687.08111950003,18.139,0.0884899888920258,W2
QSO_209.2016554-26.7625968,56864.31165099996,18.105,0.0791268884253594,W2
QSO_209.2016554-26.7625968,57049.598281686856,18.0315,0.1414233449611486,W2
QSO_209.2016554-26.7625968,57223.06774979,17.985500000000002,0.0568820050631126,W2
QSO_209.2016554-26.7625968,57412.54853655257,18.2335,0.1431891231902762,W2
QSO_209.2016554-26.7625968,57585.276354877016,18.272,0.1911720187180664,W2
QSO_209.2016554-26.7625968,57780.58534074997,18.2445,0.1252068843510167,W2
QSO_209.2016554-26.7625968,57945.70296399997,18.149,0.0363511678960582,W2
QSO_209.2016554-26.7625968,58144.615590499976,18.205,0.1377871982442488,W2
QSO_209.2016554-26.7625968,58306.24324799999,18.198500000000003,0.1574044683821481,W2
QSO_209.2016554-26.7625968,58508.59983200004,17.877,0.1168284980609767,W2
QSO_209.2016554-26.7625968,58670.03736100002,18.0245,0.1989787598589359,W2
QSO_209.2016554-26.7625968,58875.40613139996,18.116,0.0819551537752245,W2
QSO_209.2016554-26.7625968,59037.231787,18.115,0.0919719087547928,W2
QSO_209.2016554-26.7625968,59240.32731350001,18.161,0.0782382839850976,W2
QSO_209.2016554-26.7625968,59401.569165999965,17.843,0.1027683479157538,W2
QSO_209.2016554-26.7625968,59607.24155599997,18.28,0.0757996822996947,W2
QSO_209.2016554-26.7625968,59765.5298285,18.2505,0.062153414025297,W2
QSO_209.2016554-26.7625968,59970.911934000025,18.3765,0.1150891964875423,W2
QSO_209.2016554-26.7625968,60132.22196850004,18.2555,0.1382545207217471,W2
QSO_209.2016554-26.7625968,60335.21846140001,18.168,0.0563081521628971,W2
QSO_209.2016554-26.7625968,60497.30361100002,18.285,0.0,W2
QSO_209.2558351-26.5339503,55222.725126999976,17.682000000000002,0.0303602279344742,W1
QSO_209.2558351-26.5339503,55402.24333249999,17.788,0.0345533920167446,W1
QSO_209.2558351-26.5339503,55589.25232349997,17.618000000000002,0.0545411838956649,W1
QSO_209.2558351-26.5339503,56687.01520050002,17.628,0.0770939167509346,W1
QSO_209.2558351-26.5339503,56864.37742400002,17.746000000000002,0.0384811642235528,W1
QSO_209.2558351-26.5339503,57049.69675869307,17.740000000000002,0.052328732989595,W1
QSO_209.2558351-26.5339503,57223.06774979,17.610999999999997,0.0295645480263103,W1
QSO_209.2558351-26.5339503,57412.74548116507,17.689,0.0749315737239033,W1
QSO_209.2558351-26.5339503,57585.47339098947,17.7055,0.001767766952966,W1
QSO_209.2558351-26.5339503,57780.9780625,17.715,0.0,W1
QSO_209.2558351-26.5339503,57945.73566800002,17.639499999999998,0.0024748737341534,W1
QSO_209.2558351-26.5339503,58144.87722249996,17.774,0.0113757376643199,W1
QSO_209.2558351-26.5339503,58306.1776575,17.6525,0.0225804118651546,W1
QSO_209.2558351-26.5339503,58508.50164699999,17.772,0.0664694478689273,W1
QSO_209.2558351-26.5339503,58670.16835949996,17.545,0.0714177848998419,W1
QSO_209.2558351-26.5339503,58875.40602160004,17.673000000000002,0.0343623049285114,W1
QSO_209.2558351-26.5339503,59037.10072239997,17.653,0.0423276461621662,W1
QSO_209.2558351-26.5339503,59240.32720400001,17.703,0.0529585498290881,W1
QSO_209.2558351-26.5339503,59607.17627575001,17.750500000000002,0.0809637264458606,W1
QSO_209.2558351-26.5339503,59765.49706975003,17.68,0.0303878573611238,W1
QSO_209.2558351-26.5339503,59970.97695875003,17.7765,0.0359850792124449,W1
QSO_209.2558351-26.5339503,60132.319314,17.855,0.0883959945464264,W1
QSO_209.2558351-26.5339503,60335.15375260002,17.728,0.0172197130788675,W1
QSO_209.2558351-26.5339503,60497.30361100002,17.722,0.0,W1
QSO_209.2558351-26.5339503,55222.725126999976,18.211,0.120048945314555,W2
QSO_209.2558351-26.5339503,55402.24333249999,18.173,0.1278902993561675,W2
QSO_209.2558351-26.5339503,55589.25232349997,18.596,0.0040092485672601,W2
QSO_209.2558351-26.5339503,56687.01520050002,18.152,0.0548717778097267,W2
QSO_209.2558351-26.5339503,56864.37742400002,18.13,0.0684076019167459,W2
QSO_209.2558351-26.5339503,57049.69675869307,18.15,0.319706925978338,W2
QSO_209.2558351-26.5339503,57223.06774979,18.2975,0.0941211818614706,W2
QSO_209.2558351-26.5339503,57412.74548116507,17.958,0.113567405339541,W2
QSO_209.2558351-26.5339503,57585.47339098947,17.877000000000002,0.0707106781186545,W2
QSO_209.2558351-26.5339503,57780.9780625,17.865,0.0,W2
QSO_209.2558351-26.5339503,57945.73566800002,18.215,0.2764787514439413,W2
QSO_209.2558351-26.5339503,58144.87722249996,18.016,0.0228246130955808,W2
QSO_209.2558351-26.5339503,58306.1776575,18.0605,0.0496676454042264,W2
QSO_209.2558351-26.5339503,58508.50164699999,18.1365,0.118554048855364,W2
QSO_209.2558351-26.5339503,58670.16835949996,18.422,0.0975807358037434,W2
QSO_209.2558351-26.5339503,58875.40602160004,18.225,0.1908890777388797,W2
QSO_209.2558351-26.5339503,59037.10072239997,18.123,0.0207114210754105,W2
QSO_209.2558351-26.5339503,59240.32720400001,18.015,0.0623146852675996,W2
QSO_209.2558351-26.5339503,59607.17627575001,17.9135,0.2902673336770783,W2
QSO_209.2558351-26.5339503,59765.49706975003,18.1075,0.1260453167515556,W2
QSO_209.2558351-26.5339503,59970.97695875003,18.204,0.0983607306466015,W2
QSO_209.2558351-26.5339503,60132.319314,18.097,0.0973496942109379,W2
QSO_209.2558351-26.5339503,60335.15375260002,18.424,0.1085264944610298,W2
QSO_209.2558351-26.5339503,60497.30361100002,17.866,0.0,W2
QSO_209.141046-26.8506487,55222.725126999976,17.802,0.0527813576948965,W1
QSO_209.141046-26.8506487,55402.27631024997,17.8215,0.0396417304979864,W1
QSO_209.141046-26.8506487,55589.31847974996,17.968,0.0747883471872456,W1
QSO_209.141046-26.8506487,56687.04821475003,17.778499999999998,0.0412953349362854,W1
QSO_209.141046-26.8506487,56864.31150500001,17.802999999999997,0.0426967486546576,W1
QSO_209.141046-26.8506487,57049.56557768477,17.759999999999998,0.0174094227359784,W1
QSO_209.141046-26.8506487,57222.9694370338,17.609,0.0633350455908886,W1
QSO_209.141046-26.8506487,57412.54853655257,17.7775,0.0300520382004285,W1
QSO_209.141046-26.8506487,57585.276354877016,17.945,0.0289610210583254,W1
QSO_209.141046-26.8506487,57780.58534074997,17.8275,0.0571787726086964,W1
QSO_209.141046-26.8506487,57945.70289099999,17.823,0.0370337683742825,W1
QSO_209.141046-26.8506487,58144.615590499976,17.861,0.0694206885589589,W1
QSO_209.141046-26.8506487,58306.24324799999,17.8375,0.0591845825770092,W1
QSO_209.141046-26.8506487,58508.59983200004,17.906,0.0468477466935433,W1
QSO_209.141046-26.8506487,58670.03728799996,17.865499999999997,0.0941215968840307,W1
QSO_209.141046-26.8506487,58875.47160879998,17.89,0.0402789995557563,W1
QSO_209.141046-26.8506487,59037.10072239997,17.925,0.0423779187785338,W1
QSO_209.141046-26.8506487,59240.19664350001,17.792,0.0604515927145711,W1
QSO_209.141046-26.8506487,59401.69965349999,17.831000000000003,0.066468037431535,W1
QSO_209.141046-26.8506487,59607.111141500005,17.85,0.0695490618196968,W1
QSO_209.141046-26.8506487,59765.5298285,17.8465,0.1070026284723882,W1
QSO_209.141046-26.8506487,59970.911934000025,17.816499999999998,0.0665059521145787,W1
QSO_209.141046-26.8506487,60132.22196850004,17.982,0.075999486017999,W1
QSO_209.141046-26.8506487,60335.08933660002,17.836,0.1176896397817297,W1
QSO_209.141046-26.8506487,60496.88768860004,17.894,0.0240416305603418,W1
QSO_209.141046-26.8506487,55222.725126999976,18.615,0.0864819029249919,W2
QSO_209.141046-26.8506487,55402.27631024997,18.4385,0.130195338518224,W2
QSO_209.141046-26.8506487,55589.31847974996,18.5185,0.1586184494313318,W2
QSO_209.141046-26.8506487,56687.04821475003,18.2245,0.0520996453622766,W2
QSO_209.141046-26.8506487,56864.31150500001,18.269,0.073598864576439,W2
QSO_209.141046-26.8506487,57049.56557768477,18.447,0.1491029174764865,W2
QSO_209.141046-26.8506487,57222.9694370338,18.36,0.078311480639814,W2
QSO_209.141046-26.8506487,57412.54853655257,18.033,0.0480832611206849,W2
QSO_209.141046-26.8506487,57585.276354877016,18.469,0.1364315049962999,W2
QSO_209.141046-26.8506487,57780.58534074997,18.1465,0.0779482259318705,W2
QSO_209.141046-26.8506487,57945.70289099999,18.3755,0.1101683371028178,W2
QSO_209.141046-26.8506487,58144.615590499976,18.123,0.0953304148737436,W2
QSO_209.141046-26.8506487,58306.24324799999,18.0265,0.1619699474868373,W2
QSO_209.141046-26.8506487,58508.59983200004,18.269,0.1433461223304349,W2
QSO_209.141046-26.8506487,58670.03728799996,18.1005,0.0852176441530743,W2
QSO_209.141046-26.8506487,58875.47160879998,18.074,0.0916345547944283,W2
QSO_209.141046-26.8506487,59037.10072239997,18.453,0.1776536855795567,W2
QSO_209.141046-26.8506487,59240.19664350001,18.097,0.1064767728427513,W2
QSO_209.141046-26.8506487,59401.69965349999,18.284,0.0855599205235725,W2
QSO_209.141046-26.8506487,59607.111141500005,18.093,0.0760522977956615,W2
QSO_209.141046-26.8506487,59765.5298285,18.532,0.0757615502745289,W2
QSO_209.141046-26.8506487,59970.911934000025,18.3735,0.13162587272406,W2
QSO_209.141046-26.8506487,60132.22196850004,18.225,0.0805434665258456,W2
QSO_209.141046-26.8506487,60335.08933660002,17.977,0.0841426665740541,W2
QSO_209.141046-26.8506487,60496.88768860004,17.671,0.1018233764908629,W2
QSO_209.3862866-26.6119384,55222.725126999976,17.791,0.0477258115323328,W1
QSO_209.3862866-26.6119384,55402.34248475001,17.682,0.0598485066647446,W1
QSO_209.3862866-26.6119384,55589.318425000034,17.755499999999998,0.1133547390936964,W1
QSO_209.3862866-26.6119384,56687.31148924999,17.676499999999997,0.0269938264547036,W1
QSO_209.3862866-26.6119384,56864.37742400002,17.662,0.0367129150903426,W1
QSO_209.3862866-26.6119384,57049.56544993479,17.718,0.0445601964886952,W1
QSO_209.3862866-26.6119384,57223.19889429836,17.637999999999998,0.0416493297264995,W1
QSO_209.3862866-26.6119384,57412.94255387755,17.7635,0.0381919494134563,W1
QSO_209.3862866-26.6119384,57585.34208848114,17.756999999999998,0.0339050963065374,W1
QSO_209.3862866-26.6119384,57780.87987749996,17.752000000000002,0.0340813976630454,W1
QSO_209.3862866-26.6119384,57945.768371999984,17.766,0.0342314475300128,W1
QSO_209.3862866-26.6119384,58144.746260499975,17.59,0.049362347993353,W1
QSO_209.3862866-26.6119384,58306.24324799999,17.765,0.0249871263149944,W1
QSO_209.3862866-26.6119384,58508.86126325007,17.61,0.0615578619704287,W1
QSO_209.3862866-26.6119384,58670.07006499999,17.673499999999997,0.0333305554398054,W1
QSO_209.3862866-26.6119384,58875.438870099926,17.625,0.0344555590126612,W1
QSO_209.3862866-26.6119384,59037.16625469999,17.8825,0.0488638094605807,W1
QSO_209.3862866-26.6119384,59240.392612000025,17.676000000000002,0.0363636476278808,W1
QSO_209.3862866-26.6119384,59401.76513449998,17.913,0.0,W1
QSO_209.3862866-26.6119384,59607.17627575001,17.7775,0.0483624014602249,W1
QSO_209.3862866-26.6119384,59765.595054000034,17.73,0.0459300337469936,W1
QSO_209.3862866-26.6119384,59971.17208774996,17.7055,0.0755842674204192,W1
QSO_209.3862866-26.6119384,60132.48131925,17.6945,0.0612692571768254,W1
QSO_209.3862866-26.6119384,60335.21846140001,17.804000000000002,0.0631813896649955,W1
QSO_209.3862866-26.6119384,60497.30361100002,17.615000000000002,0.0,W1
QSO_209.3862866-26.6119384,55222.725126999976,18.309,0.073965791225437,W2
QSO_209.3862866-26.6119384,55402.34248475001,18.6575,0.0766708544485777,W2
QSO_209.3862866-26.6119384,55589.318425000034,18.622,0.0639741158594628,W2
QSO_209.3862866-26.6119384,56687.31148924999,18.0305,0.1294823025230349,W2
QSO_209.3862866-26.6119384,56864.37742400002,18.26,0.131586812269457,W2
QSO_209.3862866-26.6119384,57049.56544993479,18.2365,0.1063492020552,W2
QSO_209.3862866-26.6119384,57223.19889429836,18.1665,0.1179596603991444,W2
QSO_209.3862866-26.6119384,57412.94255387755,18.1725,0.0592737294254374,W2
QSO_209.3862866-26.6119384,57585.34208848114,17.907,0.150803281229653,W2
QSO_209.3862866-26.6119384,57780.87987749996,18.249,0.1244902197556695,W2
QSO_209.3862866-26.6119384,57945.768371999984,18.079,0.0789862772891594,W2
QSO_209.3862866-26.6119384,58144.746260499975,18.217,0.0821322974579079,W2
QSO_209.3862866-26.6119384,58306.24324799999,18.373,0.1729616875795631,W2
QSO_209.3862866-26.6119384,58508.86126325007,18.0745,0.1071325114052684,W2
QSO_209.3862866-26.6119384,58670.07006499999,18.1705,0.1063264539746099,W2
QSO_209.3862866-26.6119384,58875.438870099926,18.51,0.118539014872214,W2
QSO_209.3862866-26.6119384,59037.16625469999,18.098,0.146023275113935,W2
QSO_209.3862866-26.6119384,59240.392612000025,18.055,0.1293683015054395,W2
QSO_209.3862866-26.6119384,59401.76513449998,18.38,0.0,W2
QSO_209.3862866-26.6119384,59607.17627575001,18.3665,0.2071751975985541,W2
QSO_209.3862866-26.6119384,59765.595054000034,18.559,0.1319275558782169,W2
QSO_209.3862866-26.6119384,59971.17208774996,18.419,0.1162042422888507,W2
QSO_209.3862866-26.6119384,60132.48131925,18.285,0.1005188881504366,W2
QSO_209.3862866-26.6119384,60335.21846140001,17.983999999999998,0.1427833043461314,W2
QSO_209.3862866-26.6119384,60497.30361100002,17.8,0.0,W2
QSO_209.3267347-26.8025279,55222.824315750026,18.229,0.0526850903956707,W1
QSO_209.3267347-26.8025279,55402.34241175003,18.284,0.0623441650988686,W1
QSO_209.3267347-26.8025279,55589.31847974996,18.364,0.0712989963113081,W1
QSO_209.3267347-26.8025279,56687.47608599997,18.047,0.0481625580715972,W1
QSO_209.3267347-26.8025279,56864.41020100004,18.262,0.0326165877564621,W1
QSO_209.3267347-26.8025279,57049.598281686856,18.131,0.0460448151261357,W1
QSO_209.3267347-26.8025279,57223.46107381497,18.075,0.1541492782986673,W1
QSO_209.3267347-26.8025279,57412.54853655257,17.9015,0.0152027957955117,W1
QSO_209.3267347-26.8025279,57585.276354877016,18.003999999999998,0.0,W1
QSO_209.3267347-26.8025279,57780.94535849995,18.1585,0.08559705883663,W1
QSO_209.3267347-26.8025279,57945.73566800002,18.192500000000003,0.0336656352977337,W1
QSO_209.3267347-26.8025279,58144.811814500026,18.134,0.0457222921560151,W1
QSO_209.3267347-26.8025279,58306.30865600001,18.002000000000002,0.0534422498971933,W1
QSO_209.3267347-26.8025279,58508.59983200004,18.148,0.0532306165873932,W1
QSO_209.3267347-26.8025279,58670.1025135,17.996000000000002,0.0573611043852569,W1
QSO_209.3267347-26.8025279,58875.47160879998,18.009999999999998,0.0477097707207055,W1
QSO_209.3267347-26.8025279,59037.231787,18.159,0.1168401985619674,W1
QSO_209.3267347-26.8025279,59240.42524300002,18.2205,0.130127341477493,W1
QSO_209.3267347-26.8025279,59607.24170200001,18.022,0.1246020370559167,W1
QSO_209.3267347-26.8025279,59765.595054000034,18.303,0.0525950568019471,W1
QSO_209.3267347-26.8025279,59971.009461999965,18.162,0.1097074655618292,W1
QSO_209.3267347-26.8025279,60132.416477000064,17.9375,0.2237992962455419,W1
QSO_209.3267347-26.8025279,60335.28302380004,18.192,0.0422277774123286,W1
QSO_209.3267347-26.8025279,60496.88768860004,18.115,0.1251579002700186,W1
QSO_209.3267347-26.8025279,55222.824315750026,18.401000000000003,0.0548172924073689,W2
QSO_209.3267347-26.8025279,55402.34241175003,18.436,0.0757695931756267,W2
QSO_209.3267347-26.8025279,55589.31847974996,18.285,0.0611105555530306,W2
QSO_209.3267347-26.8025279,56687.47608599997,18.027,0.1202099496713975,W2
QSO_209.3267347-26.8025279,56864.41020100004,18.2045,0.0862259817101262,W2
QSO_209.3267347-26.8025279,57049.598281686856,18.3505,0.1565105827092849,W2
QSO_209.3267347-26.8025279,57223.46107381497,18.36,0.0155563491861042,W2
QSO_209.3267347-26.8025279,57412.54853655257,18.2435,0.1318754146912915,W2
QSO_209.3267347-26.8025279,57585.276354877016,17.753999999999998,0.0,W2
QSO_209.3267347-26.8025279,57780.94535849995,18.2005,0.1079932482457428,W2
QSO_209.3267347-26.8025279,57945.73566800002,18.407,0.1667851818208077,W2
QSO_209.3267347-26.8025279,58144.811814500026,18.152,0.0837372079782934,W2
QSO_209.3267347-26.8025279,58306.30865600001,18.055,0.1748605793831827,W2
QSO_209.3267347-26.8025279,58508.59983200004,17.834,0.0909262668640414,W2
QSO_209.3267347-26.8025279,58670.1025135,18.494,0.0363348623531481,W2
QSO_209.3267347-26.8025279,58875.47160879998,18.544,0.1057274623562685,W2
QSO_209.3267347-26.8025279,59037.231787,18.103,0.0643164675646918,W2
QSO_209.3267347-26.8025279,59240.42524300002,18.1445,0.1093362788602209,W2
QSO_209.3267347-26.8025279,59607.24170200001,18.166,0.0471565842723287,W2
QSO_209.3267347-26.8025279,59765.595054000034,18.314,0.0742576056710691,W2
QSO_209.3267347-26.8025279,59971.009461999965,17.915,0.1790055641593301,W2
QSO_209.3267347-26.8025279,60132.416477000064,18.08,0.0120208152801721,W2
QSO_209.3267347-26.8025279,60335.28302380004,18.116,0.1242938573018108,W2
QSO_209.3267347-26.8025279,60496.88768860004,17.7695,0.0335875721063618,W2
QSO_209.1060505-26.8738667,55222.72519999995,17.802,0.0414072523463583,W1
QSO_209.1060505-26.8738667,55402.24322299998,17.72,0.0347837923249436,W1
QSO_209.1060505-26.8738667,55589.31847974996,17.9545,0.1000253092971977,W1
QSO_209.1060505-26.8738667,56687.04821475003,17.785,0.0575902654263289,W1
QSO_209.1060505-26.8738667,56864.31150500001,17.759,0.0627678458220116,W1
QSO_209.1060505-26.8738667,57049.56557768477,17.839,0.0324264089902042,W1
QSO_209.1060505-26.8738667,57223.06769504008,17.713,0.0591009464814229,W1
QSO_209.1060505-26.8738667,57412.54853655257,17.735,0.1067731239591685,W1
QSO_209.1060505-26.8738667,57585.276354877016,17.948,0.0128322510366139,W1
QSO_209.1060505-26.8738667,57780.61811775,17.8645,0.0590263594600846,W1
QSO_209.1060505-26.8738667,57945.70289099999,17.638,0.0432815997278284,W1
QSO_209.1060505-26.8738667,58144.615590499976,17.759999999999998,0.0634606019511318,W1
QSO_209.1060505-26.8738667,58306.177839999975,17.872,0.0662006646492311,W1
QSO_209.1060505-26.8738667,58508.53442400002,17.781,0.0502822355011896,W1
QSO_209.1060505-26.8738667,58669.84144724993,17.704,0.0473331377147753,W1
QSO_209.1060505-26.8738667,58875.43892500001,17.7815,0.0610014728305799,W1
QSO_209.1060505-26.8738667,59037.10072239997,17.817999999999998,0.0214091569194114,W1
QSO_209.1060505-26.8738667,59240.19664350001,17.796,0.0589801761585891,W1
QSO_209.1060505-26.8738667,59401.56902000002,17.591,0.1649424141935614,W1
QSO_209.1060505-26.8738667,59607.111141500005,17.721,0.0513876249694415,W1
QSO_209.1060505-26.8738667,59765.5298285,17.8195,0.049174434414643,W1
QSO_209.1060505-26.8738667,59970.87941250004,17.73,0.0429778572047578,W1
QSO_209.1060505-26.8738667,60132.18952000003,17.643,0.0513204832401254,W1
QSO_209.1060505-26.8738667,60335.08933660002,17.832,0.0626752901868029,W1
QSO_209.1060505-26.8738667,60496.88768860004,17.7325,0.0392444263558536,W1
QSO_209.1060505-26.8738667,55222.72519999995,18.454,0.0712432014300311,W2
QSO_209.1060505-26.8738667,55402.24322299998,18.453,0.0788966784538882,W2
QSO_209.1060505-26.8738667,55589.31847974996,18.41,0.1246456853444997,W2
QSO_209.1060505-26.8738667,56687.04821475003,18.333,0.0626564136531529,W2
QSO_209.1060505-26.8738667,56864.31150500001,17.945999999999998,0.0725820098106146,W2
QSO_209.1060505-26.8738667,57049.56557768477,18.05,0.1256647603745778,W2
QSO_209.1060505-26.8738667,57223.06769504008,18.324,0.1956043120051293,W2
QSO_209.1060505-26.8738667,57412.54853655257,18.5,0.1286934341759506,W2
QSO_209.1060505-26.8738667,57585.276354877016,18.222,0.1179896417299233,W2
QSO_209.1060505-26.8738667,57780.61811775,18.3135,0.1369926498433806,W2
QSO_209.1060505-26.8738667,57945.70289099999,18.046,0.2010647827815699,W2
QSO_209.1060505-26.8738667,58144.615590499976,17.974999999999998,0.1134039152763256,W2
QSO_209.1060505-26.8738667,58306.177839999975,18.387,0.1164452145860876,W2
QSO_209.1060505-26.8738667,58508.53442400002,18.089,0.068594171398554,W2
QSO_209.1060505-26.8738667,58669.84144724993,18.305,0.1353315715539402,W2
QSO_209.1060505-26.8738667,58875.43892500001,18.246,0.1013174061890406,W2
QSO_209.1060505-26.8738667,59037.10072239997,18.218,0.0292514615019489,W2
QSO_209.1060505-26.8738667,59240.19664350001,18.183,0.06952444774336,W2
QSO_209.1060505-26.8738667,59401.56902000002,18.366,0.1097839629386667,W2
QSO_209.1060505-26.8738667,59607.111141500005,18.09,0.0790713095882441,W2
QSO_209.1060505-26.8738667,59765.5298285,18.0345,0.0757136876661018,W2
QSO_209.1060505-26.8738667,59970.87941250004,18.578,0.1323316797648536,W2
QSO_209.1060505-26.8738667,60132.18952000003,18.156,0.1054762153283855,W2
QSO_209.1060505-26.8738667,60335.08933660002,17.968,0.1175586321798615,W2
QSO_209.1060505-26.8738667,60496.88768860004,17.628999999999998,0.2234457428549495,W2
QSO_209.3388906-26.5776586,55222.725126999976,17.912,0.0506249828532209,W1
QSO_209.3388906-26.5776586,55402.30939750003,17.820999999999998,0.0420159026657472,W1
QSO_209.3388906-26.5776586,55589.38452650002,17.884,0.0549956227214358,W1
QSO_209.3388906-26.5776586,56687.11400599997,18.038,0.0552304652965641,W1
QSO_209.3388906-26.5776586,56864.37736925002,17.781,0.0308949834115505,W1
QSO_209.3388906-26.5776586,57049.56544993479,17.9,0.0414646212428718,W1
QSO_209.3388906-26.5776586,57223.16606254629,17.948999999999998,0.0443608836701883,W1
QSO_209.3388906-26.5776586,57412.74548116507,17.859,0.0327142510570277,W1
QSO_209.3388906-26.5776586,57585.30922167908,17.982,0.0338089762489192,W1
QSO_209.3388906-26.5776586,57780.9780625,17.938000000000002,0.0632756509251389,W1
QSO_209.3388906-26.5776586,57945.768371999984,17.915,0.0681612206463472,W1
QSO_209.3388906-26.5776586,58144.7790375,17.822,0.0604291779430682,W1
QSO_209.3388906-26.5776586,58306.24324799999,17.7825,0.0683456967135403,W1
QSO_209.3388906-26.5776586,58508.73050200004,17.765,0.0672807095499965,W1
QSO_209.3388906-26.5776586,58670.07006499999,17.836,0.09483365370479,W1
QSO_209.3388906-26.5776586,58875.40613139996,17.767,0.0464493203244201,W1
QSO_209.3388906-26.5776586,59037.16625469999,17.8815,0.0144956890143238,W1
QSO_209.3388906-26.5776586,59240.35990799998,17.86,0.0386817499316897,W1
QSO_209.3388906-26.5776586,59401.66715024997,17.961000000000002,0.0226274169979695,W1
QSO_209.3388906-26.5776586,59607.17627575001,17.747999999999998,0.1286975014326232,W1
QSO_209.3388906-26.5776586,59765.595054000034,18.0,0.0466235991746668,W1
QSO_209.3388906-26.5776586,59971.009461999965,17.792,0.0843979190878287,W1
QSO_209.3388906-26.5776586,60132.319314,17.79,0.0970980535335288,W1
QSO_209.3388906-26.5776586,60335.21846140001,17.983,0.0292623990814149,W1
QSO_209.3388906-26.5776586,60497.23967080006,17.8105,0.0385373195746674,W1
QSO_209.3388906-26.5776586,55222.725126999976,18.087,0.0925312241075532,W2
QSO_209.3388906-26.5776586,55402.30939750003,18.288,0.0717680496408085,W2
QSO_209.3388906-26.5776586,55589.38452650002,18.516,0.1748855710542268,W2
QSO_209.3388906-26.5776586,56687.11400599997,18.3025,0.0706356048453964,W2
QSO_209.3388906-26.5776586,56864.37736925002,18.0845,0.1071367044364348,W2
QSO_209.3388906-26.5776586,57049.56544993479,18.353,0.0990815227383399,W2
QSO_209.3388906-26.5776586,57223.16606254629,18.091,0.0998557359394045,W2
QSO_209.3388906-26.5776586,57412.74548116507,18.102,0.1047837278857252,W2
QSO_209.3388906-26.5776586,57585.30922167908,18.115,0.0357657308047801,W2
QSO_209.3388906-26.5776586,57780.9780625,18.351,0.0853597563258002,W2
QSO_209.3388906-26.5776586,57945.768371999984,18.277,0.0954858733007139,W2
QSO_209.3388906-26.5776586,58144.7790375,17.9675,0.0600391636506955,W2
QSO_209.3388906-26.5776586,58306.24324799999,18.262500000000003,0.0913702530813401,W2
QSO_209.3388906-26.5776586,58508.73050200004,17.83,0.0915664139478294,W2
QSO_209.3388906-26.5776586,58670.07006499999,18.216,0.0528145339845013,W2
QSO_209.3388906-26.5776586,58875.40613139996,18.06,0.0950674764201004,W2
QSO_209.3388906-26.5776586,59037.16625469999,18.219,0.0859333862651769,W2
QSO_209.3388906-26.5776586,59240.35990799998,18.11,0.1003166514371145,W2
QSO_209.3388906-26.5776586,59401.66715024997,18.328000000000003,0.0791959594928933,W2
QSO_209.3388906-26.5776586,59607.17627575001,18.0885,0.0507530787243498,W2
QSO_209.3388906-26.5776586,59765.595054000034,18.504,0.1272834317576328,W2
QSO_209.3388906-26.5776586,59971.009461999965,18.157,0.0763877632805723,W2
QSO_209.3388906-26.5776586,60132.319314,18.049,0.1131620431063352,W2
QSO_209.3388906-26.5776586,60335.21846140001,17.987,0.0602098995182688,W2
QSO_209.3388906-26.5776586,60497.23967080006,17.9615,0.1382393757219706,W2
QSO_209.1689297-26.6705161,55222.692112749966,17.797,0.0471814772646532,W1
QSO_209.1689297-26.6705161,55402.24327774999,17.9195,0.0465820136962754,W1
QSO_209.1689297-26.6705161,55589.25243299997,18.211,0.0889656612906849,W1
QSO_209.1689297-26.6705161,56687.08111950003,17.762999999999998,0.056923552325271,W1
QSO_209.1689297-26.6705161,56864.344482749984,17.8475,0.0450384280365112,W1
QSO_209.1689297-26.6705161,57049.43419592643,17.8495,0.0805244671811916,W1
QSO_209.1689297-26.6705161,57223.06774979,17.658,0.076493055240329,W1
QSO_209.1689297-26.6705161,57412.54853655257,17.736,0.0784888527117072,W1
QSO_209.1689297-26.6705161,57585.07933706454,17.802,0.0639372192075942,W1
QSO_209.1689297-26.6705161,57780.45439699996,17.863999999999997,0.0579362271294411,W1
QSO_209.1689297-26.6705161,57945.70296399997,17.677999999999997,0.0269993141202318,W1
QSO_209.1689297-26.6705161,58144.55018250004,17.863999999999997,0.0348867883302545,W1
QSO_209.1689297-26.6705161,58306.04665899999,17.929000000000002,0.0729706199114575,W1
QSO_209.1689297-26.6705161,58508.53442400002,17.826999999999998,0.0346066610821334,W1
QSO_209.1689297-26.6705161,58669.84144724993,17.855999999999998,0.0409578670709298,W1
QSO_209.1689297-26.6705161,58875.438870099926,17.737499999999997,0.050767306846478,W1
QSO_209.1689297-26.6705161,59037.0679288,17.762,0.1033412883362697,W1
QSO_209.1689297-26.6705161,59240.32720400001,17.791,0.0669361426131553,W1
QSO_209.1689297-26.6705161,59401.50381274995,17.707,0.0106066017177986,W1
QSO_209.1689297-26.6705161,59607.17627575001,17.8945,0.063651762544331,W1
QSO_209.1689297-26.6705161,59765.82296000008,17.826,0.0369516153232842,W1
QSO_209.1689297-26.6705161,59970.911934000025,17.8965,0.053810412996696,W1
QSO_209.1689297-26.6705161,60132.18966599998,17.794,0.0554929905483569,W1
QSO_209.1689297-26.6705161,60335.08919019998,17.756,0.0457100426602297,W1
QSO_209.1689297-26.6705161,60497.30361100002,17.901,0.0,W1
QSO_209.1689297-26.6705161,55222.692112749966,18.3925,0.1082260005151256,W2
QSO_209.1689297-26.6705161,55402.24327774999,18.302,0.0851759120878669,W2
QSO_209.1689297-26.6705161,55589.25243299997,18.503,0.1416728103242998,W2
QSO_209.1689297-26.6705161,56687.08111950003,18.114,0.0865663236776386,W2
QSO_209.1689297-26.6705161,56864.344482749984,18.0135,0.0933990578110935,W2
QSO_209.1689297-26.6705161,57049.43419592643,18.4365,0.1561582916051435,W2
QSO_209.1689297-26.6705161,57223.06774979,18.233,0.0488970538478547,W2
QSO_209.1689297-26.6705161,57412.54853655257,18.081,0.2008183258569787,W2
QSO_209.1689297-26.6705161,57585.07933706454,18.116,0.1678581305746015,W2
QSO_209.1689297-26.6705161,57780.45439699996,18.121,0.0955185021687408,W2
QSO_209.1689297-26.6705161,57945.70296399997,18.066,0.2145508659364351,W2
QSO_209.1689297-26.6705161,58144.55018250004,18.138,0.1604028428675752,W2
QSO_209.1689297-26.6705161,58306.04665899999,17.94,0.1407234535498925,W2
QSO_209.1689297-26.6705161,58508.53442400002,18.087,0.0969640611490617,W2
QSO_209.1689297-26.6705161,58669.84144724993,18.3195,0.0479178985348895,W2
QSO_209.1689297-26.6705161,58875.438870099926,18.303,0.07249367788527,W2
QSO_209.1689297-26.6705161,59037.0679288,18.155,0.1136232810651064,W2
QSO_209.1689297-26.6705161,59240.32720400001,18.269,0.1089858978305264,W2
QSO_209.1689297-26.6705161,59401.50381274995,17.950499999999998,0.3524927304214951,W2
QSO_209.1689297-26.6705161,59607.17627575001,18.2115,0.1513096989620958,W2
QSO_209.1689297-26.6705161,59765.82296000008,18.271500000000003,0.0942578743394946,W2
QSO_209.1689297-26.6705161,59970.911934000025,18.017,0.1183526246012312,W2
QSO_209.1689297-26.6705161,60132.18966599998,18.053,0.1385943721801144,W2
QSO_209.1689297-26.6705161,60335.08919019998,18.181,0.1239898705540094,W2
QSO_209.1689297-26.6705161,60497.30361100002,17.674,0.0,W2
QSO_209.2334623-26.7689891,55222.791301500016,17.734,0.0361212331492844,W1
QSO_209.2334623-26.7689891,55402.30939750003,17.872999999999998,0.0496158079150359,W1
QSO_209.2334623-26.7689891,55589.38452650002,17.727,0.0278341649909014,W1
QSO_209.2334623-26.7689891,56687.11400599997,17.711,0.0595929479422228,W1
QSO_209.2334623-26.7689891,56864.31157799999,17.729,0.0289832589070827,W1
QSO_209.2334623-26.7689891,57049.63109518895,17.655,0.0313960507070555,W1
QSO_209.2334623-26.7689891,57223.06774979,17.833,0.0297605023479107,W1
QSO_209.2334623-26.7689891,57412.54853655257,17.7295,0.0399515331370397,W1
QSO_209.2334623-26.7689891,57585.276354877016,17.6,0.0353060691456655,W1
QSO_209.2334623-26.7689891,57780.7816925,17.685000000000002,0.0751139933700772,W1
QSO_209.2334623-26.7689891,57945.70296399997,17.573999999999998,0.0268700576850891,W1
QSO_209.2334623-26.7689891,58144.615590499976,17.703,0.0535735755760241,W1
QSO_209.2334623-26.7689891,58306.30865600001,17.842,0.0413865678692984,W1
QSO_209.2334623-26.7689891,58508.59983200004,17.78,0.0408035898495023,W1
QSO_209.2334623-26.7689891,58670.03736100002,17.7235,0.0416990707330507,W1
QSO_209.2334623-26.7689891,58875.47160879998,17.89,0.0789815271608052,W1
QSO_209.2334623-26.7689891,59037.231787,17.657,0.0428797388051745,W1
QSO_209.2334623-26.7689891,59240.35996275006,17.7,0.0232321419992862,W1
QSO_209.2334623-26.7689891,59401.56909299999,17.576999999999998,0.1449568901432422,W1
QSO_209.2334623-26.7689891,59607.24155599997,17.758,0.0439952290018712,W1
QSO_209.2334623-26.7689891,59765.595054000034,17.713,0.0736790879422377,W1
QSO_209.2334623-26.7689891,59970.944455500015,17.573999999999998,0.061261015336019,W1
QSO_209.2334623-26.7689891,60132.18952000003,17.674,0.0161314048434172,W1
QSO_209.2334623-26.7689891,60335.21846140001,17.743000000000002,0.0305436081693045,W1
QSO_209.2334623-26.7689891,60496.88768860004,17.8575,0.1495530842209541,W1
QSO_209.2334623-26.7689891,55222.791301500016,18.48,0.0764423090428133,W2
QSO_209.2334623-26.7689891,55402.30939750003,18.258,0.068518558558547,W2
QSO_209.2334623-26.7689891,55589.38452650002,18.698,0.1186978735495509,W2
QSO_209.2334623-26.7689891,56687.11400599997,18.165,0.0713389470792101,W2
QSO_209.2334623-26.7689891,56864.31157799999,18.153,0.0650791435244427,W2
QSO_209.2334623-26.7689891,57049.63109518895,18.436,0.1644488005429044,W2
QSO_209.2334623-26.7689891,57223.06774979,18.296,0.111559961455712,W2
QSO_209.2334623-26.7689891,57412.54853655257,18.0615,0.2563262081801239,W2
QSO_209.2334623-26.7689891,57585.276354877016,17.846999999999998,0.1438999137775459,W2
QSO_209.2334623-26.7689891,57780.7816925,17.918,0.1085650404135696,W2
QSO_209.2334623-26.7689891,57945.70296399997,18.188,0.1994772798721329,W2
QSO_209.2334623-26.7689891,58144.615590499976,18.088,0.0645120763888433,W2
QSO_209.2334623-26.7689891,58306.30865600001,18.339,0.0534867460217946,W2
QSO_209.2334623-26.7689891,58508.59983200004,18.034,0.1037729917620284,W2
QSO_209.2334623-26.7689891,58670.03736100002,18.256,0.0214253792265152,W2
QSO_209.2334623-26.7689891,58875.47160879998,18.176,0.1156043065163714,W2
QSO_209.2334623-26.7689891,59037.231787,18.323,0.1880458242025068,W2
QSO_209.2334623-26.7689891,59240.35996275006,18.1835,0.0828641584160487,W2
QSO_209.2334623-26.7689891,59401.56909299999,18.403,0.1937472580451134,W2
QSO_209.2334623-26.7689891,59607.24155599997,18.439,0.0860312506784278,W2
QSO_209.2334623-26.7689891,59765.595054000034,18.126,0.1440467701824654,W2
QSO_209.2334623-26.7689891,59970.944455500015,18.127,0.078723109694676,W2
QSO_209.2334623-26.7689891,60132.18952000003,18.445,0.1888858169684842,W2
QSO_209.2334623-26.7689891,60335.21846140001,18.106,0.1530504230637732,W2
QSO_209.2334623-26.7689891,60496.88768860004,18.228,0.0657609306503489,W2
QSO_209.3455202-26.5689339,55222.75821425004,17.731,0.0258193468522152,W1
QSO_209.3455202-26.5689339,55402.30939750003,17.788,0.0207468245045672,W1
QSO_209.3455202-26.5689339,55589.318425000034,17.8585,0.0560149254663435,W1
QSO_209.3455202-26.5689339,56687.1468925,17.712,0.068518261701454,W1
QSO_209.3455202-26.5689339,56864.37736925002,17.7915,0.0328378770914779,W1
QSO_209.3455202-26.5689339,57049.56544993479,17.7575,0.0223590233669972,W1
QSO_209.3455202-26.5689339,57223.16606254629,17.732,0.0336444943490017,W1
QSO_209.3455202-26.5689339,57412.74548116507,17.673000000000002,0.0389596182200472,W1
QSO_209.3455202-26.5689339,57585.30922167908,17.6405,0.0369397736186888,W1
QSO_209.3455202-26.5689339,57780.87987749996,17.858,0.0681398684080523,W1
QSO_209.3455202-26.5689339,57945.768371999984,17.715,0.046708971301025,W1
QSO_209.3455202-26.5689339,58144.7790375,17.6885,0.0494240065340215,W1
QSO_209.3455202-26.5689339,58306.24324799999,17.736,0.0533774123403166,W1
QSO_209.3455202-26.5689339,58508.73050200004,17.854,0.0601877528876733,W1
QSO_209.3455202-26.5689339,58670.037616499976,17.66,0.0601415663247974,W1
QSO_209.3455202-26.5689339,58875.40613139996,17.796,0.0643697410034507,W1
QSO_209.3455202-26.5689339,59037.16625469999,17.707,0.0455691438914534,W1
QSO_209.3455202-26.5689339,59240.35990799998,17.787,0.0255738762831944,W1
QSO_209.3455202-26.5689339,59401.66715024997,17.792499999999997,0.0357088924499215,W1
QSO_209.3455202-26.5689339,59607.17627575001,17.861,0.0721217503600686,W1
QSO_209.3455202-26.5689339,59765.595054000034,17.769,0.095852970741652,W1
QSO_209.3455202-26.5689339,59971.009461999965,17.703,0.061334146696766,W1
QSO_209.3455202-26.5689339,60132.319314,17.708,0.052720394535701,W1
QSO_209.3455202-26.5689339,60335.21846140001,17.847,0.0660008484793941,W1
QSO_209.3455202-26.5689339,60497.23967080006,17.6555,0.0456083873865315,W1
QSO_209.3455202-26.5689339,55222.75821425004,18.166,0.1145238017700908,W2
QSO_209.3455202-26.5689339,55402.30939750003,18.227,0.0915583872269762,W2
QSO_209.3455202-26.5689339,55589.318425000034,18.579,0.0888266394444825,W2
QSO_209.3455202-26.5689339,56687.1468925,18.247,0.0724153874407397,W2
QSO_209.3455202-26.5689339,56864.37736925002,18.457,0.1017267709971175,W2
QSO_209.3455202-26.5689339,57049.56544993479,18.258,0.083033794994033,W2
QSO_209.3455202-26.5689339,57223.16606254629,18.217,0.0688935410615535,W2
QSO_209.3455202-26.5689339,57412.74548116507,18.387,0.0661630981405463,W2
QSO_209.3455202-26.5689339,57585.30922167908,18.2045,0.0930096601165703,W2
QSO_209.3455202-26.5689339,57780.87987749996,18.1095,0.125989785006269,W2
QSO_209.3455202-26.5689339,57945.768371999984,18.195,0.0955813370904591,W2
QSO_209.3455202-26.5689339,58144.7790375,18.219,0.0647507088522975,W2
QSO_209.3455202-26.5689339,58306.24324799999,17.9655,0.137387260178152,W2
QSO_209.3455202-26.5689339,58508.73050200004,17.84,0.0881288150757015,W2
QSO_209.3455202-26.5689339,58670.037616499976,18.48,0.1151290059020747,W2
QSO_209.3455202-26.5689339,58875.40613139996,18.313,0.0677627054991145,W2
QSO_209.3455202-26.5689339,59037.16625469999,18.0415,0.1694905509903134,W2
QSO_209.3455202-26.5689339,59240.35990799998,18.128500000000003,0.0871134052277283,W2
QSO_209.3455202-26.5689339,59401.66715024997,18.382,0.2694076836320747,W2
QSO_209.3455202-26.5689339,59607.17627575001,17.909999999999997,0.0956918067286851,W2
QSO_209.3455202-26.5689339,59765.595054000034,18.028,0.1249366559501252,W2
QSO_209.3455202-26.5689339,59971.009461999965,18.276,0.0875623892528165,W2
QSO_209.3455202-26.5689339,60132.319314,18.43,0.0950635156093015,W2
QSO_209.3455202-26.5689339,60335.21846140001,18.335,0.1119977142623905,W2
QSO_209.3455202-26.5689339,60497.23967080006,18.2205,0.0526794551983981,W2
QSO_209.2088058-26.840517,55222.791301500016,17.563000000000002,0.0386138776875435,W1
QSO_209.2088058-26.840517,55402.30939750003,17.505,0.039240946113108,W1
QSO_209.2088058-26.840517,55589.38452650002,17.746000000000002,0.0376012214143617,W1
QSO_209.2088058-26.840517,56687.08111950003,17.563000000000002,0.0606365649003593,W1
QSO_209.2088058-26.840517,56864.377314500016,17.529,0.0683821366884351,W1
QSO_209.2088058-26.840517,57049.49991418056,17.539,0.03812778514417,W1
QSO_209.2088058-26.840517,57222.9694370338,17.657,0.0516663139772907,W1
QSO_209.2088058-26.840517,57412.54853655257,17.5635,0.0880347942577259,W1
QSO_209.2088058-26.840517,57585.276354877016,17.599,0.0259928765170307,W1
QSO_209.2088058-26.840517,57780.7816925,17.561999999999998,0.0470514611887878,W1
QSO_209.2088058-26.840517,57945.73566800002,17.505,0.0792246607755439,W1
QSO_209.2088058-26.840517,58144.71370250004,17.57,0.0659868112523951,W1
QSO_209.2088058-26.840517,58306.30865600001,17.482,0.0299567688511296,W1
QSO_209.2088058-26.840517,58508.66516700008,17.439999999999998,0.0356947781545143,W1
QSO_209.2088058-26.840517,58670.10236749997,17.583,0.0763289722189418,W1
QSO_209.2088058-26.840517,58875.47166369997,17.5725,0.0382435484755272,W1
QSO_209.2088058-26.840517,59037.16625469999,17.578,0.0547521403691218,W1
QSO_209.2088058-26.840517,59240.32731350001,17.579,0.0318775902166002,W1
QSO_209.2088058-26.840517,59401.69965349999,17.512,0.0169705627484777,W1
QSO_209.2088058-26.840517,59607.07849225004,17.5825,0.032152414804767,W1
QSO_209.2088058-26.840517,59765.595054000034,17.709,0.0990513402231386,W1
QSO_209.2088058-26.840517,59970.97695875003,17.654999999999998,0.0567938116086338,W1
QSO_209.2088058-26.840517,60132.18952000003,17.472,0.066106535789391,W1
QSO_209.2088058-26.840517,60335.15389900005,17.5255,0.0792085853932513,W1
QSO_209.2088058-26.840517,60496.88768860004,17.397,0.0799030662740795,W1
QSO_209.2088058-26.840517,55222.791301500016,18.07,0.0871051270305419,W2
QSO_209.2088058-26.840517,55402.30939750003,18.185,0.0690918952286198,W2
QSO_209.2088058-26.840517,55589.38452650002,18.232,0.1165678946969276,W2
QSO_209.2088058-26.840517,56687.08111950003,18.053,0.0905956318655569,W2
QSO_209.2088058-26.840517,56864.377314500016,17.974999999999998,0.1018962486112694,W2
QSO_209.2088058-26.840517,57049.49991418056,17.846999999999998,0.1170885476893449,W2
QSO_209.2088058-26.840517,57222.9694370338,18.018,0.1159280466496348,W2
QSO_209.2088058-26.840517,57412.54853655257,18.3455,0.0555078823231439,W2
QSO_209.2088058-26.840517,57585.276354877016,17.660999999999998,0.0943590463582041,W2
QSO_209.2088058-26.840517,57780.7816925,18.309,0.1249695642946711,W2
QSO_209.2088058-26.840517,57945.73566800002,18.166,0.1166541362318541,W2
QSO_209.2088058-26.840517,58144.71370250004,17.968,0.0785158924700624,W2
QSO_209.2088058-26.840517,58306.30865600001,18.138,0.1108723951215991,W2
QSO_209.2088058-26.840517,58508.66516700008,17.820999999999998,0.078680611791438,W2
QSO_209.2088058-26.840517,58670.10236749997,18.444,0.099080008074283,W2
QSO_209.2088058-26.840517,58875.47166369997,18.1425,0.1139200114115163,W2
QSO_209.2088058-26.840517,59037.16625469999,18.238,0.1614084008811192,W2
QSO_209.2088058-26.840517,59240.32731350001,18.117,0.1036492740527486,W2
QSO_209.2088058-26.840517,59401.69965349999,17.9805,0.0265165042944965,W2
QSO_209.2088058-26.840517,59607.07849225004,18.0695,0.0757754052251591,W2
QSO_209.2088058-26.840517,59765.595054000034,18.345,0.0971393226247744,W2
QSO_209.2088058-26.840517,59970.97695875003,18.114,0.0839829402870559,W2
QSO_209.2088058-26.840517,60132.18952000003,18.456,0.1356304893069014,W2
QSO_209.2088058-26.840517,60335.15389900005,18.192500000000003,0.1192801130548189,W2
QSO_209.2088058-26.840517,60496.88768860004,18.103,0.1548563850798535,W2
QSO_209.2551947-26.8663025,55222.75821425004,17.7525,0.0804874674832982,W1
QSO_209.2551947-26.8663025,55402.30939750003,17.704,0.0302081030926373,W1
QSO_209.2551947-26.8663025,55589.31847974996,17.8825,0.0438653835615279,W1
QSO_209.2551947-26.8663025,56687.11400599997,17.7405,0.0559388617152691,W1
QSO_209.2551947-26.8663025,56864.41020100004,17.745,0.0361468359611182,W1
QSO_209.2551947-26.8663025,57049.56550468471,17.726,0.1228941881517653,W1
QSO_209.2551947-26.8663025,57223.16606254629,17.683,0.0181337254859552,W1
QSO_209.2551947-26.8663025,57412.97547557962,17.7815,0.0728245966346538,W1
QSO_209.2551947-26.8663025,57585.276354877016,17.837,0.0837416662520314,W1
QSO_209.2551947-26.8663025,57780.87987749996,17.814500000000002,0.1060461115636865,W1
QSO_209.2551947-26.8663025,57945.70296399997,17.679000000000002,0.0534695427322877,W1
QSO_209.2551947-26.8663025,58144.811814500026,17.77,0.0694369354162464,W1
QSO_209.2551947-26.8663025,58306.30865600001,17.817,0.0567234695694827,W1
QSO_209.2551947-26.8663025,58508.66516700008,17.684,0.0745057542870009,W1
QSO_209.2551947-26.8663025,58670.10236749997,17.692,0.0626918814520662,W1
QSO_209.2551947-26.8663025,58875.471718599976,17.805,0.0445836092834044,W1
QSO_209.2551947-26.8663025,59037.231787,17.685000000000002,0.0644970697008785,W1
QSO_209.2551947-26.8663025,59240.35996275006,17.735,0.0243732371157385,W1
QSO_209.2551947-26.8663025,59401.69965349999,17.7455,0.0668215908221287,W1
QSO_209.2551947-26.8663025,59607.176421749966,17.753999999999998,0.0265145836880034,W1
QSO_209.2551947-26.8663025,59765.595054000034,17.761,0.0793397756487883,W1
QSO_209.2551947-26.8663025,59970.97695875003,17.846,0.0650531477873061,W1
QSO_209.2551947-26.8663025,60132.18952000003,17.796,0.0950372246757772,W1
QSO_209.2551947-26.8663025,60335.21846140001,17.871000000000002,0.0388490411722085,W1
QSO_209.2551947-26.8663025,60496.88768860004,18.0885,0.1092479976933219,W1
QSO_209.2551947-26.8663025,55222.75821425004,18.3525,0.0987374992087609,W2
QSO_209.2551947-26.8663025,55402.30939750003,18.405,0.0979018152645738,W2
QSO_209.2551947-26.8663025,55589.31847974996,18.341,0.0978387544636577,W2
QSO_209.2551947-26.8663025,56687.11400599997,18.328,0.0594287749905296,W2
QSO_209.2551947-26.8663025,56864.41020100004,18.349,0.1138970117995859,W2
QSO_209.2551947-26.8663025,57049.56550468471,17.996,0.1434274400369595,W2
QSO_209.2551947-26.8663025,57223.16606254629,18.213,0.0822140620575336,W2
QSO_209.2551947-26.8663025,57412.97547557962,18.399,0.1207124682872485,W2
QSO_209.2551947-26.8663025,57585.276354877016,18.232,0.1015593240244163,W2
QSO_209.2551947-26.8663025,57780.87987749996,18.0395,0.1087309157371401,W2
QSO_209.2551947-26.8663025,57945.70296399997,18.341,0.0987781352324493,W2
QSO_209.2551947-26.8663025,58144.811814500026,18.257,0.1397220097192995,W2
QSO_209.2551947-26.8663025,58306.30865600001,18.076,0.2972674216929938,W2
QSO_209.2551947-26.8663025,58508.66516700008,18.0265,0.0525498089613559,W2
QSO_209.2551947-26.8663025,58670.10236749997,18.136,0.1410925937106552,W2
QSO_209.2551947-26.8663025,58875.471718599976,18.032,0.0468158989560355,W2
QSO_209.2551947-26.8663025,59037.231787,18.191,0.1347277551212069,W2
QSO_209.2551947-26.8663025,59240.35996275006,17.936,0.1353815210802421,W2
QSO_209.2551947-26.8663025,59401.69965349999,18.2075,0.1665236469694332,W2
QSO_209.2551947-26.8663025,59607.176421749966,18.2305,0.1028976478153216,W2
QSO_209.2551947-26.8663025,59765.595054000034,18.019,0.0416336402443985,W2
QSO_209.2551947-26.8663025,59970.97695875003,17.991500000000002,0.1433437980675985,W2
QSO_209.2551947-26.8663025,60132.18952000003,18.223,0.1203257923152651,W2
QSO_209.2551947-26.8663025,60335.21846140001,18.254,0.0388953467653907,W2
QSO_209.2551947-26.8663025,60496.88768860004,17.8815,0.0251022907321217,W2
QSO_209.3253199-26.6026956,55222.725126999976,17.75,0.0235830261435009,W1
QSO_209.3253199-26.6026956,55402.30939750003,17.628,0.0517307845878454,W1
QSO_209.3253199-26.6026956,55589.38452650002,17.808,0.06224027515887,W1
QSO_209.3253199-26.6026956,56687.08104649997,17.5235,0.0347991727182558,W1
QSO_209.3253199-26.6026956,56864.377314500016,17.581,0.0421113337652334,W1
QSO_209.3253199-26.6026956,57049.56544993479,17.4995,0.0193612107442035,W1
QSO_209.3253199-26.6026956,57223.16606254629,17.655,0.0602146825948621,W1
QSO_209.3253199-26.6026956,57412.74548116507,17.631,0.0415076967427599,W1
QSO_209.3253199-26.6026956,57585.30922167908,17.529999999999998,0.0267861904719574,W1
QSO_209.3253199-26.6026956,57780.87987749996,17.648,0.0264768417328829,W1
QSO_209.3253199-26.6026956,57945.73566800002,17.631,0.0594867369671587,W1
QSO_209.3253199-26.6026956,58144.615590499976,17.567999999999998,0.037870402064643,W1
QSO_209.3253199-26.6026956,58306.24324799999,17.673000000000002,0.0547888624123959,W1
QSO_209.3253199-26.6026956,58508.73050200004,17.551000000000002,0.0221575329904206,W1
QSO_209.3253199-26.6026956,58670.07006499999,17.5875,0.0372748177331163,W1
QSO_209.3253199-26.6026956,58875.47160879998,17.567,0.03570024213685,W1
QSO_209.3253199-26.6026956,59037.16625469999,17.6225,0.0570552090084677,W1
QSO_209.3253199-26.6026956,59240.35990799998,17.5975,0.0374252341094633,W1
QSO_209.3253199-26.6026956,59401.66715024997,17.5735,0.079549512883487,W1
QSO_209.3253199-26.6026956,59607.17627575001,17.641000000000002,0.0724831877058393,W1
QSO_209.3253199-26.6026956,59765.595054000034,17.653,0.0509410639857473,W1
QSO_209.3253199-26.6026956,59971.009461999965,17.601,0.0543964498927363,W1
QSO_209.3253199-26.6026956,60132.48131925,17.6495,0.1221374737744318,W1
QSO_209.3253199-26.6026956,60335.21846140001,17.625999999999998,0.0430153460988051,W1
QSO_209.3253199-26.6026956,60497.30361100002,17.596,0.0,W1
QSO_209.3253199-26.6026956,55222.725126999976,18.332,0.0821195722264866,W2
QSO_209.3253199-26.6026956,55402.30939750003,18.241,0.0616072787105832,W2
QSO_209.3253199-26.6026956,55589.38452650002,18.23,0.0649153294684698,W2
QSO_209.3253199-26.6026956,56687.08104649997,18.1865,0.0882741534758332,W2
QSO_209.3253199-26.6026956,56864.377314500016,18.156,0.0515723048147619,W2
QSO_209.3253199-26.6026956,57049.56544993479,18.4205,0.0752730830844404,W2
QSO_209.3253199-26.6026956,57223.16606254629,18.183,0.1038926368902051,W2
QSO_209.3253199-26.6026956,57412.74548116507,18.117,0.0349518186884414,W2
QSO_209.3253199-26.6026956,57585.30922167908,18.2695,0.0803098491780432,W2
QSO_209.3253199-26.6026956,57780.87987749996,18.061,0.0548555763734121,W2
QSO_209.3253199-26.6026956,57945.73566800002,18.2985,0.1731087086197576,W2
QSO_209.3253199-26.6026956,58144.615590499976,18.348,0.089184108520633,W2
QSO_209.3253199-26.6026956,58306.24324799999,18.0345,0.145703211790015,W2
QSO_209.3253199-26.6026956,58508.73050200004,17.955,0.1161868656738016,W2
QSO_209.3253199-26.6026956,58670.07006499999,18.439,0.1006680463481612,W2
QSO_209.3253199-26.6026956,58875.47160879998,18.134,0.0656724800473419,W2
QSO_209.3253199-26.6026956,59037.16625469999,17.869,0.1194121015642887,W2
QSO_209.3253199-26.6026956,59240.35990799998,18.2555,0.1402284676809533,W2
QSO_209.3253199-26.6026956,59401.66715024997,18.4705,0.0194454364826299,W2
QSO_209.3253199-26.6026956,59607.17627575001,18.527,0.2002515215298,W2
QSO_209.3253199-26.6026956,59765.595054000034,18.33,0.1263901894926976,W2
QSO_209.3253199-26.6026956,59971.009461999965,17.947,0.117661866672277,W2
QSO_209.3253199-26.6026956,60132.48131925,18.077,0.0792354087513906,W2
QSO_209.3253199-26.6026956,60335.21846140001,17.964,0.1417252553358084,W2
QSO_209.3253199-26.6026956,60497.30361100002,18.37,0.0,W2
QSO_209.0505871-26.8209292,55222.692112749966,17.634500000000003,0.0333808515469574,W1
QSO_209.0505871-26.8209292,55402.21020874998,17.6015,0.0408487109649742,W1
QSO_209.0505871-26.8209292,55589.25243299997,17.86,0.1141996302776657,W1
QSO_209.0505871-26.8209292,56686.98235050002,17.561500000000002,0.0604364335479851,W1
QSO_209.0505871-26.8209292,56864.27867325007,17.610999999999997,0.0527575342664438,W1
QSO_209.0505871-26.8209292,57049.53274593271,17.5965,0.0254816564378148,W1
QSO_209.0505871-26.8209292,57222.96938228379,17.598,0.0691386154630544,W1
QSO_209.0505871-26.8209292,57412.54853655257,17.639,0.0608111831820445,W1
QSO_209.0505871-26.8209292,57585.07933706454,17.543,0.0686639697420765,W1
QSO_209.0505871-26.8209292,57780.45439699996,17.563000000000002,0.0583409102395583,W1
QSO_209.0505871-26.8209292,57945.70281800002,17.653,0.0673284486677063,W1
QSO_209.0505871-26.8209292,58144.35395849999,17.665499999999998,0.0683405145278105,W1
QSO_209.0505871-26.8209292,58306.177839999975,17.654,0.0511713982611379,W1
QSO_209.0505871-26.8209292,58508.469016,17.61,0.0256496451608009,W1
QSO_209.0505871-26.8209292,58669.84144724993,17.7,0.0403771284268706,W1
QSO_209.0505871-26.8209292,58875.47160879998,17.584,0.0537848939277081,W1
QSO_209.0505871-26.8209292,59037.0679288,17.767500000000002,0.0330970094878229,W1
QSO_209.0505871-26.8209292,59240.16399425005,17.5305,0.0672174061348693,W1
QSO_209.0505871-26.8209292,59401.56902000002,17.685000000000002,0.017284118164973,W1
QSO_209.0505871-26.8209292,59607.04584299999,17.71,0.0268959476501574,W1
QSO_209.0505871-26.8209292,59765.5298285,17.5945,0.0314212806072574,W1
QSO_209.0505871-26.8209292,59970.911934000025,17.6205,0.0588279034321484,W1
QSO_209.0505871-26.8209292,60132.18952000003,17.644,0.0550849525732753,W1
QSO_209.0505871-26.8209292,60335.08926340004,17.668,0.0126873004454291,W1
QSO_209.0505871-26.8209292,60496.47176619997,17.403,0.0,W1
QSO_209.0505871-26.8209292,55222.692112749966,18.2305,0.1077301225139698,W2
QSO_209.0505871-26.8209292,55402.21020874998,18.3195,0.1211190578392806,W2
QSO_209.0505871-26.8209292,55589.25243299997,18.371,0.1340881412714394,W2
QSO_209.0505871-26.8209292,56686.98235050002,18.113,0.1301027763803486,W2
QSO_209.0505871-26.8209292,56864.27867325007,18.191,0.0581980555678194,W2
QSO_209.0505871-26.8209292,57049.53274593271,18.315,0.0798573960488551,W2
QSO_209.0505871-26.8209292,57222.96938228379,18.2625,0.1273391505361147,W2
QSO_209.0505871-26.8209292,57412.54853655257,18.318,0.1343502884254436,W2
QSO_209.0505871-26.8209292,57585.07933706454,17.692,0.0856560737073734,W2
QSO_209.0505871-26.8209292,57780.45439699996,18.228,0.0876383703922808,W2
QSO_209.0505871-26.8209292,57945.70281800002,17.935,0.0876518567972177,W2
QSO_209.0505871-26.8209292,58144.35395849999,18.0865,0.0748390866385264,W2
QSO_209.0505871-26.8209292,58306.177839999975,18.269,0.1124261179619753,W2
QSO_209.0505871-26.8209292,58508.469016,17.929499999999997,0.081558213488894,W2
QSO_209.0505871-26.8209292,58669.84144724993,18.33,0.1023675974124625,W2
QSO_209.0505871-26.8209292,58875.47160879998,18.172,0.0532837732694218,W2
QSO_209.0505871-26.8209292,59037.0679288,18.1615,0.1035351300194679,W2
QSO_209.0505871-26.8209292,59240.16399425005,18.131,0.0998999401745316,W2
QSO_209.0505871-26.8209292,59401.56902000002,18.182,0.3234114453184415,W2
QSO_209.0505871-26.8209292,59607.04584299999,17.989,0.0804330280419679,W2
QSO_209.0505871-26.8209292,59765.5298285,18.118,0.1637427479310152,W2
QSO_209.0505871-26.8209292,59970.911934000025,18.063,0.1098437442376585,W2
QSO_209.0505871-26.8209292,60132.18952000003,18.046,0.0703065288575675,W2
QSO_209.0505871-26.8209292,60335.08926340004,18.1755,0.160666220031652,W2
QSO_209.0505871-26.8209292,60496.47176619997,18.472,0.0,W2
QSO_209.3554483-26.7682368,55222.824315750026,17.9205,0.0326308663308221,W1
QSO_209.3554483-26.7682368,55402.37542600004,18.029,0.0631163491131832,W1
QSO_209.3554483-26.7682368,55589.450628000006,18.1215,0.0622591656200409,W1
QSO_209.3554483-26.7682368,56687.47608599997,17.918,0.0534634830826012,W1
QSO_209.3554483-26.7682368,56864.47591925001,18.12,0.0614973163794567,W1
QSO_209.3554483-26.7682368,57049.56544993479,17.883499999999998,0.054101114180353,W1
QSO_209.3554483-26.7682368,57223.23158005039,17.948,0.115723947392059,W1
QSO_209.3554483-26.7682368,57412.67989396089,18.173,0.0644020933637218,W1
QSO_209.3554483-26.7682368,57585.44045098743,18.339,0.0813172798364531,W1
QSO_209.3554483-26.7682368,57780.91258150001,17.924999999999997,0.0544442805765674,W1
QSO_209.3554483-26.7682368,57945.70296399997,17.863999999999997,0.0630102872259472,W1
QSO_209.3554483-26.7682368,58144.811814500026,17.851,0.0754074797351028,W1
QSO_209.3554483-26.7682368,58306.30865600001,17.926000000000002,0.1386269815007171,W1
QSO_209.3554483-26.7682368,58508.66516700008,17.938499999999998,0.077186816798596,W1
QSO_209.3554483-26.7682368,58670.07006499999,18.171,0.0542210464211081,W1
QSO_209.3554483-26.7682368,58875.47160879998,17.909,0.0430210471237839,W1
QSO_209.3554483-26.7682368,59037.231787,18.107,0.1175494449157463,W1
QSO_209.3554483-26.7682368,59240.42524300002,17.933500000000002,0.0323046714404435,W1
QSO_209.3554483-26.7682368,59607.24155599997,17.823999999999998,0.0614183034607761,W1
QSO_209.3554483-26.7682368,59765.595054000034,18.125,0.0327406780626178,W1
QSO_209.3554483-26.7682368,59971.26919600002,18.098,0.026830425269023,W1
QSO_209.3554483-26.7682368,60132.189593,17.953,0.0438919126947096,W1
QSO_209.3554483-26.7682368,60335.25074259998,17.958,0.0640950222326197,W1
QSO_209.3554483-26.7682368,60497.30361100002,17.951,0.0,W1
QSO_209.3554483-26.7682368,55222.824315750026,18.294,0.0561860052637664,W2
QSO_209.3554483-26.7682368,55402.37542600004,18.293,0.0764799659073223,W2
QSO_209.3554483-26.7682368,55589.450628000006,18.3495,0.0807532822403682,W2
QSO_209.3554483-26.7682368,56687.47608599997,18.321,0.1047665459701663,W2
QSO_209.3554483-26.7682368,56864.47591925001,18.3825,0.0406718719986552,W2
QSO_209.3554483-26.7682368,57049.56544993479,18.2745,0.1083329914524524,W2
QSO_209.3554483-26.7682368,57223.23158005039,18.201,0.1017890367377547,W2
QSO_209.3554483-26.7682368,57412.67989396089,18.356,0.0478570401957356,W2
QSO_209.3554483-26.7682368,57585.44045098743,17.762,0.0551543289325502,W2
QSO_209.3554483-26.7682368,57780.91258150001,18.1365,0.0910671005186562,W2
QSO_209.3554483-26.7682368,57945.70296399997,18.044,0.056659476668041,W2
QSO_209.3554483-26.7682368,58144.811814500026,18.3,0.126551997218535,W2
QSO_209.3554483-26.7682368,58306.30865600001,18.295,0.1357428745827934,W2
QSO_209.3554483-26.7682368,58508.66516700008,18.036,0.0973618813371026,W2
QSO_209.3554483-26.7682368,58670.07006499999,18.1645,0.138845406387824,W2
QSO_209.3554483-26.7682368,58875.47160879998,18.283,0.1128686121787644,W2
QSO_209.3554483-26.7682368,59037.231787,18.218,0.1120454907615653,W2
QSO_209.3554483-26.7682368,59240.42524300002,18.041,0.0975700069181098,W2
QSO_209.3554483-26.7682368,59607.24155599997,18.228,0.1462668793678185,W2
QSO_209.3554483-26.7682368,59765.595054000034,18.218,0.0490880026075618,W2
QSO_209.3554483-26.7682368,59971.26919600002,18.168,0.0648464434220551,W2
QSO_209.3554483-26.7682368,60132.189593,18.1615,0.0957779822036358,W2
QSO_209.3554483-26.7682368,60335.25074259998,18.119,0.1522307048528648,W2
QSO_209.3554483-26.7682368,60497.30361100002,17.884,0.0,W2
QSO_209.3794389-26.6646134,55222.791301500016,18.221,0.125136939567479,W1
QSO_209.3794389-26.6646134,55402.37557199999,18.242,0.0871892758409743,W1
QSO_209.3794389-26.6646134,55589.318425000034,18.5445,0.0303531299868729,W1
QSO_209.3794389-26.6646134,56687.24564324995,18.326,0.1046383763961136,W1
QSO_209.3794389-26.6646134,56864.41020100004,18.2895,0.0788031442702324,W1
QSO_209.3794389-26.6646134,57049.56544993479,18.277500000000003,0.0503432661280972,W1
QSO_209.3794389-26.6646134,57223.23172605042,18.146,0.0709448236307626,W1
QSO_209.3794389-26.6646134,57412.94255387755,18.335,0.0852000403462342,W1
QSO_209.3794389-26.6646134,57585.47331778941,18.427,0.0341522327234987,W1
QSO_209.3794389-26.6646134,57780.912508500034,18.265,0.061735824283798,W1
QSO_209.3794389-26.6646134,57945.73566800002,18.434,0.0911519164636705,W1
QSO_209.3794389-26.6646134,58144.615590499976,18.256,0.1141511452637011,W1
QSO_209.3794389-26.6646134,58306.30865600001,18.322,0.0784171769723626,W1
QSO_209.3794389-26.6646134,58508.66516700008,18.33,0.0972053942529683,W1
QSO_209.3794389-26.6646134,58670.07006499999,18.121,0.0934622249895647,W1
QSO_209.3794389-26.6646134,58875.50440239994,18.1785,0.0571026864243268,W1
QSO_209.3794389-26.6646134,59037.362815,18.431,0.0921235080787775,W1
QSO_209.3794389-26.6646134,59240.32720400001,18.287,0.1084565903944985,W1
QSO_209.3794389-26.6646134,59607.17627575001,18.256,0.0735085029095273,W1
QSO_209.3794389-26.6646134,59765.595054000034,18.229,0.2177557245069707,W1
QSO_209.3794389-26.6646134,59971.30195475007,18.3545,0.0629901520815695,W1
QSO_209.3794389-26.6646134,60132.18966599998,18.592,0.172629554141123,W1
QSO_209.3794389-26.6646134,60335.28302380004,18.304,0.0505067613751508,W1
QSO_209.3794389-26.6646134,60497.30361100002,18.251,0.0,W1
QSO_209.3794389-26.6646134,55222.791301500016,18.365,0.0916865620250683,W2
QSO_209.3794389-26.6646134,55402.37557199999,18.378,0.0750895761370673,W2
QSO_209.3794389-26.6646134,55589.318425000034,18.6095,0.1308840135387055,W2
QSO_209.3794389-26.6646134,56687.24564324995,18.486,0.0827908173920542,W2
QSO_209.3794389-26.6646134,56864.41020100004,18.372,0.0612531727494584,W2
QSO_209.3794389-26.6646134,57049.56544993479,18.1155,0.0675428533379882,W2
QSO_209.3794389-26.6646134,57223.23172605042,18.355,0.0576462314466435,W2
QSO_209.3794389-26.6646134,57412.94255387755,18.3315,0.1505541845981041,W2
QSO_209.3794389-26.6646134,57585.47331778941,18.04,0.2046084675667162,W2
QSO_209.3794389-26.6646134,57780.912508500034,18.313,0.1255176800295479,W2
QSO_209.3794389-26.6646134,57945.73566800002,18.4945,0.1559459040821531,W2
QSO_209.3794389-26.6646134,58144.615590499976,18.165,0.0920431829190294,W2
QSO_209.3794389-26.6646134,58306.30865600001,18.34,0.1191324813178851,W2
QSO_209.3794389-26.6646134,58508.66516700008,17.905,0.1170940794297475,W2
QSO_209.3794389-26.6646134,58670.07006499999,18.068,0.1188283951755641,W2
QSO_209.3794389-26.6646134,58875.50440239994,18.272,0.0674409463901566,W2
QSO_209.3794389-26.6646134,59037.362815,18.163,0.1669632915965086,W2
QSO_209.3794389-26.6646134,59240.32720400001,18.373,0.1263532825058378,W2
QSO_209.3794389-26.6646134,59607.17627575001,18.4995,0.079953502112165,W2
QSO_209.3794389-26.6646134,59765.595054000034,18.695,0.2220875703160557,W2
QSO_209.3794389-26.6646134,59971.30195475007,18.2525,0.0799393578028118,W2
QSO_209.3794389-26.6646134,60132.18966599998,17.751,0.0988841447051754,W2
QSO_209.3794389-26.6646134,60335.28302380004,18.23,0.066188968807776,W2
QSO_209.3794389-26.6646134,60497.30361100002,17.511,0.0,W2
QSO_209.32482-26.6759463,55222.725126999976,17.9,0.0719132612720103,W1
QSO_209.32482-26.6759463,55402.37542600004,18.023,0.0399868310403453,W1
QSO_209.32482-26.6759463,55589.25243299997,18.106,0.127965745416498,W1
QSO_209.32482-26.6759463,56687.31148924999,17.7975,0.0533672418249244,W1
QSO_209.32482-26.6759463,56864.34446450001,18.0395,0.0439322987675354,W1
QSO_209.32482-26.6759463,57049.49980468055,17.836,0.0823776309083608,W1
QSO_209.32482-26.6759463,57223.23158005039,17.811,0.0919383851645584,W1
QSO_209.32482-26.6759463,57412.67989396089,18.097,0.0,W1
QSO_209.32482-26.6759463,57585.47331778941,18.0105,0.0549602128816836,W1
QSO_209.32482-26.6759463,57780.68347100001,17.802500000000002,0.0979342891943371,W1
QSO_209.32482-26.6759463,57945.73566800002,17.859,0.0871385391201851,W1
QSO_209.32482-26.6759463,58144.68099849999,18.2315,0.0045961940777118,W1
QSO_209.32482-26.6759463,58306.43896099997,18.065,0.0418754767800389,W1
QSO_209.32482-26.6759463,58510.43078150007,18.1725,0.0484368145112786,W1
QSO_209.32482-26.6759463,58670.07006499999,18.025,0.0359452708989651,W1
QSO_209.32482-26.6759463,58875.50440239994,17.8765,0.1035072366884314,W1
QSO_209.32482-26.6759463,59037.16625469999,17.9085,0.0427799602617869,W1
QSO_209.32482-26.6759463,59240.392612000025,17.930999999999997,0.0430268753222912,W1
QSO_209.32482-26.6759463,59401.569165999965,17.925,0.0,W1
QSO_209.32482-26.6759463,59607.14364475002,18.0195,0.079549512883487,W1
QSO_209.32482-26.6759463,59766.050866000034,18.065,0.1073819765551413,W1
QSO_209.32482-26.6759463,59971.33471350005,18.016,0.0702513202722914,W1
QSO_209.32482-26.6759463,60132.18966599998,17.922,0.0566215506675684,W1
QSO_209.32482-26.6759463,60335.379940599945,17.971999999999998,0.0733774488518095,W1
QSO_209.32482-26.6759463,60497.30361100002,17.608,0.0,W1
QSO_209.32482-26.6759463,55222.725126999976,18.425,0.0702817570727219,W2
QSO_209.32482-26.6759463,55402.37542600004,18.502,0.0764027448065476,W2
QSO_209.32482-26.6759463,55589.25243299997,18.258,0.0216739474946303,W2
QSO_209.32482-26.6759463,56687.31148924999,17.7995,0.1070755428424248,W2
QSO_209.32482-26.6759463,56864.34446450001,18.5105,0.1864833688965321,W2
QSO_209.32482-26.6759463,57049.49980468055,18.392,0.2370636732719406,W2
QSO_209.32482-26.6759463,57223.23158005039,18.305,0.1616418079398825,W2
QSO_209.32482-26.6759463,57412.67989396089,18.133,0.0,W2
QSO_209.32482-26.6759463,57585.47331778941,18.3075,0.1528696340023099,W2
QSO_209.32482-26.6759463,57780.68347100001,17.996,0.01838477631085,W2
QSO_209.32482-26.6759463,57945.73566800002,18.0775,0.1515945971167842,W2
QSO_209.32482-26.6759463,58144.68099849999,18.4925,0.0350017856687341,W2
QSO_209.32482-26.6759463,58306.43896099997,17.996,0.1664948002747187,W2
QSO_209.32482-26.6759463,58510.43078150007,18.076,0.1958685783886743,W2
QSO_209.32482-26.6759463,58670.07006499999,18.0435,0.121651333223274,W2
QSO_209.32482-26.6759463,58875.50440239994,18.3015,0.0723982988189295,W2
QSO_209.32482-26.6759463,59037.16625469999,18.445,0.2170817818242691,W2
QSO_209.32482-26.6759463,59240.392612000025,18.407,0.0625328073894011,W2
QSO_209.32482-26.6759463,59401.569165999965,18.784,0.0,W2
QSO_209.32482-26.6759463,59607.14364475002,18.012999999999998,0.173948268171891,W2
QSO_209.32482-26.6759463,59766.050866000034,18.323,0.0813365208847146,W2
QSO_209.32482-26.6759463,59971.33471350005,18.22,0.0976215549968344,W2
QSO_209.32482-26.6759463,60132.18966599998,18.074,0.1310530003047963,W2
QSO_209.32482-26.6759463,60335.379940599945,18.2995,0.1225185572678682,W2
QSO_209.32482-26.6759463,60497.30361100002,18.073,0.0,W2
QSO_209.06675-26.6022592,55222.65902549999,17.801499999999997,0.0658782020094661,W1
QSO_209.06675-26.6022592,55402.21026349998,17.7815,0.0283624575804,W1
QSO_209.06675-26.6022592,55589.25232349997,17.797,0.0144555512853351,W1
QSO_209.06675-26.6022592,56686.94939100002,17.708,0.0427381089118454,W1
QSO_209.06675-26.6022592,56864.18017799998,17.856,0.0528899263307318,W1
QSO_209.06675-26.6022592,57049.33570067024,17.7275,0.0503504903153882,W1
QSO_209.06675-26.6022592,57222.9694370338,17.737000000000002,0.0628869461812228,W1
QSO_209.06675-26.6022592,57412.67989396089,17.613999999999997,0.0,W1
QSO_209.06675-26.6022592,57585.07941026452,17.819000000000003,0.083631913017699,W1
QSO_209.06675-26.6022592,57780.25806349998,17.906,0.0361566078545151,W1
QSO_209.06675-26.6022592,57945.60477899993,17.837,0.0709581743000755,W1
QSO_209.06675-26.6022592,58144.35395849999,17.7755,0.069126963169497,W1
QSO_209.06675-26.6022592,58305.58931400002,17.779,0.0323472413556953,W1
QSO_209.06675-26.6022592,58508.37090400002,17.7955,0.0768464076608033,W1
QSO_209.06675-26.6022592,58669.71068599998,17.85,0.0448538961518396,W1
QSO_209.06675-26.6022592,58875.40613139996,17.875999999999998,0.0568591241578693,W1
QSO_209.06675-26.6022592,59037.03513520004,17.79,0.0990469398633606,W1
QSO_209.06675-26.6022592,59240.19664350001,17.929000000000002,0.0651716728247446,W1
QSO_209.06675-26.6022592,59401.50381274995,17.9595,0.0816708332270455,W1
QSO_209.06675-26.6022592,59607.04573349999,17.884999999999998,0.0732237120064259,W1
QSO_209.06675-26.6022592,59765.39908550002,17.842,0.0,W1
QSO_209.06675-26.6022592,59970.87935774995,17.796,0.0491260660990716,W1
QSO_209.06675-26.6022592,60132.15721749997,17.7675,0.0490185622437505,W1
QSO_209.06675-26.6022592,60334.830812500026,17.749000000000002,0.0459388180083036,W1
QSO_209.06675-26.6022592,60496.311641200016,18.111,0.2481944801964787,W1
QSO_209.06675-26.6022592,55222.65902549999,18.2295,0.0611173947211429,W2
QSO_209.06675-26.6022592,55402.21026349998,18.4715,0.075907977182902,W2
QSO_209.06675-26.6022592,55589.25232349997,18.089,0.1103841776101395,W2
QSO_209.06675-26.6022592,56686.94939100002,18.309,0.0620181176236447,W2
QSO_209.06675-26.6022592,56864.18017799998,18.268,0.1030926707648614,W2
QSO_209.06675-26.6022592,57049.33570067024,18.2655,0.1153545485665822,W2
QSO_209.06675-26.6022592,57222.9694370338,18.573,0.064996984545439,W2
QSO_209.06675-26.6022592,57412.67989396089,17.967,0.0,W2
QSO_209.06675-26.6022592,57585.07941026452,18.043,0.1122343391079576,W2
QSO_209.06675-26.6022592,57780.25806349998,18.2,0.0885884118016537,W2
QSO_209.06675-26.6022592,57945.60477899993,18.026,0.0801252925111668,W2
QSO_209.06675-26.6022592,58144.35395849999,18.2375,0.0705789549999778,W2
QSO_209.06675-26.6022592,58305.58931400002,18.245,0.0590709905469535,W2
QSO_209.06675-26.6022592,58508.37090400002,18.139000000000003,0.0632416002327583,W2
QSO_209.06675-26.6022592,58669.71068599998,18.093,0.1153392907902595,W2
QSO_209.06675-26.6022592,58875.40613139996,18.532,0.1555839580419525,W2
QSO_209.06675-26.6022592,59037.03513520004,18.034,0.1674676309243291,W2
QSO_209.06675-26.6022592,59240.19664350001,18.182,0.1161738417890832,W2
QSO_209.06675-26.6022592,59401.50381274995,18.1205,0.1573312588140069,W2
QSO_209.06675-26.6022592,59607.04573349999,18.146,0.1153303429284768,W2
QSO_209.06675-26.6022592,59765.39908550002,17.759999999999998,0.0,W2
QSO_209.06675-26.6022592,59970.87935774995,18.2085,0.0948114112525688,W2
QSO_209.06675-26.6022592,60132.15721749997,18.496,0.1632517511675122,W2
QSO_209.06675-26.6022592,60334.830812500026,18.1645,0.1327056776291054,W2
QSO_209.06675-26.6022592,60496.311641200016,17.5095,0.3383505947977632,W2
QSO_209.0556712-26.8028841,55222.692112749966,17.8985,0.042528460139946,W1
QSO_209.0556712-26.8028841,55402.21020874998,17.9545,0.0717737194025435,W1
QSO_209.0556712-26.8028841,55589.25243299997,17.826,0.0733247469720724,W1
QSO_209.0556712-26.8028841,56687.01520050002,17.936999999999998,0.054245896471075,W1
QSO_209.0556712-26.8028841,56864.27867325007,17.9285,0.0447807157155844,W1
QSO_209.0556712-26.8028841,57049.49991418056,17.872999999999998,0.0456968078833615,W1
QSO_209.0556712-26.8028841,57222.96938228379,17.8825,0.0364392569139991,W1
QSO_209.0556712-26.8028841,57412.54853655257,18.172,0.1378858223313769,W1
QSO_209.0556712-26.8028841,57585.07933706454,17.925,0.0488406327498677,W1
QSO_209.0556712-26.8028841,57780.38898900003,17.948999999999998,0.0815656790568191,W1
QSO_209.0556712-26.8028841,57945.70281800002,17.747999999999998,0.1481427959773945,W1
QSO_209.0556712-26.8028841,58144.35395849999,17.9465,0.0480254562127671,W1
QSO_209.0556712-26.8028841,58305.88357699999,17.817500000000003,0.0671849127408826,W1
QSO_209.0556712-26.8028841,58508.469016,17.802500000000002,0.069615223169038,W1
QSO_209.0556712-26.8028841,58669.84144724993,18.103,0.0849742608087883,W1
QSO_209.0556712-26.8028841,58875.47160879998,17.86,0.0656216239578403,W1
QSO_209.0556712-26.8028841,59037.0679288,17.993499999999997,0.0440256659150012,W1
QSO_209.0556712-26.8028841,59240.16399425005,17.9095,0.0742861864682796,W1
QSO_209.0556712-26.8028841,59401.50373975006,17.881500000000003,0.0420728534806007,W1
QSO_209.0556712-26.8028841,59607.04578824999,17.8645,0.0848146399399782,W1
QSO_209.0556712-26.8028841,59765.5298285,18.012,0.1403506768775979,W1
QSO_209.0556712-26.8028841,59970.911934000025,18.018,0.0874308192123816,W1
QSO_209.0556712-26.8028841,60132.18952000003,17.93,0.0371382282829969,W1
QSO_209.0556712-26.8028841,60335.08933660002,17.858,0.0970750637393554,W1
QSO_209.0556712-26.8028841,60496.47176619997,18.084,0.0,W1
QSO_209.0556712-26.8028841,55222.692112749966,18.456,0.0851513243988311,W2
QSO_209.0556712-26.8028841,55402.21020874998,18.5075,0.0729100339245221,W2
QSO_209.0556712-26.8028841,55589.25243299997,18.347,0.2149632182146175,W2
QSO_209.0556712-26.8028841,56687.01520050002,18.359,0.091915420058032,W2
QSO_209.0556712-26.8028841,56864.27867325007,18.253500000000003,0.1102370935614462,W2
QSO_209.0556712-26.8028841,57049.49991418056,18.476,0.0721783505333441,W2
QSO_209.0556712-26.8028841,57222.96938228379,18.2785,0.1299321760395414,W2
QSO_209.0556712-26.8028841,57412.54853655257,18.483,0.2390020920410537,W2
QSO_209.0556712-26.8028841,57585.07933706454,17.947,0.2029159650911898,W2
QSO_209.0556712-26.8028841,57780.38898900003,18.196,0.0689750099673788,W2
QSO_209.0556712-26.8028841,57945.70281800002,18.385,0.1103831146507474,W2
QSO_209.0556712-26.8028841,58144.35395849999,18.338,0.0907599856765082,W2
QSO_209.0556712-26.8028841,58305.88357699999,18.394,0.1138586706184471,W2
QSO_209.0556712-26.8028841,58508.469016,18.1015,0.0696612198204641,W2
QSO_209.0556712-26.8028841,58669.84144724993,18.04,0.0452594948601949,W2
QSO_209.0556712-26.8028841,58875.47160879998,18.102,0.0782927396788475,W2
QSO_209.0556712-26.8028841,59037.0679288,18.126,0.0841253749097363,W2
QSO_209.0556712-26.8028841,59240.16399425005,18.2395,0.0605789612561573,W2
QSO_209.0556712-26.8028841,59401.50373975006,18.389,0.1187939392393394,W2
QSO_209.0556712-26.8028841,59607.04578824999,18.331000000000003,0.0933314731957494,W2
QSO_209.0556712-26.8028841,59765.5298285,18.4995,0.0792137140904277,W2
QSO_209.0556712-26.8028841,59970.911934000025,18.168,0.1215937376555102,W2
QSO_209.0556712-26.8028841,60132.18952000003,18.266,0.1538804730951916,W2
QSO_209.0556712-26.8028841,60335.08933660002,17.973,0.144411246099464,W2
QSO_209.0556712-26.8028841,60496.47176619997,18.278,0.0,W2
QSO_209.102143-26.6234898,55222.65909849997,18.216,0.0728743963309721,W1
QSO_209.102143-26.6234898,55402.24327774999,18.315,0.0819170067812539,W1
QSO_209.102143-26.6234898,55589.25237824997,18.173,0.0858664479002127,W1
QSO_209.102143-26.6234898,56686.94939100002,18.156,0.0707624759318101,W1
QSO_209.102143-26.6234898,56864.24584150004,18.073,0.0829949241484223,W1
QSO_209.102143-26.6234898,57049.434141176425,18.212000000000003,0.0820815143622486,W1
QSO_209.102143-26.6234898,57223.06774979,18.3895,0.084919355125908,W1
QSO_209.102143-26.6234898,57412.41717914432,18.105,0.0,W1
QSO_209.102143-26.6234898,57585.07948346449,18.142,0.0659081785516791,W1
QSO_209.102143-26.6234898,57780.32352625,18.4485,0.0413398292386589,W1
QSO_209.102143-26.6234898,57945.73566800002,18.357,0.1477853172679894,W1
QSO_209.102143-26.6234898,58144.55018250004,18.284,0.0618646264031391,W1
QSO_209.102143-26.6234898,58306.11224949998,18.2675,0.0778258085822531,W1
QSO_209.102143-26.6234898,58508.469016,18.349,0.0587820834381815,W1
QSO_209.102143-26.6234898,58875.3733378,18.282,0.030894983411551,W1
QSO_209.102143-26.6234898,59037.0679288,18.31,0.0446407535218658,W1
QSO_209.102143-26.6234898,59240.19664350001,18.3,0.0917241080632565,W1
QSO_209.102143-26.6234898,59401.50381274995,18.334,0.1760695885154494,W1
QSO_209.102143-26.6234898,59606.81704275003,18.1535,0.0764530084430957,W1
QSO_209.102143-26.6234898,59765.39908550002,18.576,0.1049645442783207,W1
QSO_209.102143-26.6234898,59970.81425999997,18.002000000000002,0.0988268219702566,W1
QSO_209.102143-26.6234898,60132.12482374995,18.338,0.1349158881488754,W1
QSO_209.102143-26.6234898,60334.830812500026,18.956,0.2029396462005384,W1
QSO_209.102143-26.6234898,60496.53581620001,18.51,0.0,W1
QSO_209.102143-26.6234898,55222.65909849997,18.383,0.072936298944378,W2
QSO_209.102143-26.6234898,55402.24327774999,18.5185,0.08844639054252,W2
QSO_209.102143-26.6234898,55589.25237824997,18.273000000000003,0.0822347060248901,W2
QSO_209.102143-26.6234898,56686.94939100002,18.424,0.0683247539329634,W2
QSO_209.102143-26.6234898,56864.24584150004,18.392,0.096990516803728,W2
QSO_209.102143-26.6234898,57049.434141176425,18.4435,0.1006019153414608,W2
QSO_209.102143-26.6234898,57223.06774979,18.13,0.0932845110401513,W2
QSO_209.102143-26.6234898,57412.41717914432,18.544,0.0,W2
QSO_209.102143-26.6234898,57585.07948346449,18.179,0.1494942406917404,W2
QSO_209.102143-26.6234898,57780.32352625,18.153,0.0801134612076316,W2
QSO_209.102143-26.6234898,57945.73566800002,18.2835,0.0279307178568688,W2
QSO_209.102143-26.6234898,58144.55018250004,18.22,0.0676049702314853,W2
QSO_209.102143-26.6234898,58306.11224949998,18.4585,0.1249868326398159,W2
QSO_209.102143-26.6234898,58508.469016,17.851,0.0936303804763609,W2
QSO_209.102143-26.6234898,58875.3733378,18.0275,0.221736717471419,W2
QSO_209.102143-26.6234898,59037.0679288,18.424,0.0648907736122787,W2
QSO_209.102143-26.6234898,59240.19664350001,18.321,0.0814338504554464,W2
QSO_209.102143-26.6234898,59401.50381274995,17.905,0.0410121933088208,W2
QSO_209.102143-26.6234898,59606.81704275003,18.1825,0.1082110206956762,W2
QSO_209.102143-26.6234898,59765.39908550002,18.715,0.112430719408295,W2
QSO_209.102143-26.6234898,59970.81425999997,18.092,0.2399228270985552,W2
QSO_209.102143-26.6234898,60132.12482374995,18.15,0.2262353241096537,W2
QSO_209.102143-26.6234898,60334.830812500026,18.0455,0.1078337841309483,W2
QSO_209.102143-26.6234898,60496.53581620001,18.205,0.0,W2
QSO_209.10791-26.5612181,55222.62593825001,18.2325,0.0716835357447928,W1
QSO_209.10791-26.5612181,55402.24333249999,18.112,0.0388973888418048,W1
QSO_209.10791-26.5612181,55589.05412849993,18.374,0.0677836632235236,W1
QSO_209.10791-26.5612181,56686.94939100002,18.311,0.0842582743125176,W1
QSO_209.10791-26.5612181,56864.18017799998,18.191000000000003,0.0632793358721668,W1
QSO_209.10791-26.5612181,57049.368477672295,18.057,0.1003858954236105,W1
QSO_209.10791-26.5612181,57222.9039195297,18.205,0.0482122585552676,W1
QSO_209.10791-26.5612181,57412.71268756298,18.135,0.0226274169979695,W1
QSO_209.10791-26.5612181,57585.07948346449,18.127,0.1099939392269713,W1
QSO_209.10791-26.5612181,57780.25806349998,18.101,0.0927382598480809,W1
QSO_209.10791-26.5612181,57945.60485199998,18.117,0.0506439779243299,W1
QSO_209.10791-26.5612181,58144.55018250004,18.312,0.0527556665189081,W1
QSO_209.10791-26.5612181,58306.04665899999,18.258,0.0549593304180462,W1
QSO_209.10791-26.5612181,58508.599686,18.275,0.0686589251299493,W1
QSO_209.10791-26.5612181,58669.97220849996,18.204,0.0462777444310937,W1
QSO_209.10791-26.5612181,58875.40613139996,18.195,0.0508177921598329,W1
QSO_209.10791-26.5612181,59037.03513520004,18.154,0.0755665024749479,W1
QSO_209.10791-26.5612181,59240.19664350001,18.106,0.0475322206508381,W1
QSO_209.10791-26.5612181,59401.50381274995,18.4325,0.1481388706585818,W1
QSO_209.10791-26.5612181,59607.07836449998,18.147,0.0375322777752694,W1
QSO_209.10791-26.5612181,59765.49706975003,17.977,0.0367695526217001,W1
QSO_209.10791-26.5612181,59970.81425999997,18.21,0.0733650165676846,W1
QSO_209.10791-26.5612181,60132.18966599998,18.225,0.071330442309017,W1
QSO_209.10791-26.5612181,60335.12147139996,18.0835,0.1298684430491105,W1
QSO_209.10791-26.5612181,60496.53581620001,18.266,0.0,W1
QSO_209.10791-26.5612181,55222.62593825001,18.2675,0.0654990308850062,W2
QSO_209.10791-26.5612181,55402.24333249999,18.507,0.0576505008383583,W2
QSO_209.10791-26.5612181,55589.05412849993,18.418,0.1086487315848649,W2
QSO_209.10791-26.5612181,56686.94939100002,18.404,0.1040907459955998,W2
QSO_209.10791-26.5612181,56864.18017799998,18.173,0.0687151532837504,W2
QSO_209.10791-26.5612181,57049.368477672295,18.244,0.1175345396043222,W2
QSO_209.10791-26.5612181,57222.9039195297,18.4305,0.1120080214761423,W2
QSO_209.10791-26.5612181,57412.71268756298,18.2555,0.1325825214724776,W2
QSO_209.10791-26.5612181,57585.07948346449,18.06,0.2493677932217719,W2
QSO_209.10791-26.5612181,57780.25806349998,18.248,0.1563706257413845,W2
QSO_209.10791-26.5612181,57945.60485199998,18.2495,0.0801049116783731,W2
QSO_209.10791-26.5612181,58144.55018250004,18.378,0.116663554033169,W2
QSO_209.10791-26.5612181,58306.04665899999,18.079,0.0834360114099421,W2
QSO_209.10791-26.5612181,58508.599686,17.861,0.1762971128521394,W2
QSO_209.10791-26.5612181,58669.97220849996,18.09,0.1291570964196531,W2
QSO_209.10791-26.5612181,58875.40613139996,18.208,0.0552053620584088,W2
QSO_209.10791-26.5612181,59037.03513520004,18.565,0.0432597666129556,W2
QSO_209.10791-26.5612181,59240.19664350001,17.979,0.1605920047823056,W2
QSO_209.10791-26.5612181,59401.50381274995,17.91,0.2184959953866439,W2
QSO_209.10791-26.5612181,59607.07836449998,18.31,0.1257375118053482,W2
QSO_209.10791-26.5612181,59765.49706975003,17.817999999999998,0.045254833995939,W2
QSO_209.10791-26.5612181,59970.81425999997,18.037,0.0556376238664485,W2
QSO_209.10791-26.5612181,60132.18966599998,18.226,0.0905329111428547,W2
QSO_209.10791-26.5612181,60335.12147139996,18.238,0.1420446122702298,W2
QSO_209.10791-26.5612181,60496.53581620001,18.318,0.0,W2
QSO_209.3030201-26.7230597,55222.75821425004,18.008499999999998,0.0628854209803433,W1
QSO_209.3030201-26.7230597,55402.27636500005,18.0295,0.0534846146101849,W1
QSO_209.3030201-26.7230597,55589.31847974996,18.159,0.0388673625938266,W1
QSO_209.3030201-26.7230597,56687.31148924999,18.0825,0.0511770822732208,W1
QSO_209.3030201-26.7230597,56864.41020100004,17.9575,0.0515680489438468,W1
QSO_209.3030201-26.7230597,57049.56544993479,18.076,0.0221668755211546,W1
QSO_209.3030201-26.7230597,57223.1988212983,18.0955,0.0249123463367062,W1
QSO_209.3030201-26.7230597,57412.97547557962,18.047,0.0155563491861042,W1
QSO_209.3030201-26.7230597,57585.276354877016,18.101,0.0446351464240494,W1
QSO_209.3030201-26.7230597,57780.9780625,18.177,0.0664936481764492,W1
QSO_209.3030201-26.7230597,57945.73566800002,18.022,0.0593395947070757,W1
QSO_209.3030201-26.7230597,58144.811814500026,18.163,0.063708963262637,W1
QSO_209.3030201-26.7230597,58306.24324799999,18.1225,0.0468824870563904,W1
QSO_209.3030201-26.7230597,58508.59983200004,18.116,0.0434800983259848,W1
QSO_209.3030201-26.7230597,58670.07006499999,18.2665,0.1161287001563353,W1
QSO_209.3030201-26.7230597,58875.47160879998,18.09,0.0763061579271905,W1
QSO_209.3030201-26.7230597,59037.16625469999,18.152,0.1322837858545029,W1
QSO_209.3030201-26.7230597,59240.35996275006,18.236,0.0948171974165338,W1
QSO_209.3030201-26.7230597,59401.569165999965,17.872999999999998,0.0,W1
QSO_209.3030201-26.7230597,59607.17627575001,17.9585,0.0820982642934677,W1
QSO_209.3030201-26.7230597,59765.82296000008,17.9795,0.1359565732681387,W1
QSO_209.3030201-26.7230597,59971.009461999965,18.159,0.0687938145568537,W1
QSO_209.3030201-26.7230597,60132.189593,18.067,0.0779738537908702,W1
QSO_209.3030201-26.7230597,60335.25074259998,17.9725,0.1011857821040084,W1
QSO_209.3030201-26.7230597,60497.30361100002,18.225,0.0,W1
QSO_209.3030201-26.7230597,55222.75821425004,18.4255,0.0762483478304612,W2
QSO_209.3030201-26.7230597,55402.27636500005,18.447000000000003,0.0405990270819387,W2
QSO_209.3030201-26.7230597,55589.31847974996,18.47,0.1941949326707577,W2
QSO_209.3030201-26.7230597,56687.31148924999,18.258,0.0872994017555393,W2
QSO_209.3030201-26.7230597,56864.41020100004,18.334,0.0755574982835918,W2
QSO_209.3030201-26.7230597,57049.56544993479,18.2715,0.103766141091577,W2
QSO_209.3030201-26.7230597,57223.1988212983,18.215,0.08741093681571,W2
QSO_209.3030201-26.7230597,57412.97547557962,18.3045,0.0144956890143243,W2
QSO_209.3030201-26.7230597,57585.276354877016,18.026,0.1515126201808747,W2
QSO_209.3030201-26.7230597,57780.9780625,18.428,0.0548882777291288,W2
QSO_209.3030201-26.7230597,57945.73566800002,18.1615,0.0327423655223627,W2
QSO_209.3030201-26.7230597,58144.811814500026,18.478,0.1169005047037867,W2
QSO_209.3030201-26.7230597,58306.24324799999,18.245,0.0521710150832319,W2
QSO_209.3030201-26.7230597,58508.59983200004,17.982,0.1699342009516073,W2
QSO_209.3030201-26.7230597,58670.07006499999,18.2835,0.1271310839252148,W2
QSO_209.3030201-26.7230597,58875.47160879998,18.132,0.1082653311277361,W2
QSO_209.3030201-26.7230597,59037.16625469999,17.932000000000002,0.1048966753524629,W2
QSO_209.3030201-26.7230597,59240.35996275006,18.302,0.0871408236600286,W2
QSO_209.3030201-26.7230597,59401.569165999965,18.227,0.0,W2
QSO_209.3030201-26.7230597,59607.17627575001,18.157,0.1485433438427985,W2
QSO_209.3030201-26.7230597,59765.82296000008,17.999,0.0686273147757754,W2
QSO_209.3030201-26.7230597,59971.009461999965,18.209,0.0751133642750167,W2
QSO_209.3030201-26.7230597,60132.189593,18.271,0.1095840621015057,W2
QSO_209.3030201-26.7230597,60335.25074259998,17.9625,0.128265045413784,W2
QSO_209.3030201-26.7230597,60497.30361100002,17.448999999999998,0.0,W2
QSO_209.2514444-26.6655083,55222.692112749966,17.801000000000002,0.0691218918831073,W1
QSO_209.2514444-26.6655083,55402.34241175003,17.8515,0.0420515041348105,W1
QSO_209.2514444-26.6655083,55589.25243299997,17.712,0.0638890287921175,W1
QSO_209.2514444-26.6655083,56687.08111950003,17.711,0.0660573123364819,W1
QSO_209.2514444-26.6655083,56864.377314500016,17.735,0.0485762302548539,W1
QSO_209.2514444-26.6655083,57049.598281686856,17.622,0.0698614700675552,W1
QSO_209.2514444-26.6655083,57223.16606254629,17.741999999999997,0.0796901406606765,W1
QSO_209.2514444-26.6655083,57412.67989396089,17.512999999999998,0.0,W1
QSO_209.2514444-26.6655083,57585.276354877016,17.822,0.0738286665191778,W1
QSO_209.2514444-26.6655083,57780.38898900003,17.747999999999998,0.0554138419309747,W1
QSO_209.2514444-26.6655083,57945.70296399997,17.667,0.1902910052174475,W1
QSO_209.2514444-26.6655083,58144.58288650001,17.681,0.0249908316521612,W1
QSO_209.2514444-26.6655083,58306.11224949998,17.6665,0.0305644810196409,W1
QSO_209.2514444-26.6655083,58508.73050200004,17.648,0.074760024240832,W1
QSO_209.2514444-26.6655083,58670.03736100002,17.676499999999997,0.0441623425556204,W1
QSO_209.2514444-26.6655083,58875.47160879998,17.695,0.0356130313228179,W1
QSO_209.2514444-26.6655083,59037.16625469999,17.8125,0.0944949568760153,W1
QSO_209.2514444-26.6655083,59240.35996275006,17.7405,0.0880216987136947,W1
QSO_209.2514444-26.6655083,59401.569165999965,17.616,0.0,W1
QSO_209.2514444-26.6655083,59607.17627575001,17.691,0.0203991421388256,W1
QSO_209.2514444-26.6655083,59765.82296000008,17.7325,0.0753284474816781,W1
QSO_209.2514444-26.6655083,59970.97695875003,17.7295,0.0303076814612327,W1
QSO_209.2514444-26.6655083,60132.22204149993,17.683,0.108447279818352,W1
QSO_209.2514444-26.6655083,60335.15382579999,17.7215,0.0521530866243256,W1
QSO_209.2514444-26.6655083,60497.30361100002,17.596,0.0,W1
QSO_209.2514444-26.6655083,55222.692112749966,18.3305,0.0736335945747592,W2
QSO_209.2514444-26.6655083,55402.34241175003,18.401,0.0809271030001692,W2
QSO_209.2514444-26.6655083,55589.25243299997,18.376,0.1121723673638029,W2
QSO_209.2514444-26.6655083,56687.08111950003,18.012999999999998,0.0782042999869135,W2
QSO_209.2514444-26.6655083,56864.377314500016,18.114,0.1082758597637541,W2
QSO_209.2514444-26.6655083,57049.598281686856,18.227,0.1171332040883367,W2
QSO_209.2514444-26.6655083,57223.16606254629,18.223,0.1111875292767432,W2
QSO_209.2514444-26.6655083,57412.67989396089,18.016,0.0,W2
QSO_209.2514444-26.6655083,57585.276354877016,18.068,0.0815938232956395,W2
QSO_209.2514444-26.6655083,57780.38898900003,18.201,0.0849953179983029,W2
QSO_209.2514444-26.6655083,57945.70296399997,17.852,0.045580210130665,W2
QSO_209.2514444-26.6655083,58144.58288650001,18.1145,0.1022967949608358,W2
QSO_209.2514444-26.6655083,58306.11224949998,18.306,0.0953133708976607,W2
QSO_209.2514444-26.6655083,58508.73050200004,18.28,0.0754707287879882,W2
QSO_209.2514444-26.6655083,58670.03736100002,18.1115,0.0825972911178085,W2
QSO_209.2514444-26.6655083,58875.47160879998,18.172,0.1733446509125677,W2
QSO_209.2514444-26.6655083,59037.16625469999,18.079,0.175006249888397,W2
QSO_209.2514444-26.6655083,59240.35996275006,18.097,0.0789426655519334,W2
QSO_209.2514444-26.6655083,59401.569165999965,17.779,0.0,W2
QSO_209.2514444-26.6655083,59607.17627575001,18.074,0.2136644565668329,W2
QSO_209.2514444-26.6655083,59765.82296000008,18.204,0.1219338960256745,W2
QSO_209.2514444-26.6655083,59970.97695875003,18.051,0.1084887773680525,W2
QSO_209.2514444-26.6655083,60132.22204149993,18.296,0.1301726617804212,W2
QSO_209.2514444-26.6655083,60335.15382579999,18.2475,0.0917516777523458,W2
QSO_209.2514444-26.6655083,60497.30361100002,17.687,0.0,W2
QSO_209.0583067-26.6148061,55222.658952500016,17.676000000000002,0.0362915791500061,W1
QSO_209.0583067-26.6148061,55402.24322299998,17.698999999999998,0.0422243302446952,W1
QSO_209.0583067-26.6148061,55589.25232349997,17.832,0.0851356216520099,W1
QSO_209.0583067-26.6148061,56686.94939100002,17.647,0.04588714013348,W1
QSO_209.0583067-26.6148061,56864.21295500001,17.613500000000002,0.0534155108266783,W1
QSO_209.0583067-26.6148061,57049.33570067024,17.685000000000002,0.0425404219537137,W1
QSO_209.0583067-26.6148061,57222.9694370338,17.622,0.0792346388898194,W1
QSO_209.0583067-26.6148061,57412.54853655257,17.5935,0.0470226009489051,W1
QSO_209.0583067-26.6148061,57585.07933706454,17.478,0.0848091504497009,W1
QSO_209.0583067-26.6148061,57780.32352625,17.579,0.0455367678060508,W1
QSO_209.0583067-26.6148061,57945.60477899993,17.5915,0.0578893070868875,W1
QSO_209.0583067-26.6148061,58144.35395849999,17.645,0.072058393244902,W1
QSO_209.0583067-26.6148061,58305.58931400002,17.527,0.0471939117484707,W1
QSO_209.0583067-26.6148061,58508.37090400002,17.673000000000002,0.0400329146985234,W1
QSO_209.0583067-26.6148061,58669.71068599998,17.796,0.0495612752055477,W1
QSO_209.0583067-26.6148061,58875.40613139996,17.592,0.0402820059083456,W1
QSO_209.0583067-26.6148061,59037.03513520004,17.48,0.0301367254727891,W1
QSO_209.0583067-26.6148061,59240.19664350001,17.66,0.0674632823144663,W1
QSO_209.0583067-26.6148061,59401.50381274995,17.7285,0.0498510280736509,W1
QSO_209.0583067-26.6148061,59607.04573349999,17.659,0.0678731758502578,W1
QSO_209.0583067-26.6148061,59970.87935774995,17.586,0.0257451901297086,W1
QSO_209.0583067-26.6148061,60132.15721749997,17.6675,0.0430451958862878,W1
QSO_209.0583067-26.6148061,60334.830812500026,17.66,0.0403120639511307,W1
QSO_209.0583067-26.6148061,60496.311641200016,17.6655,0.0243951839509355,W1
QSO_209.0583067-26.6148061,55222.658952500016,18.169,0.0397778085429319,W2
QSO_209.0583067-26.6148061,55402.24322299998,18.129,0.0908425210810644,W2
QSO_209.0583067-26.6148061,55589.25232349997,18.527,0.1742981693875525,W2
QSO_209.0583067-26.6148061,56686.94939100002,18.262,0.1327639488640265,W2
QSO_209.0583067-26.6148061,56864.21295500001,18.175,0.1273084038369031,W2
QSO_209.0583067-26.6148061,57049.33570067024,18.6235,0.0442526482258407,W2
QSO_209.0583067-26.6148061,57222.9694370338,18.457,0.0798611795555261,W2
QSO_209.0583067-26.6148061,57412.54853655257,18.404,0.2849640328181777,W2
QSO_209.0583067-26.6148061,57585.07933706454,17.998,0.2154038811163812,W2
QSO_209.0583067-26.6148061,57780.32352625,18.027,0.0264768417328831,W2
QSO_209.0583067-26.6148061,57945.60477899993,18.1525,0.0390982336557546,W2
QSO_209.0583067-26.6148061,58144.35395849999,18.2835,0.0842129410746616,W2
QSO_209.0583067-26.6148061,58305.58931400002,18.337,0.114349421019363,W2
QSO_209.0583067-26.6148061,58508.37090400002,18.14,0.148742880315141,W2
QSO_209.0583067-26.6148061,58669.71068599998,18.134,0.123862181476026,W2
QSO_209.0583067-26.6148061,58875.40613139996,17.986,0.0747370858409667,W2
QSO_209.0583067-26.6148061,59037.03513520004,18.312,0.221231067405067,W2
QSO_209.0583067-26.6148061,59240.19664350001,17.977999999999998,0.1341861332900945,W2
QSO_209.0583067-26.6148061,59401.50381274995,17.917,0.0445477272147529,W2
QSO_209.0583067-26.6148061,59607.04573349999,18.118,0.0961841566995313,W2
QSO_209.0583067-26.6148061,59970.87935774995,18.3,0.1037401713327494,W2
QSO_209.0583067-26.6148061,60132.15721749997,18.1135,0.0739485556917031,W2
QSO_209.0583067-26.6148061,60334.830812500026,18.152,0.0478663503935701,W2
QSO_209.0583067-26.6148061,60496.311641200016,17.8015,0.0010606601717798,W2
QSO_209.2699897-26.5360837,55222.725126999976,18.97,0.0663606191835613,W1
QSO_209.2699897-26.5360837,55402.27636500005,18.8275,0.0763217771797472,W1
QSO_209.2699897-26.5360837,55589.318425000034,18.792,0.1438412753697631,W1
QSO_209.2699897-26.5360837,56687.08097349999,18.61,0.0860950725421323,W1
QSO_209.2699897-26.5360837,56864.344482749984,18.883000000000003,0.0931103910521001,W1
QSO_209.2699897-26.5360837,57049.598281686856,18.557,0.0884657419569859,W1
QSO_209.2699897-26.5360837,57223.06774979,18.512500000000003,0.1026708941229207,W1
QSO_209.2699897-26.5360837,57412.74548116507,18.722,0.2017033024574023,W1
QSO_209.2699897-26.5360837,57585.276354877016,18.83,0.2132202825457487,W1
QSO_209.2699897-26.5360837,57780.38898900003,18.551,0.1099703960163828,W1
QSO_209.2699897-26.5360837,57945.73566800002,18.736,0.141421356237309,W1
QSO_209.2699897-26.5360837,58144.71362949998,18.655,0.0868003276203491,W1
QSO_209.2699897-26.5360837,58306.24324799999,18.7515,0.1385331075050291,W1
QSO_209.2699897-26.5360837,58508.599686,18.847,0.1034544924109149,W1
QSO_209.2699897-26.5360837,58669.80887100002,18.9665,0.0306825988957911,W1
QSO_209.2699897-26.5360837,58875.40602160004,18.876,0.1074133697451113,W1
QSO_209.2699897-26.5360837,59037.03528159999,18.748,0.029083532313869,W1
QSO_209.2699897-26.5360837,59240.35990799998,18.8095,0.0166170093578828,W1
QSO_209.2699897-26.5360837,59401.569165999965,18.442,0.0,W1
QSO_209.2699897-26.5360837,59607.17627575001,18.849,0.1055393143572578,W1
QSO_209.2699897-26.5360837,59765.595054000034,18.681,0.0,W1
QSO_209.2699897-26.5360837,59970.78175675004,18.8665,0.0964876935158058,W1
QSO_209.2699897-26.5360837,60132.286865499984,19.0275,0.2237440990841994,W1
QSO_209.2699897-26.5360837,60335.15382579999,18.5445,0.1274585104063281,W1
QSO_209.2699897-26.5360837,60497.23967080006,18.9665,0.0837921535706065,W1
QSO_209.2699897-26.5360837,55222.725126999976,18.049,0.0322945626307313,W2
QSO_209.2699897-26.5360837,55402.27636500005,18.233,0.1083326762800587,W2
QSO_209.2699897-26.5360837,55589.318425000034,18.122,0.0627031697763361,W2
QSO_209.2699897-26.5360837,56687.08097349999,18.209,0.106618417172956,W2
QSO_209.2699897-26.5360837,56864.344482749984,18.201,0.0614320635946734,W2
QSO_209.2699897-26.5360837,57049.598281686856,18.2365,0.0911807099939457,W2
QSO_209.2699897-26.5360837,57223.06774979,18.2475,0.225860403512878,W2
QSO_209.2699897-26.5360837,57412.74548116507,18.136,0.1400288330097563,W2
QSO_209.2699897-26.5360837,57585.276354877016,18.144,0.1829160908621661,W2
QSO_209.2699897-26.5360837,57780.38898900003,18.16,0.0545908417227652,W2
QSO_209.2699897-26.5360837,57945.73566800002,18.5005,0.0222738636073758,W2
QSO_209.2699897-26.5360837,58144.71362949998,18.2855,0.067060140918432,W2
QSO_209.2699897-26.5360837,58306.24324799999,17.9175,0.0370748819957662,W2
QSO_209.2699897-26.5360837,58508.599686,17.822,0.113564571940372,W2
QSO_209.2699897-26.5360837,58669.80887100002,18.0595,0.136007525067549,W2
QSO_209.2699897-26.5360837,58875.40602160004,17.977999999999998,0.1164929525765403,W2
QSO_209.2699897-26.5360837,59037.03528159999,18.046,0.0644296917979992,W2
QSO_209.2699897-26.5360837,59240.35990799998,18.038,0.0021213203435597,W2
QSO_209.2699897-26.5360837,59401.569165999965,18.344,0.0,W2
QSO_209.2699897-26.5360837,59607.17627575001,18.018,0.0264988207284775,W2
QSO_209.2699897-26.5360837,59765.595054000034,18.28,0.0,W2
QSO_209.2699897-26.5360837,59970.78175675004,18.1065,0.162956042769208,W2
QSO_209.2699897-26.5360837,60132.286865499984,18.173,0.2580427229646284,W2
QSO_209.2699897-26.5360837,60335.15382579999,17.936,0.212666846264292,W2
QSO_209.2699897-26.5360837,60497.23967080006,18.153,0.0247487373415292,W2
QSO_209.2325636-26.5435826,55222.69203974999,18.201500000000003,0.0481208602115548,W1
QSO_209.2325636-26.5435826,55402.21026349998,18.1895,0.0755040872238053,W1
QSO_209.2325636-26.5435826,55589.25232349997,18.335,0.1236024091818419,W1
QSO_209.2325636-26.5435826,56687.08111950003,18.138,0.0958887100695012,W1
QSO_209.2325636-26.5435826,56864.31165099996,18.158,0.0685794794654826,W1
QSO_209.2325636-26.5435826,57049.434141176425,18.1765,0.0700170614128362,W1
QSO_209.2325636-26.5435826,57223.06774979,18.074,0.0718457549198285,W1
QSO_209.2325636-26.5435826,57412.74548116507,18.153,0.0657740239169095,W1
QSO_209.2325636-26.5435826,57585.276354877016,18.171,0.0676943719964958,W1
QSO_209.2325636-26.5435826,57780.38898900003,18.134,0.0634041008137485,W1
QSO_209.2325636-26.5435826,57945.70296399997,18.207,0.0416448831946531,W1
QSO_209.2325636-26.5435826,58144.746260499975,18.035,0.1045208495947098,W1
QSO_209.2325636-26.5435826,58306.177839999975,18.265,0.0954750648075192,W1
QSO_209.2325636-26.5435826,58508.56705500001,18.0785,0.0826231964559141,W1
QSO_209.2325636-26.5435826,58669.80887100002,18.0725,0.1140670718261845,W1
QSO_209.2325636-26.5435826,58875.40602160004,18.413,0.1265744365976008,W1
QSO_209.2325636-26.5435826,59037.06800199998,18.224,0.0372986259800547,W1
QSO_209.2325636-26.5435826,59240.26192374997,18.1625,0.064661241651201,W1
QSO_209.2325636-26.5435826,59401.569165999965,18.284,0.0682061146384551,W1
QSO_209.2325636-26.5435826,59607.37211649997,18.195,0.0671751442127212,W1
QSO_209.2325636-26.5435826,59765.39908550002,18.124,0.0630828027278436,W1
QSO_209.2325636-26.5435826,59970.81425999997,18.374,0.1157858181520136,W1
QSO_209.2325636-26.5435826,60132.51369475004,18.284,0.0528234086367023,W1
QSO_209.2325636-26.5435826,60335.15375260002,18.209,0.062291829319743,W1
QSO_209.2325636-26.5435826,60497.23967080006,18.2115,0.0010606601717798,W1
QSO_209.2325636-26.5435826,55222.69203974999,18.4165,0.052683607507459,W2
QSO_209.2325636-26.5435826,55402.21026349998,18.3,0.063879020788323,W2
QSO_209.2325636-26.5435826,55589.25232349997,18.427,0.0983071528236698,W2
QSO_209.2325636-26.5435826,56687.08111950003,18.429,0.073350633948766,W2
QSO_209.2325636-26.5435826,56864.31165099996,18.413,0.0609278249220915,W2
QSO_209.2325636-26.5435826,57049.434141176425,18.1685,0.1453250666609174,W2
QSO_209.2325636-26.5435826,57223.06774979,18.342,0.0822100967035071,W2
QSO_209.2325636-26.5435826,57412.74548116507,18.535,0.0585054603339621,W2
QSO_209.2325636-26.5435826,57585.276354877016,18.402,0.1319645406918086,W2
QSO_209.2325636-26.5435826,57780.38898900003,18.588,0.1451950412376402,W2
QSO_209.2325636-26.5435826,57945.70296399997,18.593,0.117349746326794,W2
QSO_209.2325636-26.5435826,58144.746260499975,18.421,0.0763783215317018,W2
QSO_209.2325636-26.5435826,58306.177839999975,18.328,0.1469367210740734,W2
QSO_209.2325636-26.5435826,58508.56705500001,17.996,0.076545465792125,W2
QSO_209.2325636-26.5435826,58669.80887100002,18.449,0.0895328152131941,W2
QSO_209.2325636-26.5435826,58875.40602160004,18.464,0.0421052015789022,W2
QSO_209.2325636-26.5435826,59037.06800199998,18.029,0.2664405421477746,W2
QSO_209.2325636-26.5435826,59240.26192374997,18.111,0.0837577888169212,W2
QSO_209.2325636-26.5435826,59401.569165999965,18.075,0.1698024996544188,W2
QSO_209.2325636-26.5435826,59607.37211649997,18.0865,0.1042982502250163,W2
QSO_209.2325636-26.5435826,59765.39908550002,18.523,0.1519966841743598,W2
QSO_209.2325636-26.5435826,59970.81425999997,18.071,0.075305597033729,W2
QSO_209.2325636-26.5435826,60132.51369475004,18.1785,0.0782228387365226,W2
QSO_209.2325636-26.5435826,60335.15375260002,18.383,0.0697001578190467,W2
QSO_209.2325636-26.5435826,60497.23967080006,18.264,0.1887975105768078,W2
QSO_209.0675692-26.6881307,55222.692112749966,18.1855,0.0567245090051469,W1
QSO_209.0675692-26.6881307,55402.17719449997,18.143,0.0461714761797801,W1
QSO_209.0675692-26.6881307,55589.25243299997,18.136,0.1365237735368487,W1
QSO_209.0675692-26.6881307,56687.01520050002,18.203,0.0697621949797777,W1
QSO_209.0675692-26.6881307,56864.180068499976,18.108,0.0983571220440601,W1
QSO_209.0675692-26.6881307,57049.53267293265,18.189,0.0965488056632502,W1
QSO_209.0675692-26.6881307,57222.9694370338,18.016,0.0908091201162981,W1
QSO_209.0675692-26.6881307,57412.54853655257,18.003999999999998,0.0431335136523806,W1
QSO_209.0675692-26.6881307,57585.07933706454,18.098,0.0964238329229639,W1
QSO_209.0675692-26.6881307,57780.32352625,18.333,0.0644880120929748,W1
QSO_209.0675692-26.6881307,57945.57207500004,18.107,0.0565685424949238,W1
QSO_209.0675692-26.6881307,58144.58288650001,17.996000000000002,0.1300328684410209,W1
QSO_209.0675692-26.6881307,58305.88357699999,18.228,0.1111683949557472,W1
QSO_209.0675692-26.6881307,58508.37090400002,18.1455,0.0820513615117135,W1
QSO_209.0675692-26.6881307,58669.84144724993,18.3055,0.15549934686358,W1
QSO_209.0675692-26.6881307,58875.34054420002,18.154,0.0648690989609075,W1
QSO_209.0675692-26.6881307,59037.10072239997,18.214,0.072392448961661,W1
QSO_209.0675692-26.6881307,59240.16393949996,18.216,0.0199045174474242,W1
QSO_209.0675692-26.6881307,59401.50381274995,17.951,0.0106066017177986,W1
QSO_209.0675692-26.6881307,59607.11106849995,18.084000000000003,0.1252865604213884,W1
QSO_209.0675692-26.6881307,59765.46460299996,18.063,0.0937625053387937,W1
QSO_209.0675692-26.6881307,59970.87941250004,18.183,0.0786422686218689,W1
QSO_209.0675692-26.6881307,60132.18952000003,18.168,0.0596625593756556,W1
QSO_209.0675692-26.6881307,60335.08919019998,18.179,0.0250377492776189,W1
QSO_209.0675692-26.6881307,60496.53581620001,18.016,0.0,W1
QSO_209.0675692-26.6881307,55222.692112749966,18.3935,0.0631966177892454,W2
QSO_209.0675692-26.6881307,55402.17719449997,18.462,0.0675031066703666,W2
QSO_209.0675692-26.6881307,55589.25243299997,18.482,0.1236024091818419,W2
QSO_209.0675692-26.6881307,56687.01520050002,18.202,0.0980746725684919,W2
QSO_209.0675692-26.6881307,56864.180068499976,18.095,0.0961012554712739,W2
QSO_209.0675692-26.6881307,57049.53267293265,18.464,0.1270806830324736,W2
QSO_209.0675692-26.6881307,57222.9694370338,18.558,0.1166085569568353,W2
QSO_209.0675692-26.6881307,57412.54853655257,18.3255,0.1297540943477317,W2
QSO_209.0675692-26.6881307,57585.07933706454,18.274,0.0901619941282644,W2
QSO_209.0675692-26.6881307,57780.32352625,18.19,0.1043192216228631,W2
QSO_209.0675692-26.6881307,57945.57207500004,18.016,0.3698168465605653,W2
QSO_209.0675692-26.6881307,58144.58288650001,18.3855,0.216593044382778,W2
QSO_209.0675692-26.6881307,58305.88357699999,18.2315,0.1374123963355075,W2
QSO_209.0675692-26.6881307,58508.37090400002,17.958,0.0873904605354191,W2
QSO_209.0675692-26.6881307,58669.84144724993,17.932000000000002,0.0929119206560707,W2
QSO_209.0675692-26.6881307,58875.34054420002,18.291,0.1191476395066224,W2
QSO_209.0675692-26.6881307,59037.10072239997,18.445,0.1751598212004197,W2
QSO_209.0675692-26.6881307,59240.16393949996,18.1165,0.0875463898191719,W2
QSO_209.0675692-26.6881307,59401.50381274995,18.403,0.2255670631985092,W2
QSO_209.0675692-26.6881307,59607.11106849995,18.2855,0.0629491637928754,W2
QSO_209.0675692-26.6881307,59765.46460299996,18.281,0.1343205122086717,W2
QSO_209.0675692-26.6881307,59970.87941250004,18.231,0.0989465798093937,W2
QSO_209.0675692-26.6881307,60132.18952000003,18.203,0.1092517887852172,W2
QSO_209.0675692-26.6881307,60335.08919019998,18.653,0.0393681578417362,W2
QSO_209.0675692-26.6881307,60496.53581620001,18.518,0.0,W2
QSO_209.3929705-26.7993835,55222.824315750026,18.9955,0.0822764846227341,W1
QSO_209.3929705-26.7993835,55402.37542600004,19.237,0.0518457932968419,W1
QSO_209.3929705-26.7993835,55589.450628000006,18.969,0.1317926436715113,W1
QSO_209.3929705-26.7993835,56687.37735349999,18.985,0.1209542139613169,W1
QSO_209.3929705-26.7993835,56865.03473424997,18.8195,0.0123743686707658,W1
QSO_209.3929705-26.7993835,57049.36858717231,18.581,0.0380360452826092,W1
QSO_209.3929705-26.7993835,57223.23158005039,19.01,0.0971434403343837,W1
QSO_209.3929705-26.7993835,57412.54853655257,19.032000000000004,0.2050609665440994,W1
QSO_209.3929705-26.7993835,57585.44045098743,18.848,0.0,W1
QSO_209.3929705-26.7993835,57781.04347050002,18.828000000000003,0.0736869316018036,W1
QSO_209.3929705-26.7993835,57945.931873750014,18.8915,0.0449012806053441,W1
QSO_209.3929705-26.7993835,58144.90992650001,19.2095,0.1322603374976797,W1
QSO_209.3929705-26.7993835,58306.30840049997,19.1,0.0756604255869613,W1
QSO_209.3929705-26.7993835,58508.763206,19.0475,0.0116672618895784,W1
QSO_209.3929705-26.7993835,58670.07006499999,18.5085,0.0067175144212728,W1
QSO_209.3929705-26.7993835,58875.3405625,19.0475,0.3659277592640383,W1
QSO_209.3929705-26.7993835,59037.10072239997,19.667,0.0,W1
QSO_209.3929705-26.7993835,59240.42531599999,18.902,0.1785452936232147,W1
QSO_209.3929705-26.7993835,59402.352894,19.278,0.0,W1
QSO_209.3929705-26.7993835,59607.6333835,18.925,0.1706909704917255,W1
QSO_209.3929705-26.7993835,59765.82296000008,18.6965,0.1472567379612905,W1
QSO_209.3929705-26.7993835,59971.23711249996,19.0605,0.1268421139645664,W1
QSO_209.3929705-26.7993835,60335.28302380004,18.726,0.0,W1
QSO_209.3929705-26.7993835,55222.824315750026,18.382,0.1098853006406,W2
QSO_209.3929705-26.7993835,55402.37542600004,18.242,0.0914768779768395,W2
QSO_209.3929705-26.7993835,55589.450628000006,18.118,0.0764166212286304,W2
QSO_209.3929705-26.7993835,56687.37735349999,18.228,0.0589676818265736,W2
QSO_209.3929705-26.7993835,56865.03473424997,18.0525,0.070357124728062,W2
QSO_209.3929705-26.7993835,57049.36858717231,18.019,0.0339749362956918,W2
QSO_209.3929705-26.7993835,57223.23158005039,18.223,0.07810987133519,W2
QSO_209.3929705-26.7993835,57412.54853655257,18.274,0.2248599564173218,W2
QSO_209.3929705-26.7993835,57585.44045098743,17.98,0.014849242404918,W2
QSO_209.3929705-26.7993835,57781.04347050002,18.036,0.075105019065898,W2
QSO_209.3929705-26.7993835,57945.931873750014,18.415,0.1718269478283312,W2
QSO_209.3929705-26.7993835,58144.90992650001,18.0635,0.0486068410823003,W2
QSO_209.3929705-26.7993835,58306.30840049997,18.3955,0.2428911793375794,W2
QSO_209.3929705-26.7993835,58508.763206,17.8825,0.0540936687607704,W2
QSO_209.3929705-26.7993835,58670.07006499999,17.8475,0.0724784450716205,W2
QSO_209.3929705-26.7993835,58875.3405625,17.889000000000003,0.009192388155425,W2
QSO_209.3929705-26.7993835,59037.10072239997,17.923,0.0,W2
QSO_209.3929705-26.7993835,59240.42531599999,18.2265,0.0839214662645972,W2
QSO_209.3929705-26.7993835,59402.352894,18.246,0.0,W2
QSO_209.3929705-26.7993835,59607.6333835,18.311,0.108280499937277,W2
QSO_209.3929705-26.7993835,59765.82296000008,17.985500000000002,0.0300943827815091,W2
QSO_209.3929705-26.7993835,59971.23711249996,18.0585,0.1369869405271906,W2
QSO_209.3929705-26.7993835,60335.28302380004,18.664,0.0,W2
QSO_209.232538-26.8170911,55222.791301500016,17.938000000000002,0.0607377370531036,W1
QSO_209.232538-26.8170911,55402.30939750003,17.861,0.0489719272345338,W1
QSO_209.232538-26.8170911,55589.38452650002,17.997,0.1195420273221781,W1
QSO_209.232538-26.8170911,56687.08111950003,17.718,0.0638070615831172,W1
QSO_209.232538-26.8170911,56864.377314500016,17.819,0.0468657284319545,W1
QSO_209.232538-26.8170911,57049.56550468471,17.662499999999998,0.033555923471125,W1
QSO_209.232538-26.8170911,57223.23158005039,17.759999999999998,0.0402740611312047,W1
QSO_209.232538-26.8170911,57412.54853655257,17.8615,0.0392444263558548,W1
QSO_209.232538-26.8170911,57585.276354877016,18.087,0.0901927976101241,W1
QSO_209.232538-26.8170911,57780.87987749996,17.817999999999998,0.045031110645041,W1
QSO_209.232538-26.8170911,57945.73566800002,17.856499999999997,0.0492810815628062,W1
QSO_209.232538-26.8170911,58144.71370250004,17.7655,0.0535713439152771,W1
QSO_209.232538-26.8170911,58306.30865600001,17.837,0.0558250123152693,W1
QSO_209.232538-26.8170911,58508.66516700008,17.7275,0.0385232613711075,W1
QSO_209.232538-26.8170911,58670.10236749997,17.887999999999998,0.0592644244045279,W1
QSO_209.232538-26.8170911,58875.47160879998,17.926000000000002,0.0480368799791829,W1
QSO_209.232538-26.8170911,59037.231787,17.784,0.0770145960191958,W1
QSO_209.232538-26.8170911,59240.2292745,17.91,0.0576541412215983,W1
QSO_209.232538-26.8170911,59401.569165999965,17.857,0.0237876407374046,W1
QSO_209.232538-26.8170911,59607.07849225004,17.8355,0.0779774718178981,W1
QSO_209.232538-26.8170911,59765.595054000034,17.697,0.0250742896210435,W1
QSO_209.232538-26.8170911,59970.97695875003,17.8165,0.0414078629140787,W1
QSO_209.232538-26.8170911,60132.48117325005,17.881999999999998,0.0735173236387176,W1
QSO_209.232538-26.8170911,60335.25074259998,17.832,0.0759986636395669,W1
QSO_209.232538-26.8170911,60496.88768860004,17.7735,0.0350017856687341,W1
QSO_209.232538-26.8170911,55222.791301500016,18.501,0.0646654787553698,W2
QSO_209.232538-26.8170911,55402.30939750003,18.453,0.0688774183998798,W2
QSO_209.232538-26.8170911,55589.38452650002,18.684,0.075020491027946,W2
QSO_209.232538-26.8170911,56687.08111950003,18.287,0.1058462221362897,W2
QSO_209.232538-26.8170911,56864.377314500016,18.338,0.1371767390119313,W2
QSO_209.232538-26.8170911,57049.56550468471,18.451,0.1326194255644215,W2
QSO_209.232538-26.8170911,57223.23158005039,18.384,0.109700319051496,W2
QSO_209.232538-26.8170911,57412.54853655257,18.215,0.2446589462905455,W2
QSO_209.232538-26.8170911,57585.276354877016,17.89,0.2133765581209784,W2
QSO_209.232538-26.8170911,57780.87987749996,18.254,0.0947278753607953,W2
QSO_209.232538-26.8170911,57945.73566800002,18.006,0.2471096669497172,W2
QSO_209.232538-26.8170911,58144.71370250004,18.298,0.0803632090596837,W2
QSO_209.232538-26.8170911,58306.30865600001,18.159,0.1256590307140719,W2
QSO_209.232538-26.8170911,58508.66516700008,18.1785,0.081790042860431,W2
QSO_209.232538-26.8170911,58670.10236749997,18.348,0.1538119371180273,W2
QSO_209.232538-26.8170911,58875.47160879998,18.305,0.1318616933489006,W2
QSO_209.232538-26.8170911,59037.231787,18.119,0.1385575981316071,W2
QSO_209.232538-26.8170911,59240.2292745,18.1355,0.0530074987324904,W2
QSO_209.232538-26.8170911,59401.569165999965,18.253,0.1108295320985577,W2
QSO_209.232538-26.8170911,59607.07849225004,18.2645,0.0733517969180791,W2
QSO_209.232538-26.8170911,59765.595054000034,18.008,0.1073232127733791,W2
QSO_209.232538-26.8170911,59970.97695875003,18.2755,0.092629913774795,W2
QSO_209.232538-26.8170911,60132.48117325005,18.029,0.1221072786528305,W2
QSO_209.232538-26.8170911,60335.25074259998,18.275,0.1293012470937537,W2
QSO_209.232538-26.8170911,60496.88768860004,17.967,0.0643467170879753,W2
QSO_209.2261251-26.6838016,55222.725126999976,17.741,0.0587595287229524,W1
QSO_209.2261251-26.6838016,55402.27636500005,17.658,0.0238021217541628,W1
QSO_209.2261251-26.6838016,55589.25243299997,17.729,0.0551118136155945,W1
QSO_209.2261251-26.6838016,56687.11400599997,17.647,0.0214417816423914,W1
QSO_209.2261251-26.6838016,56864.377314500016,17.688000000000002,0.0557091210919674,W1
QSO_209.2261251-26.6838016,57049.49980468055,17.798000000000002,0.0315120294490846,W1
QSO_209.2261251-26.6838016,57223.06774979,17.726,0.0657717407022197,W1
QSO_209.2261251-26.6838016,57412.54853655257,17.719,0.0671751442127212,W1
QSO_209.2261251-26.6838016,57585.177919170754,17.7135,0.0278174855082197,W1
QSO_209.2261251-26.6838016,57780.7816925,17.736,0.0737275735531882,W1
QSO_209.2261251-26.6838016,57945.70296399997,17.834,0.0962338971618786,W1
QSO_209.2261251-26.6838016,58144.58288650001,17.869,0.052899100321412,W1
QSO_209.2261251-26.6838016,58306.11224949998,17.781499999999998,0.0555176632928654,W1
QSO_209.2261251-26.6838016,58508.59983200004,17.716,0.0717742655100309,W1
QSO_209.2261251-26.6838016,58670.03736100002,17.826500000000003,0.0615274329059806,W1
QSO_209.2261251-26.6838016,58875.438870099926,17.749000000000002,0.0337337752496303,W1
QSO_209.2261251-26.6838016,59037.16625469999,17.7095,0.0655680705450449,W1
QSO_209.2261251-26.6838016,59240.32725875001,17.8285,0.0692937023653664,W1
QSO_209.2261251-26.6838016,59401.569165999965,17.813000000000002,0.0,W1
QSO_209.2261251-26.6838016,59607.17627575001,17.718,0.082788416309288,W1
QSO_209.2261251-26.6838016,59765.82296000008,17.808999999999997,0.0556911123968628,W1
QSO_209.2261251-26.6838016,59970.944455500015,17.725,0.0794952003611944,W1
QSO_209.2261251-26.6838016,60132.22204149993,17.735,0.0444936793263946,W1
QSO_209.2261251-26.6838016,60335.15382579999,17.817999999999998,0.0678968785078601,W1
QSO_209.2261251-26.6838016,60497.30361100002,17.732,0.0,W1
QSO_209.2261251-26.6838016,55222.725126999976,18.241,0.1276062868023626,W2
QSO_209.2261251-26.6838016,55402.27636500005,18.278,0.0756972192355834,W2
QSO_209.2261251-26.6838016,55589.25243299997,18.298,0.1049925711657733,W2
QSO_209.2261251-26.6838016,56687.11400599997,17.999499999999998,0.0965940987942588,W2
QSO_209.2261251-26.6838016,56864.377314500016,18.271,0.0637301409397275,W2
QSO_209.2261251-26.6838016,57049.49980468055,18.287,0.0595290853280986,W2
QSO_209.2261251-26.6838016,57223.06774979,18.042,0.0750277726356491,W2
QSO_209.2261251-26.6838016,57412.54853655257,18.2025,0.4316886899143872,W2
QSO_209.2261251-26.6838016,57585.177919170754,18.098,0.0526610624655449,W2
QSO_209.2261251-26.6838016,57780.7816925,18.126,0.1136203334572078,W2
QSO_209.2261251-26.6838016,57945.70296399997,18.353,0.0493903574334845,W2
QSO_209.2261251-26.6838016,58144.58288650001,18.0135,0.0448388575696145,W2
QSO_209.2261251-26.6838016,58306.11224949998,18.204500000000003,0.1148610488672075,W2
QSO_209.2261251-26.6838016,58508.59983200004,18.08,0.0954018048737959,W2
QSO_209.2261251-26.6838016,58670.03736100002,18.1145,0.0546744627316997,W2
QSO_209.2261251-26.6838016,58875.438870099926,18.141,0.0542871736437088,W2
QSO_209.2261251-26.6838016,59037.16625469999,18.04,0.2221794038609336,W2
QSO_209.2261251-26.6838016,59240.32725875001,18.022,0.0832318744344677,W2
QSO_209.2261251-26.6838016,59401.569165999965,18.226,0.0,W2
QSO_209.2261251-26.6838016,59607.17627575001,18.594,0.0900433923172596,W2
QSO_209.2261251-26.6838016,59765.82296000008,17.887999999999998,0.1486856478447069,W2
QSO_209.2261251-26.6838016,59970.944455500015,18.408,0.0446156896927958,W2
QSO_209.2261251-26.6838016,60132.22204149993,17.9975,0.1433285125158287,W2
QSO_209.2261251-26.6838016,60335.15382579999,18.045,0.0284280280318169,W2
QSO_209.2261251-26.6838016,60497.30361100002,18.149,0.0,W2
QSO_209.3115313-26.549728,55222.75821425004,17.7695,0.0301929989815522,W1
QSO_209.3115313-26.549728,55402.30939750003,17.808,0.0568802076709583,W1
QSO_209.3115313-26.549728,55589.318425000034,17.7845,0.0137721412641608,W1
QSO_209.3115313-26.549728,56687.1468925,17.689,0.0256012253715477,W1
QSO_209.3115313-26.549728,56864.377314500016,17.771,0.0327900583816103,W1
QSO_209.3115313-26.549728,57049.49980468055,17.762,0.0731833860927465,W1
QSO_209.3115313-26.549728,57223.06774979,17.778,0.0340670295153542,W1
QSO_209.3115313-26.549728,57412.74548116507,17.686,0.043698461706971,W1
QSO_209.3115313-26.549728,57585.30922167908,17.958,0.0796115569499805,W1
QSO_209.3115313-26.549728,57780.58534074997,17.935000000000002,0.0768474017006958,W1
QSO_209.3115313-26.549728,57945.70296399997,17.729,0.0628065813961143,W1
QSO_209.3115313-26.549728,58144.811741499965,17.815,0.0304779633505916,W1
QSO_209.3115313-26.549728,58306.177839999975,17.639,0.0806065924135538,W1
QSO_209.3115313-26.549728,58508.73050200004,17.734,0.054008475741267,W1
QSO_209.3115313-26.549728,58669.93955924999,17.875,0.0407617853896039,W1
QSO_209.3115313-26.549728,58875.40607650004,17.7425,0.0454579577843739,W1
QSO_209.3115313-26.549728,59037.16625469999,17.7835,0.0500329578877765,W1
QSO_209.3115313-26.549728,59240.35990799998,17.7315,0.0266496473467044,W1
QSO_209.3115313-26.549728,59401.66715024997,17.9255,0.0618718433538219,W1
QSO_209.3115313-26.549728,59607.17627575001,17.7525,0.0373915097314882,W1
QSO_209.3115313-26.549728,59765.595054000034,17.747999999999998,0.0300607385138823,W1
QSO_209.3115313-26.549728,59970.87935774995,17.721,0.0416346543692205,W1
QSO_209.3115313-26.549728,60132.319314,17.799,0.0495825775852766,W1
QSO_209.3115313-26.549728,60335.21846140001,17.826999999999998,0.0397083366561729,W1
QSO_209.3115313-26.549728,60497.23967080006,17.7535,0.0088388347648313,W1
QSO_209.3115313-26.549728,55222.75821425004,18.401,0.1066977971744261,W2
QSO_209.3115313-26.549728,55402.30939750003,18.24,0.1022142240563969,W2
QSO_209.3115313-26.549728,55589.318425000034,18.0525,0.054775678909531,W2
QSO_209.3115313-26.549728,56687.1468925,18.247,0.1085422356026492,W2
QSO_209.3115313-26.549728,56864.377314500016,18.159,0.0877484401668465,W2
QSO_209.3115313-26.549728,57049.49980468055,18.09,0.1671950716977026,W2
QSO_209.3115313-26.549728,57223.06774979,18.246,0.1370608897534235,W2
QSO_209.3115313-26.549728,57412.74548116507,18.642,0.2276041072336566,W2
QSO_209.3115313-26.549728,57585.30922167908,18.025,0.0888801862059253,W2
QSO_209.3115313-26.549728,57780.58534074997,18.349,0.1055652554022777,W2
QSO_209.3115313-26.549728,57945.70296399997,18.116,0.1441442179053862,W2
QSO_209.3115313-26.549728,58144.811741499965,18.2535,0.0613552666851021,W2
QSO_209.3115313-26.549728,58306.177839999975,18.203,0.1079281425996693,W2
QSO_209.3115313-26.549728,58508.73050200004,18.076,0.1153098500390794,W2
QSO_209.3115313-26.549728,58669.93955924999,18.228,0.047423622805517,W2
QSO_209.3115313-26.549728,58875.40607650004,18.162,0.1357217332960674,W2
QSO_209.3115313-26.549728,59037.16625469999,18.164,0.1739509180056253,W2
QSO_209.3115313-26.549728,59240.35990799998,18.1215,0.0933456589083661,W2
QSO_209.3115313-26.549728,59401.66715024997,17.851,0.0106066017177986,W2
QSO_209.3115313-26.549728,59607.17627575001,18.174,0.1035522211253817,W2
QSO_209.3115313-26.549728,59765.595054000034,18.428,0.1184526909782972,W2
QSO_209.3115313-26.549728,59970.87935774995,18.2225,0.1092774247297011,W2
QSO_209.3115313-26.549728,60132.319314,17.919,0.200695311355298,W2
QSO_209.3115313-26.549728,60335.21846140001,18.175,0.0941935878921703,W2
QSO_209.3115313-26.549728,60497.23967080006,18.0,0.2022325394193535,W2
QSO_209.2349724-26.6877321,55222.725126999976,17.892,0.0456475916550556,W1
QSO_209.2349724-26.6877321,55402.30939750003,17.979,0.050446123934203,W1
QSO_209.2349724-26.6877321,55589.25243299997,17.839,0.0381044879246526,W1
QSO_209.2349724-26.6877321,56687.11400599997,17.806,0.044274335645778,W1
QSO_209.2349724-26.6877321,56864.377314500016,17.756,0.0472233986781557,W1
QSO_209.2349724-26.6877321,57049.49980468055,17.752000000000002,0.0523844251662647,W1
QSO_209.2349724-26.6877321,57223.06774979,17.7655,0.0479405556392493,W1
QSO_209.2349724-26.6877321,57412.54853655257,17.889499999999998,0.0590434162290772,W1
QSO_209.2349724-26.6877321,57585.177919170754,17.7775,0.0550210187110342,W1
QSO_209.2349724-26.6877321,57780.68352575001,17.813,0.0270079720741035,W1
QSO_209.2349724-26.6877321,57945.70296399997,17.936999999999998,0.04663570401408,W1
QSO_209.2349724-26.6877321,58144.58288650001,17.887,0.0472666294467805,W1
QSO_209.2349724-26.6877321,58306.11224949998,17.7705,0.0717406216649605,W1
QSO_209.2349724-26.6877321,58508.59983200004,17.665,0.0543091786023916,W1
QSO_209.2349724-26.6877321,58670.03736100002,17.856,0.0738879007348295,W1
QSO_209.2349724-26.6877321,58875.47160879998,17.814,0.0723585516715201,W1
QSO_209.2349724-26.6877321,59037.16625469999,17.8035,0.0491977832325811,W1
QSO_209.2349724-26.6877321,59240.32725875001,17.7595,0.0719354636983735,W1
QSO_209.2349724-26.6877321,59401.569165999965,17.902,0.0,W1
QSO_209.2349724-26.6877321,59607.11099549997,17.851,0.0195523987350983,W1
QSO_209.2349724-26.6877321,59765.82296000008,17.9125,0.0451234418013523,W1
QSO_209.2349724-26.6877321,59970.944455500015,17.825,0.0535018050974732,W1
QSO_209.2349724-26.6877321,60132.254416999975,17.853,0.0191040038463911,W1
QSO_209.2349724-26.6877321,60335.15382579999,17.807000000000002,0.0343902575566804,W1
QSO_209.2349724-26.6877321,60497.30361100002,17.66,0.0,W1
QSO_209.2349724-26.6877321,55222.725126999976,18.177,0.0874892079975294,W2
QSO_209.2349724-26.6877321,55402.30939750003,18.195,0.0566350436947392,W2
QSO_209.2349724-26.6877321,55589.25243299997,18.3735,0.1315235245117767,W2
QSO_209.2349724-26.6877321,56687.11400599997,18.425,0.1063820411153828,W2
QSO_209.2349724-26.6877321,56864.377314500016,18.146,0.0710390259637373,W2
QSO_209.2349724-26.6877321,57049.49980468055,18.271,0.0314599427844361,W2
QSO_209.2349724-26.6877321,57223.06774979,18.199,0.0456149342016647,W2
QSO_209.2349724-26.6877321,57412.54853655257,18.286,0.1902117241391813,W2
QSO_209.2349724-26.6877321,57585.177919170754,18.131,0.1530453364202905,W2
QSO_209.2349724-26.6877321,57780.68352575001,18.1255,0.0981486967140505,W2
QSO_209.2349724-26.6877321,57945.70296399997,17.895,0.1481493240694071,W2
QSO_209.2349724-26.6877321,58144.58288650001,18.1445,0.1013422876160749,W2
QSO_209.2349724-26.6877321,58306.11224949998,18.016,0.1155994904292403,W2
QSO_209.2349724-26.6877321,58508.59983200004,17.855,0.0285524426714649,W2
QSO_209.2349724-26.6877321,58670.03736100002,17.801,0.061250892850635,W2
QSO_209.2349724-26.6877321,58875.47160879998,17.986,0.1317037281173167,W2
QSO_209.2349724-26.6877321,59037.16625469999,18.114,0.0798587620427465,W2
QSO_209.2349724-26.6877321,59240.32725875001,18.0285,0.0780509524085069,W2
QSO_209.2349724-26.6877321,59401.569165999965,18.177,0.0,W2
QSO_209.2349724-26.6877321,59607.11099549997,18.384,0.2184070274273009,W2
QSO_209.2349724-26.6877321,59765.82296000008,17.7875,0.1544491724646004,W2
QSO_209.2349724-26.6877321,59970.944455500015,18.124,0.1052923737267548,W2
QSO_209.2349724-26.6877321,60132.254416999975,18.168,0.0781963340999217,W2
QSO_209.2349724-26.6877321,60335.15382579999,18.1865,0.0991350790027874,W2
QSO_209.2349724-26.6877321,60497.30361100002,17.974,0.0,W2
QSO_209.3660682-26.6163063,55222.725126999976,18.228,0.0887918915216925,W1
QSO_209.3660682-26.6163063,55402.30939750003,18.238,0.074550247276576,W1
QSO_209.3660682-26.6163063,55589.318425000034,18.318,0.0750124989585068,W1
QSO_209.3660682-26.6163063,56687.08111950003,18.165,0.0217930785251862,W1
QSO_209.3660682-26.6163063,56864.41020100004,18.1105,0.0267715669484438,W1
QSO_209.3660682-26.6163063,57049.63109518895,18.072,0.1525813619024289,W1
QSO_209.3660682-26.6163063,57223.19889429836,18.134500000000003,0.0707651305637435,W1
QSO_209.3660682-26.6163063,57412.94255387755,18.5055,0.1143390653932411,W1
QSO_209.3660682-26.6163063,57585.440524187405,18.294,0.0141421356237306,W1
QSO_209.3660682-26.6163063,57780.87987749996,18.227,0.0545005946280849,W1
QSO_209.3660682-26.6163063,57945.73566800002,18.25,0.1484050622451943,W1
QSO_209.3660682-26.6163063,58144.68092549993,18.1855,0.0921009912682409,W1
QSO_209.3660682-26.6163063,58306.24324799999,18.076,0.1052453922629994,W1
QSO_209.3660682-26.6163063,58508.73050200004,18.154,0.0381937671406803,W1
QSO_209.3660682-26.6163063,58670.037616499976,18.11,0.0555601295894816,W1
QSO_209.3660682-26.6163063,58875.53719599999,18.102,0.1459623513101923,W1
QSO_209.3660682-26.6163063,59037.231787,18.254,0.0575634915163733,W1
QSO_209.3660682-26.6163063,59240.392612000025,18.228,0.0707406877119468,W1
QSO_209.3660682-26.6163063,59401.569165999965,18.476,0.0,W1
QSO_209.3660682-26.6163063,59607.17627575001,18.1695,0.0662108374814878,W1
QSO_209.3660682-26.6163063,59766.116383500055,18.265500000000003,0.2096571606218113,W1
QSO_209.3660682-26.6163063,59971.17208774996,18.134500000000003,0.0623122736260235,W1
QSO_209.3660682-26.6163063,60132.77297250002,18.475,0.10169999453731,W1
QSO_209.3660682-26.6163063,60335.21846140001,18.046,0.0706354018888543,W1
QSO_209.3660682-26.6163063,55222.725126999976,18.498,0.0925760281479731,W2
QSO_209.3660682-26.6163063,55402.30939750003,18.573,0.1016273485328711,W2
QSO_209.3660682-26.6163063,55589.318425000034,18.3195,0.3086852158753311,W2
QSO_209.3660682-26.6163063,56687.08111950003,18.308,0.0644654074036198,W2
QSO_209.3660682-26.6163063,56864.41020100004,18.1775,0.0757082057763556,W2
QSO_209.3660682-26.6163063,57049.63109518895,18.078,0.0804872163762666,W2
QSO_209.3660682-26.6163063,57223.19889429836,18.419,0.100604561416358,W2
QSO_209.3660682-26.6163063,57412.94255387755,18.3765,0.1098720847167283,W2
QSO_209.3660682-26.6163063,57585.440524187405,17.869,0.0791959594928933,W2
QSO_209.3660682-26.6163063,57780.87987749996,18.2385,0.0760126999622796,W2
QSO_209.3660682-26.6163063,57945.73566800002,18.3905,0.113515968039743,W2
QSO_209.3660682-26.6163063,58144.68092549993,18.632,0.1330118520199528,W2
QSO_209.3660682-26.6163063,58306.24324799999,18.2455,0.0741689762436902,W2
QSO_209.3660682-26.6163063,58508.73050200004,18.177,0.0559875558851623,W2
QSO_209.3660682-26.6163063,58670.037616499976,18.239,0.1382058175331272,W2
QSO_209.3660682-26.6163063,58875.53719599999,18.384,0.1190967337923254,W2
QSO_209.3660682-26.6163063,59037.231787,17.94,0.2792817507398153,W2
QSO_209.3660682-26.6163063,59240.392612000025,18.371,0.1309109148943814,W2
QSO_209.3660682-26.6163063,59401.569165999965,17.692,0.0,W2
QSO_209.3660682-26.6163063,59607.17627575001,18.4925,0.1003708747595634,W2
QSO_209.3660682-26.6163063,59766.116383500055,18.3165,0.3334008473294576,W2
QSO_209.3660682-26.6163063,59971.17208774996,17.967,0.1155223443193437,W2
QSO_209.3660682-26.6163063,60132.77297250002,18.23,0.1936694396435633,W2
QSO_209.3660682-26.6163063,60335.21846140001,17.998,0.0947520553866775,W2
QSO_209.0473245-26.6938503,55222.65909849997,17.576999999999998,0.0224170645121323,W1
QSO_209.0473245-26.6938503,55402.17719449997,17.612000000000002,0.0375286264764997,W1
QSO_209.0473245-26.6938503,55589.25243299997,17.564,0.072628940257744,W1
QSO_209.0473245-26.6938503,56686.98229575002,17.5685,0.0431670990164961,W1
QSO_209.0473245-26.6938503,56864.180068499976,17.458,0.0468185359515009,W1
QSO_209.0473245-26.6938503,57049.53267293265,17.540499999999998,0.0336126836179444,W1
QSO_209.0473245-26.6938503,57222.93662353179,17.5935,0.031918008384911,W1
QSO_209.0473245-26.6938503,57412.54853655257,17.65,0.0692964645562809,W1
QSO_209.0473245-26.6938503,57585.01369496036,17.753,0.0749533188057752,W1
QSO_209.0473245-26.6938503,57780.32352625,17.496000000000002,0.0322444367868897,W1
QSO_209.0473245-26.6938503,57945.60477899993,17.5015,0.0487884463782151,W1
QSO_209.0473245-26.6938503,58144.55018250004,17.555,0.04802882467852,W1
QSO_209.0473245-26.6938503,58305.58931400002,17.578,0.0374054541477576,W1
QSO_209.0473245-26.6938503,58508.37090400002,17.7175,0.0635538558436272,W1
QSO_209.0473245-26.6938503,58669.71068599998,17.527,0.0153260852434296,W1
QSO_209.0473245-26.6938503,58875.3733378,17.538999999999998,0.0399353644447289,W1
QSO_209.0473245-26.6938503,59037.0679288,17.6425,0.0794491779378487,W1
QSO_209.0473245-26.6938503,59240.19664350001,17.615000000000002,0.026735285863519,W1
QSO_209.0473245-26.6938503,59401.50381274995,17.4655,0.0067175144212728,W1
QSO_209.0473245-26.6938503,59607.11106849995,17.744,0.1056678934383747,W1
QSO_209.0473245-26.6938503,59765.46460299996,17.499000000000002,0.0556317255609506,W1
QSO_209.0473245-26.6938503,59970.87941250004,17.517,0.0249903771567639,W1
QSO_209.0473245-26.6938503,60132.18952000003,17.508,0.0572789196438665,W1
QSO_209.0473245-26.6938503,60334.830812500026,17.701500000000003,0.0696500179468746,W1
QSO_209.0473245-26.6938503,60496.47176619997,17.548000000000002,0.038535217178095,W1
QSO_209.0473245-26.6938503,55222.65909849997,18.26,0.0979546810189676,W2
QSO_209.0473245-26.6938503,55402.17719449997,18.278,0.0885411252706758,W2
QSO_209.0473245-26.6938503,55589.25243299997,18.505,0.0458798753590612,W2
QSO_209.0473245-26.6938503,56686.98229575002,18.3425,0.0709591514314749,W2
QSO_209.0473245-26.6938503,56864.180068499976,18.325,0.0905661207197382,W2
QSO_209.0473245-26.6938503,57049.53267293265,18.0205,0.0684738773182882,W2
QSO_209.0473245-26.6938503,57222.93662353179,18.211,0.0577502605413393,W2
QSO_209.0473245-26.6938503,57412.54853655257,17.997,0.0466690475583113,W2
QSO_209.0473245-26.6938503,57585.01369496036,17.894,0.2206173157302023,W2
QSO_209.0473245-26.6938503,57780.32352625,18.3915,0.0669488472503308,W2
QSO_209.0473245-26.6938503,57945.60477899993,18.3695,0.1201566685623396,W2
QSO_209.0473245-26.6938503,58144.55018250004,18.187,0.0543043276360178,W2
QSO_209.0473245-26.6938503,58305.58931400002,18.374,0.0474021096576933,W2
QSO_209.0473245-26.6938503,58508.37090400002,17.810499999999998,0.1250543585509624,W2
QSO_209.0473245-26.6938503,58669.71068599998,18.414,0.0951272052842153,W2
QSO_209.0473245-26.6938503,58875.3733378,18.268,0.1235248513008166,W2
QSO_209.0473245-26.6938503,59037.0679288,18.115,0.0474644603888004,W2
QSO_209.0473245-26.6938503,59240.19664350001,18.242,0.0928298232966885,W2
QSO_209.0473245-26.6938503,59401.50381274995,18.1395,0.0187383297014438,W2
QSO_209.0473245-26.6938503,59607.11106849995,18.085,0.1030384681850713,W2
QSO_209.0473245-26.6938503,59765.46460299996,18.385,0.056698683765505,W2
QSO_209.0473245-26.6938503,59970.87941250004,17.922,0.0586367977679387,W2
QSO_209.0473245-26.6938503,60132.18952000003,18.287,0.0647512396180176,W2
QSO_209.0473245-26.6938503,60334.830812500026,18.075000000000003,0.0565685424949238,W2
QSO_209.0473245-26.6938503,60496.47176619997,17.849999999999998,0.0553901983574175,W2
QSO_209.0451091-26.5707195,55222.62593825001,17.939999999999998,0.0309717613318972,W1
QSO_209.0451091-26.5707195,55402.21026349998,18.022,0.0599117350775289,W1
QSO_209.0451091-26.5707195,55589.25232349997,17.935000000000002,0.1123516305573215,W1
QSO_209.0451091-26.5707195,56686.91650449999,17.93,0.0234425827821934,W1
QSO_209.0451091-26.5707195,56864.18017799998,17.925,0.0337334423134595,W1
QSO_209.0451091-26.5707195,57049.30286891809,17.9205,0.0658831738199716,W1
QSO_209.0451091-26.5707195,57222.9694370338,17.914,0.0558967619813529,W1
QSO_209.0451091-26.5707195,57412.67989396089,18.249,0.0,W1
QSO_209.0451091-26.5707195,57585.07948346449,17.857,0.018893463498336,W1
QSO_209.0451091-26.5707195,57780.29076750004,17.933,0.0312359968625943,W1
QSO_209.0451091-26.5707195,57945.60477899993,18.0575,0.083283683125808,W1
QSO_209.0451091-26.5707195,58144.55010950007,17.954,0.0515568725885415,W1
QSO_209.0451091-26.5707195,58305.8179865,17.9135,0.0731981392700154,W1
QSO_209.0451091-26.5707195,58508.50164699999,18.095,0.0509604512597031,W1
QSO_209.0451091-26.5707195,58669.71068599998,17.956,0.0493845319913023,W1
QSO_209.0451091-26.5707195,58875.34054420002,18.056,0.0500068795267216,W1
QSO_209.0451091-26.5707195,59037.03520840001,18.116,0.1230723872361302,W1
QSO_209.0451091-26.5707195,59240.19664350001,17.933,0.0640439444612637,W1
QSO_209.0451091-26.5707195,59401.43845950002,18.136,0.1297792998388676,W1
QSO_209.0451091-26.5707195,59607.07836449998,17.9185,0.0715969622260615,W1
QSO_209.0451091-26.5707195,59765.30148450003,17.861,0.1004091629284893,W1
QSO_209.0451091-26.5707195,59970.74925350003,17.994999999999997,0.0413801264957543,W1
QSO_209.0451091-26.5707195,60132.18966599998,17.814999999999998,0.0904236252314625,W1
QSO_209.0451091-26.5707195,60334.766231800015,17.904,0.1012737280838424,W1
QSO_209.0451091-26.5707195,60496.311641200016,18.125,0.0954594154601837,W1
QSO_209.0451091-26.5707195,55222.62593825001,18.195500000000003,0.0474539250220674,W2
QSO_209.0451091-26.5707195,55402.21026349998,18.433,0.0540463597294026,W2
QSO_209.0451091-26.5707195,55589.25232349997,18.485,0.1493581328614282,W2
QSO_209.0451091-26.5707195,56686.91650449999,18.504,0.0443187804082536,W2
QSO_209.0451091-26.5707195,56864.18017799998,18.195,0.0885945744854498,W2
QSO_209.0451091-26.5707195,57049.30286891809,18.3385,0.0659050945032439,W2
QSO_209.0451091-26.5707195,57222.9694370338,18.649,0.1558669689190115,W2
QSO_209.0451091-26.5707195,57412.67989396089,17.874,0.0,W2
QSO_209.0451091-26.5707195,57585.07948346449,18.332,0.1355206694635611,W2
QSO_209.0451091-26.5707195,57780.29076750004,18.207,0.1022478224095751,W2
QSO_209.0451091-26.5707195,57945.60477899993,18.07,0.0882322042963901,W2
QSO_209.0451091-26.5707195,58144.55010950007,18.398,0.1304990421420785,W2
QSO_209.0451091-26.5707195,58305.8179865,18.0245,0.2475006921052803,W2
QSO_209.0451091-26.5707195,58508.50164699999,18.1005,0.0704551341346101,W2
QSO_209.0451091-26.5707195,58669.71068599998,17.974,0.1202086852103457,W2
QSO_209.0451091-26.5707195,58875.34054420002,17.776,0.2304937309342712,W2
QSO_209.0451091-26.5707195,59037.03520840001,18.121,0.1160482119638209,W2
QSO_209.0451091-26.5707195,59240.19664350001,18.396,0.0834194851076584,W2
QSO_209.0451091-26.5707195,59401.43845950002,18.466,0.1751458651355327,W2
QSO_209.0451091-26.5707195,59607.07836449998,18.115,0.2129684175529323,W2
QSO_209.0451091-26.5707195,59765.30148450003,17.999499999999998,0.0470226009489051,W2
QSO_209.0451091-26.5707195,59970.74925350003,18.186,0.1135772428238313,W2
QSO_209.0451091-26.5707195,60132.18966599998,18.167,0.1261612935888021,W2
QSO_209.0451091-26.5707195,60334.766231800015,18.465,0.1559682018874362,W2
QSO_209.0451091-26.5707195,60496.311641200016,17.889499999999998,0.4366384373826941,W2
QSO_209.1335299-26.5641956,55222.658952500016,17.737000000000002,0.036106419448309,W1
QSO_209.1335299-26.5641956,55402.24333249999,17.759999999999998,0.0332313253971961,W1
QSO_209.1335299-26.5641956,55589.05412849993,17.889,0.0846776977721996,W1
QSO_209.1335299-26.5641956,56687.01520050002,17.755,0.0216002464041223,W1
QSO_209.1335299-26.5641956,56864.18017799998,17.805999999999997,0.0382826109224512,W1
QSO_209.1335299-26.5641956,57049.434141176425,17.7735,0.043059014198001,W1
QSO_209.1335299-26.5641956,57222.9694370338,17.674,0.0425277321285771,W1
QSO_209.1335299-26.5641956,57412.71268756298,17.7175,0.0053033008588993,W1
QSO_209.1335299-26.5641956,57585.34208848114,17.613999999999997,0.0612692418755121,W1
QSO_209.1335299-26.5641956,57780.32352625,17.838,0.0330451430845973,W1
QSO_209.1335299-26.5641956,57945.70296399997,17.701999999999998,0.1200391911310937,W1
QSO_209.1335299-26.5641956,58144.582813500034,17.819499999999998,0.0607080616557636,W1
QSO_209.1335299-26.5641956,58306.04665899999,17.654,0.0414220262247004,W1
QSO_209.1335299-26.5641956,58508.53442400002,17.857,0.0355332554784665,W1
QSO_209.1335299-26.5641956,58669.97220849996,17.7,0.0609669005523737,W1
QSO_209.1335299-26.5641956,58875.40613139996,17.868000000000002,0.0680803055222284,W1
QSO_209.1335299-26.5641956,59037.03528159999,17.86,0.0346460964612178,W1
QSO_209.1335299-26.5641956,59240.19657049995,17.717,0.0720692825098284,W1
QSO_209.1335299-26.5641956,59401.50381274995,17.709,0.0855599205235713,W1
QSO_209.1335299-26.5641956,59607.07836449998,17.790999999999997,0.0450934792957924,W1
QSO_209.1335299-26.5641956,59765.39908550002,17.77,0.0127395563618324,W1
QSO_209.1335299-26.5641956,59970.81425999997,17.717,0.0361137658190427,W1
QSO_209.1335299-26.5641956,60132.18966599998,17.727,0.0643264175902871,W1
QSO_209.1335299-26.5641956,60335.12147139996,17.884999999999998,0.1024886426634677,W1
QSO_209.1335299-26.5641956,60496.53581620001,17.779,0.0,W1
QSO_209.1335299-26.5641956,55222.658952500016,18.505,0.0693773799626369,W2
QSO_209.1335299-26.5641956,55402.24333249999,18.199,0.0856901458593325,W2
QSO_209.1335299-26.5641956,55589.05412849993,18.391,0.1095857968671124,W2
QSO_209.1335299-26.5641956,56687.01520050002,18.453,0.0694358216868881,W2
QSO_209.1335299-26.5641956,56864.18017799998,18.195500000000003,0.0792927833167123,W2
QSO_209.1335299-26.5641956,57049.434141176425,18.5235,0.0573698607800814,W2
QSO_209.1335299-26.5641956,57222.9694370338,18.229,0.1275174027339017,W2
QSO_209.1335299-26.5641956,57412.71268756298,18.3695,0.2329916844009682,W2
QSO_209.1335299-26.5641956,57585.34208848114,18.033,0.0550756570546373,W2
QSO_209.1335299-26.5641956,57780.32352625,18.301,0.1730305046965871,W2
QSO_209.1335299-26.5641956,57945.70296399997,18.115,0.0867055468343975,W2
QSO_209.1335299-26.5641956,58144.582813500034,18.1955,0.0598474460346888,W2
QSO_209.1335299-26.5641956,58306.04665899999,18.193,0.0913650289395213,W2
QSO_209.1335299-26.5641956,58508.53442400002,17.915,0.095414425201031,W2
QSO_209.1335299-26.5641956,58669.97220849996,18.449,0.1598626725476403,W2
QSO_209.1335299-26.5641956,58875.40613139996,18.533,0.1003197288672574,W2
QSO_209.1335299-26.5641956,59037.03528159999,18.602,0.1468187998861184,W2
QSO_209.1335299-26.5641956,59240.19657049995,18.23,0.1366846871588172,W2
QSO_209.1335299-26.5641956,59401.50381274995,17.874499999999998,0.1467246570962095,W2
QSO_209.1335299-26.5641956,59607.07836449998,17.967,0.1818695875483315,W2
QSO_209.1335299-26.5641956,59765.39908550002,18.031,0.1637547850587264,W2
QSO_209.1335299-26.5641956,59970.81425999997,18.333,0.1040667816535695,W2
QSO_209.1335299-26.5641956,60132.18966599998,17.989,0.124605104229321,W2
QSO_209.1335299-26.5641956,60335.12147139996,18.162,0.1687231460114467,W2
QSO_209.1335299-26.5641956,60496.53581620001,18.048,0.0,W2
QSO_209.2854786-26.6512397,55222.725126999976,17.869,0.0534984583704144,W1
QSO_209.2854786-26.6512397,55402.37542600004,17.92,0.0439487099462018,W1
QSO_209.2854786-26.6512397,55589.31847974996,18.162,0.0817139637699701,W1
QSO_209.2854786-26.6512397,56687.08111950003,17.779,0.0667293388602274,W1
QSO_209.2854786-26.6512397,56864.377314500016,17.823,0.0725754859865282,W1
QSO_209.2854786-26.6512397,57049.56544993479,18.0485,0.0822367854970564,W1
QSO_209.2854786-26.6512397,57223.16606254629,18.02,0.0906727939106076,W1
QSO_209.2854786-26.6512397,57412.90976027546,17.855999999999998,0.1110157646462879,W1
QSO_209.2854786-26.6512397,57585.44045098743,17.796,0.0152658728869334,W1
QSO_209.2854786-26.6512397,57780.7816925,18.066000000000003,0.0449954664382984,W1
QSO_209.2854786-26.6512397,57945.70296399997,17.951999999999998,0.0192430843758559,W1
QSO_209.2854786-26.6512397,58144.615590499976,17.872999999999998,0.0474491595344401,W1
QSO_209.2854786-26.6512397,58306.24324799999,18.008,0.0378648302567219,W1
QSO_209.2854786-26.6512397,58508.66516700008,17.954,0.0523949656157442,W1
QSO_209.2854786-26.6512397,58670.00471175006,18.051,0.1313597160471959,W1
QSO_209.2854786-26.6512397,58875.47160879998,17.959,0.0392145923931354,W1
QSO_209.2854786-26.6512397,59037.16625469999,18.121,0.0662608481684323,W1
QSO_209.2854786-26.6512397,59240.32731350001,17.966,0.0767603517676837,W1
QSO_209.2854786-26.6512397,59401.569165999965,17.935000000000002,0.0,W1
QSO_209.2854786-26.6512397,59607.17627575001,17.811999999999998,0.0732166092836863,W1
QSO_209.2854786-26.6512397,59766.05097550004,18.179,0.1646329250180533,W1
QSO_209.2854786-26.6512397,59970.97695875003,18.0275,0.0793909687932191,W1
QSO_209.2854786-26.6512397,60132.18966599998,17.904,0.0334741470170416,W1
QSO_209.2854786-26.6512397,60335.21846140001,17.874000000000002,0.0920585031379501,W1
QSO_209.2854786-26.6512397,60497.30361100002,18.099,0.0,W1
QSO_209.2854786-26.6512397,55222.725126999976,18.081,0.0621101062221324,W2
QSO_209.2854786-26.6512397,55402.37542600004,18.356,0.059405292106663,W2
QSO_209.2854786-26.6512397,55589.31847974996,18.296,0.1231173220956333,W2
QSO_209.2854786-26.6512397,56687.08111950003,18.127,0.0930612513426387,W2
QSO_209.2854786-26.6512397,56864.377314500016,18.338,0.1004302696753092,W2
QSO_209.2854786-26.6512397,57049.56544993479,17.9595,0.1253633976943889,W2
QSO_209.2854786-26.6512397,57223.16606254629,18.347,0.2606403794645171,W2
QSO_209.2854786-26.6512397,57412.90976027546,17.897,0.0523259018078044,W2
QSO_209.2854786-26.6512397,57585.44045098743,18.24,0.0689604732799887,W2
QSO_209.2854786-26.6512397,57780.7816925,18.21,0.1496426142514228,W2
QSO_209.2854786-26.6512397,57945.70296399997,18.022,0.1143253965499188,W2
QSO_209.2854786-26.6512397,58144.615590499976,18.116,0.041913627695404,W2
QSO_209.2854786-26.6512397,58306.24324799999,18.336,0.2061853826948872,W2
QSO_209.2854786-26.6512397,58508.66516700008,17.7275,0.0882906134414923,W2
QSO_209.2854786-26.6512397,58670.00471175006,18.324,0.0491362900512442,W2
QSO_209.2854786-26.6512397,58875.47160879998,18.294,0.070215619602419,W2
QSO_209.2854786-26.6512397,59037.16625469999,17.989,0.1031863453902698,W2
QSO_209.2854786-26.6512397,59240.32731350001,18.008,0.0862605720904755,W2
QSO_209.2854786-26.6512397,59401.569165999965,18.599,0.0,W2
QSO_209.2854786-26.6512397,59607.17627575001,18.084,0.1002880227145795,W2
QSO_209.2854786-26.6512397,59766.05097550004,18.347,0.1150935207495128,W2
QSO_209.2854786-26.6512397,59970.97695875003,18.201500000000003,0.0830557878108977,W2
QSO_209.2854786-26.6512397,60132.18966599998,18.091,0.0700618774132315,W2
QSO_209.2854786-26.6512397,60335.21846140001,18.1,0.1046160217175168,W2
QSO_209.2854786-26.6512397,60497.30361100002,17.477,0.0,W2
QSO_209.0566274-26.6829459,55222.65909849997,17.65,0.0366700678694626,W1
QSO_209.0566274-26.6829459,55402.17719449997,17.558,0.0366628879459558,W1
QSO_209.0566274-26.6829459,55589.25243299997,17.490000000000002,0.0374591135130719,W1
QSO_209.0566274-26.6829459,56686.98229575002,17.5875,0.0352215088759697,W1
QSO_209.0566274-26.6829459,56864.180068499976,17.569,0.0395989497027166,W1
QSO_209.0566274-26.6829459,57049.36858717231,17.606,0.0480820964601169,W1
QSO_209.0566274-26.6829459,57222.93662353179,17.545,0.0535009951447775,W1
QSO_209.0566274-26.6829459,57412.54853655257,17.526,0.01838477631085,W1
QSO_209.0566274-26.6829459,57585.01369496036,17.612,0.0014142135623723,W1
QSO_209.0566274-26.6829459,57780.32352625,17.6235,0.0452570845692,W1
QSO_209.0566274-26.6829459,57945.60477899993,17.64,0.0241039415863875,W1
QSO_209.0566274-26.6829459,58144.55018250004,17.596,0.0264099981067775,W1
QSO_209.0566274-26.6829459,58305.58931400002,17.685000000000002,0.0675754985183237,W1
QSO_209.0566274-26.6829459,58508.37090400002,17.503999999999998,0.0513522692347235,W1
QSO_209.0566274-26.6829459,58669.84144724993,17.9605,0.087116570610878,W1
QSO_209.0566274-26.6829459,58875.3733378,17.616,0.0411136635844257,W1
QSO_209.0566274-26.6829459,59037.03513520004,17.651,0.0505752098547482,W1
QSO_209.0566274-26.6829459,59240.19664350001,17.697,0.055500479340246,W1
QSO_209.0566274-26.6829459,59401.50381274995,17.5885,0.0781352993211122,W1
QSO_209.0566274-26.6829459,59607.11106849995,17.7075,0.0645219242095564,W1
QSO_209.0566274-26.6829459,59765.46460299996,17.677999999999997,0.0893436975745698,W1
QSO_209.0566274-26.6829459,59970.87941250004,17.576,0.0252535827207393,W1
QSO_209.0566274-26.6829459,60132.18952000003,17.647,0.0117331853511296,W1
QSO_209.0566274-26.6829459,60335.08919019998,17.731,0.0398367037160825,W1
QSO_209.0566274-26.6829459,60496.53581620001,17.711,0.0,W1
QSO_209.0566274-26.6829459,55222.65909849997,18.288,0.1229198226440054,W2
QSO_209.0566274-26.6829459,55402.17719449997,18.222,0.0619698143253402,W2
QSO_209.0566274-26.6829459,55589.25243299997,18.304,0.0798837117778551,W2
QSO_209.0566274-26.6829459,56686.98229575002,18.201,0.057488976524852,W2
QSO_209.0566274-26.6829459,56864.180068499976,18.129,0.0540307284414361,W2
QSO_209.0566274-26.6829459,57049.36858717231,17.985,0.1146341659366874,W2
QSO_209.0566274-26.6829459,57222.93662353179,18.1615,0.1076807696301811,W2
QSO_209.0566274-26.6829459,57412.54853655257,18.429,0.1421284630184951,W2
QSO_209.0566274-26.6829459,57585.01369496036,17.523,0.0042426406871194,W2
QSO_209.0566274-26.6829459,57780.32352625,18.2955,0.1187959852482868,W2
QSO_209.0566274-26.6829459,57945.60477899993,18.133,0.0732034835236687,W2
QSO_209.0566274-26.6829459,58144.55018250004,18.142,0.1526411739996782,W2
QSO_209.0566274-26.6829459,58305.58931400002,18.189,0.0707076233513756,W2
QSO_209.0566274-26.6829459,58508.37090400002,17.9405,0.0785113815764126,W2
QSO_209.0566274-26.6829459,58669.84144724993,18.461,0.0377630358287039,W2
QSO_209.0566274-26.6829459,58875.3733378,18.4645,0.0963302815741143,W2
QSO_209.0566274-26.6829459,59037.03513520004,18.089,0.1187041139416266,W2
QSO_209.0566274-26.6829459,59240.19664350001,18.394,0.0689194823234459,W2
QSO_209.0566274-26.6829459,59401.50381274995,17.965,0.0919238815542504,W2
QSO_209.0566274-26.6829459,59607.11106849995,18.4865,0.0739870171293836,W2
QSO_209.0566274-26.6829459,59765.46460299996,18.148,0.0413548331180556,W2
QSO_209.0566274-26.6829459,59970.87941250004,18.163,0.0712971443946658,W2
QSO_209.0566274-26.6829459,60132.18952000003,18.208,0.0805521760179357,W2
QSO_209.0566274-26.6829459,60335.08919019998,18.198,0.0925238707937939,W2
QSO_209.0566274-26.6829459,60496.53581620001,18.278,0.0,W2
QSO_209.3291474-26.6131481,55222.725126999976,17.683,0.0341536108750228,W1
QSO_209.3291474-26.6131481,55402.34248475001,17.759,0.0362942272855622,W1
QSO_209.3291474-26.6131481,55589.318425000034,17.786,0.0406571027005123,W1
QSO_209.3291474-26.6131481,56687.08104649997,17.674,0.0359010956918453,W1
QSO_209.3291474-26.6131481,56864.377314500016,17.712,0.0344077759195765,W1
QSO_209.3291474-26.6131481,57049.56544993479,17.637500000000003,0.0698015706073956,W1
QSO_209.3291474-26.6131481,57223.16606254629,17.604,0.0724499275361955,W1
QSO_209.3291474-26.6131481,57412.74548116507,17.689,0.0417408228991273,W1
QSO_209.3291474-26.6131481,57585.30922167908,17.737,0.0623491930581295,W1
QSO_209.3291474-26.6131481,57780.87987749996,17.769,0.0592581061809114,W1
QSO_209.3291474-26.6131481,57945.73566800002,17.6435,0.0446493281024471,W1
QSO_209.3291474-26.6131481,58144.615590499976,17.673000000000002,0.0300678701866012,W1
QSO_209.3291474-26.6131481,58306.24324799999,17.784,0.0426206892031106,W1
QSO_209.3291474-26.6131481,58508.66516700008,17.732,0.0606129498333486,W1
QSO_209.3291474-26.6131481,58670.07006499999,17.6835,0.0468583859446025,W1
QSO_209.3291474-26.6131481,58875.47160879998,17.646,0.0428708821514456,W1
QSO_209.3291474-26.6131481,59037.16625469999,17.72,0.0865450569067929,W1
QSO_209.3291474-26.6131481,59240.35990799998,17.698500000000003,0.0506187639048923,W1
QSO_209.3291474-26.6131481,59401.66715024997,17.6775,0.0449012806053466,W1
QSO_209.3291474-26.6131481,59607.17627575001,17.636499999999998,0.0560416976455931,W1
QSO_209.3291474-26.6131481,59765.595054000034,17.796,0.1150343948564949,W1
QSO_209.3291474-26.6131481,59971.009461999965,17.783,0.0773160565131987,W1
QSO_209.3291474-26.6131481,60132.48131925,17.810499999999998,0.0622665640613006,W1
QSO_209.3291474-26.6131481,60335.21846140001,17.786,0.0426226231008835,W1
QSO_209.3291474-26.6131481,60497.30361100002,17.738,0.0,W1
QSO_209.3291474-26.6131481,55222.725126999976,18.1905,0.0704509820933317,W2
QSO_209.3291474-26.6131481,55402.34248475001,18.468000000000004,0.0805876068325646,W2
QSO_209.3291474-26.6131481,55589.318425000034,18.283,0.0920946248261809,W2
QSO_209.3291474-26.6131481,56687.08104649997,18.233,0.0611788968670977,W2
QSO_209.3291474-26.6131481,56864.377314500016,18.28,0.125902526043523,W2
QSO_209.3291474-26.6131481,57049.56544993479,18.22,0.0951042556589575,W2
QSO_209.3291474-26.6131481,57223.16606254629,17.973,0.1583160383536678,W2
QSO_209.3291474-26.6131481,57412.74548116507,17.983999999999998,0.2420809475881683,W2
QSO_209.3291474-26.6131481,57585.30922167908,18.2285,0.0802023807314971,W2
QSO_209.3291474-26.6131481,57780.87987749996,18.0,0.0755437388635319,W2
QSO_209.3291474-26.6131481,57945.73566800002,18.2155,0.0557521019783112,W2
QSO_209.3291474-26.6131481,58144.615590499976,18.295,0.0635150306784548,W2
QSO_209.3291474-26.6131481,58306.24324799999,18.164,0.0924744459196603,W2
QSO_209.3291474-26.6131481,58508.66516700008,17.8815,0.0632064449838782,W2
QSO_209.3291474-26.6131481,58670.07006499999,18.14,0.0730735613636723,W2
QSO_209.3291474-26.6131481,58875.47160879998,17.95,0.0748911746913293,W2
QSO_209.3291474-26.6131481,59037.16625469999,18.1545,0.1213555597201877,W2
QSO_209.3291474-26.6131481,59240.35990799998,18.2465,0.1089832853307401,W2
QSO_209.3291474-26.6131481,59401.66715024997,18.1395,0.1481388706585818,W2
QSO_209.3291474-26.6131481,59607.17627575001,18.167,0.0733061857894678,W2
QSO_209.3291474-26.6131481,59765.595054000034,18.085,0.1294537446349082,W2
QSO_209.3291474-26.6131481,59971.009461999965,18.173,0.0929489028567526,W2
QSO_209.3291474-26.6131481,60132.48131925,17.8785,0.2548976510288003,W2
QSO_209.3291474-26.6131481,60335.21846140001,18.18,0.112566638041651,W2
QSO_209.3291474-26.6131481,60497.30361100002,17.941,0.0,W2
QSO_209.2887828-26.8192864,55222.791301500016,17.47,0.0427308544956209,W1
QSO_209.2887828-26.8192864,55402.30939750003,17.409,0.0122090838474908,W1
QSO_209.2887828-26.8192864,55589.31847974996,17.4725,0.0854363798390357,W1
QSO_209.2887828-26.8192864,56687.1468925,17.355,0.0354157317089192,W1
QSO_209.2887828-26.8192864,56864.41020100004,17.36,0.0330288403804157,W1
QSO_209.2887828-26.8192864,57049.63109518895,17.424,0.0162790663122921,W1
QSO_209.2887828-26.8192864,57223.264357052445,17.3525,0.019783199943387,W1
QSO_209.2887828-26.8192864,57412.67989396089,17.476,0.0604158429062613,W1
QSO_209.2887828-26.8192864,57585.44045098743,17.344,0.0113137084989847,W1
QSO_209.2887828-26.8192864,57780.87987749996,17.371000000000002,0.0395755255457484,W1
QSO_209.2887828-26.8192864,57945.73566800002,17.4315,0.057167517000478,W1
QSO_209.2887828-26.8192864,58144.811814500026,17.352,0.0258574554045834,W1
QSO_209.2887828-26.8192864,58306.30865600001,17.351,0.0373956147161669,W1
QSO_209.2887828-26.8192864,58508.59983200004,17.436,0.0460464969718862,W1
QSO_209.2887828-26.8192864,58670.10236749997,17.372999999999998,0.0714509062223843,W1
QSO_209.2887828-26.8192864,58875.47160879998,17.35,0.036511380866582,W1
QSO_209.2887828-26.8192864,59037.231787,17.451,0.0203029061959117,W1
QSO_209.2887828-26.8192864,59240.35996275006,17.377499999999998,0.0216600150046116,W1
QSO_209.2887828-26.8192864,59401.83028699996,17.221,0.0,W1
QSO_209.2887828-26.8192864,59607.24162900003,17.534,0.0642607535315642,W1
QSO_209.2887828-26.8192864,59765.595054000034,17.387,0.0563158237087941,W1
QSO_209.2887828-26.8192864,59970.97695875003,17.421999999999997,0.0354304874993903,W1
QSO_209.2887828-26.8192864,60132.48117325005,17.5095,0.0588653123664523,W1
QSO_209.2887828-26.8192864,60335.25074259998,17.415,0.0143090880212547,W1
QSO_209.2887828-26.8192864,60496.88768860004,17.535,0.0410121933088196,W1
QSO_209.2887828-26.8192864,55222.791301500016,18.233,0.0812944655155367,W2
QSO_209.2887828-26.8192864,55402.30939750003,18.378,0.1162356883825802,W2
QSO_209.2887828-26.8192864,55589.31847974996,18.1005,0.0651085631848841,W2
QSO_209.2887828-26.8192864,56687.1468925,18.066,0.0608221610678865,W2
QSO_209.2887828-26.8192864,56864.41020100004,18.167,0.0944508800911883,W2
QSO_209.2887828-26.8192864,57049.63109518895,18.117,0.1121773595695673,W2
QSO_209.2887828-26.8192864,57223.264357052445,18.373,0.096005401082632,W2
QSO_209.2887828-26.8192864,57412.67989396089,18.03,0.1527032949752444,W2
QSO_209.2887828-26.8192864,57585.44045098743,18.113,0.0509116882454308,W2
QSO_209.2887828-26.8192864,57780.87987749996,18.079,0.079665068556728,W2
QSO_209.2887828-26.8192864,57945.73566800002,18.206,0.1194457905285909,W2
QSO_209.2887828-26.8192864,58144.811814500026,18.16,0.0919036887181362,W2
QSO_209.2887828-26.8192864,58306.30865600001,18.117,0.1577779705789121,W2
QSO_209.2887828-26.8192864,58508.59983200004,17.836,0.0710180858170617,W2
QSO_209.2887828-26.8192864,58670.10236749997,18.169,0.1625328520638215,W2
QSO_209.2887828-26.8192864,58875.47160879998,18.173,0.0788707508273937,W2
QSO_209.2887828-26.8192864,59037.231787,18.047,0.1167400531094621,W2
QSO_209.2887828-26.8192864,59240.35996275006,18.309,0.0898928072588401,W2
QSO_209.2887828-26.8192864,59401.83028699996,17.785999999999998,0.0,W2
QSO_209.2887828-26.8192864,59607.24162900003,17.8995,0.127220718089119,W2
QSO_209.2887828-26.8192864,59765.595054000034,18.204,0.1040758953840896,W2
QSO_209.2887828-26.8192864,59970.97695875003,18.0195,0.1480076480756618,W2
QSO_209.2887828-26.8192864,60132.48117325005,18.281,0.226846692448887,W2
QSO_209.2887828-26.8192864,60335.25074259998,17.889,0.1427175422819491,W2
QSO_209.2887828-26.8192864,60496.88768860004,17.962,0.2983990616607234,W2
QSO_209.3479122-26.834213,55222.82438875,18.52,0.0733827588529826,W1
QSO_209.3479122-26.834213,55402.37542600004,18.441000000000003,0.0952626000220597,W1
QSO_209.3479122-26.834213,55589.38452650002,18.698,0.0996383861772163,W1
QSO_209.3479122-26.834213,56687.1468925,18.35,0.1697281050080683,W1
QSO_209.3479122-26.834213,56864.47591925001,18.438,0.0896944659509282,W1
QSO_209.3479122-26.834213,57049.63109518895,18.467,0.0858323085159965,W1
QSO_209.3479122-26.834213,57223.29718880459,18.268,0.183140656327316,W1
QSO_209.3479122-26.834213,57412.54853655257,18.3475,0.010960155108391,W1
QSO_209.3479122-26.834213,57585.276354877016,18.267,0.0,W1
QSO_209.3479122-26.834213,57780.84717349999,18.297,0.1116490035781786,W1
QSO_209.3479122-26.834213,57945.931873750014,18.4075,0.059043416229076,W1
QSO_209.3479122-26.834213,58144.811814500026,18.556,0.3004708650447506,W1
QSO_209.3479122-26.834213,58306.30840049997,18.28,0.0722230702407478,W1
QSO_209.3479122-26.834213,58512.000299749976,18.916,0.0275771644662751,W1
QSO_209.3479122-26.834213,58670.1025135,18.617,0.0834270584047768,W1
QSO_209.3479122-26.834213,58875.53719599999,18.454,0.0917500630739514,W1
QSO_209.3479122-26.834213,59037.10072239997,18.201,0.0673305830021353,W1
QSO_209.3479122-26.834213,59240.490577999975,18.7615,0.1629881130634999,W1
QSO_209.3479122-26.834213,59607.43754274996,18.6005,0.0930863174693251,W1
QSO_209.3479122-26.834213,59765.595054000034,18.145,0.1613445817933598,W1
QSO_209.3479122-26.834213,59971.10706300004,18.368,0.0538195770607683,W1
QSO_209.3479122-26.834213,60132.7728265,18.544,0.0718924093247585,W1
QSO_209.3479122-26.834213,60335.54152959998,18.318,0.0,W1
QSO_209.3479122-26.834213,60496.47176619997,18.096,0.0,W1
QSO_209.3479122-26.834213,55222.82438875,18.2935,0.0697120752631849,W2
QSO_209.3479122-26.834213,55402.37542600004,18.54,0.0908359591118189,W2
QSO_209.3479122-26.834213,55589.38452650002,18.406,0.0682768481990786,W2
QSO_209.3479122-26.834213,56687.1468925,18.248,0.0132021322632477,W2
QSO_209.3479122-26.834213,56864.47591925001,18.358,0.0872587679983655,W2
QSO_209.3479122-26.834213,57049.63109518895,18.075,0.0711498158556739,W2
QSO_209.3479122-26.834213,57223.29718880459,18.304,0.3153696244091999,W2
QSO_209.3479122-26.834213,57412.54853655257,18.6535,0.0328804653251744,W2
QSO_209.3479122-26.834213,57585.276354877016,18.187,0.0,W2
QSO_209.3479122-26.834213,57780.84717349999,18.3255,0.0657299161341313,W2
QSO_209.3479122-26.834213,57945.931873750014,18.193,0.093338095116624,W2
QSO_209.3479122-26.834213,58144.811814500026,18.094,0.1014038497333355,W2
QSO_209.3479122-26.834213,58306.30840049997,18.331000000000003,0.1906309835126491,W2
QSO_209.3479122-26.834213,58512.000299749976,18.518,0.0127279220613583,W2
QSO_209.3479122-26.834213,58670.1025135,18.3145,0.1607920499693103,W2
QSO_209.3479122-26.834213,58875.53719599999,18.181,0.0951244798496517,W2
QSO_209.3479122-26.834213,59037.10072239997,17.955,0.1464622312583872,W2
QSO_209.3479122-26.834213,59240.490577999975,18.4875,0.2414769657752059,W2
QSO_209.3479122-26.834213,59607.43754274996,18.4625,0.1491523445172755,W2
QSO_209.3479122-26.834213,59765.595054000034,18.423,0.0862880619183763,W2
QSO_209.3479122-26.834213,59971.10706300004,18.378,0.1318870255180547,W2
QSO_209.3479122-26.834213,60132.7728265,18.493,0.2147004804286574,W2
QSO_209.3479122-26.834213,60335.54152959998,18.428,0.0,W2
QSO_209.3479122-26.834213,60496.47176619997,17.669,0.0,W2
QSO_209.2992335-26.8051747,55222.75821425004,17.563000000000002,0.0340587440589782,W1
QSO_209.2992335-26.8051747,55402.34241175003,17.536,0.0341362161054796,W1
QSO_209.2992335-26.8051747,55589.31847974996,17.603,0.1135445947634672,W1
QSO_209.2992335-26.8051747,56687.31148924999,17.6115,0.0424744476562522,W1
QSO_209.2992335-26.8051747,56864.41020100004,17.517,0.0516677335239315,W1
QSO_209.2992335-26.8051747,57049.63109518895,17.597,0.0779130797748363,W1
QSO_209.2992335-26.8051747,57223.264357052445,17.5825,0.0491141904514745,W1
QSO_209.2992335-26.8051747,57412.67989396089,17.536,0.0590273006516657,W1
QSO_209.2992335-26.8051747,57585.44045098743,17.7695,0.1686449673129917,W1
QSO_209.2992335-26.8051747,57780.87987749996,17.508000000000003,0.049086469433862,W1
QSO_209.2992335-26.8051747,57945.73566800002,17.5135,0.0445322916544832,W1
QSO_209.2992335-26.8051747,58144.811814500026,17.592,0.0344982318387481,W1
QSO_209.2992335-26.8051747,58306.30865600001,17.525,0.0573250381596037,W1
QSO_209.2992335-26.8051747,58508.59983200004,17.698999999999998,0.0355122448393181,W1
QSO_209.2992335-26.8051747,58670.07006499999,17.5685,0.0559490560688912,W1
QSO_209.2992335-26.8051747,58875.47160879998,17.555999999999997,0.065714818098997,W1
QSO_209.2992335-26.8051747,59037.231787,17.641,0.0565279399943068,W1
QSO_209.2992335-26.8051747,59240.392612000025,17.494999999999997,0.0363964604317725,W1
QSO_209.2992335-26.8051747,59401.83028699996,17.785,0.0,W1
QSO_209.2992335-26.8051747,59607.24162900003,17.5765,0.0736498127755595,W1
QSO_209.2992335-26.8051747,59765.595054000034,17.672,0.0665948946992185,W1
QSO_209.2992335-26.8051747,59970.97695875003,17.658,0.0580333556704278,W1
QSO_209.2992335-26.8051747,60132.48117325005,17.5515,0.0562394434538604,W1
QSO_209.2992335-26.8051747,60335.25074259998,17.6285,0.0873792023309895,W1
QSO_209.2992335-26.8051747,60497.30361100002,17.521,0.0,W1
QSO_209.2992335-26.8051747,55222.75821425004,18.3365,0.1361573007476096,W2
QSO_209.2992335-26.8051747,55402.34241175003,18.4055,0.0793514605843836,W2
QSO_209.2992335-26.8051747,55589.31847974996,18.2975,0.0457363367575498,W2
QSO_209.2992335-26.8051747,56687.31148924999,17.95,0.0817933541174208,W2
QSO_209.2992335-26.8051747,56864.41020100004,18.348,0.0899979057916069,W2
QSO_209.2992335-26.8051747,57049.63109518895,18.333,0.2299111132590159,W2
QSO_209.2992335-26.8051747,57223.264357052445,18.141,0.059751646498312,W2
QSO_209.2992335-26.8051747,57412.67989396089,17.991,0.1882575068593251,W2
QSO_209.2992335-26.8051747,57585.44045098743,18.249,0.1117228714274741,W2
QSO_209.2992335-26.8051747,57780.87987749996,18.09,0.0959122139134417,W2
QSO_209.2992335-26.8051747,57945.73566800002,18.285,0.1181275793369188,W2
QSO_209.2992335-26.8051747,58144.811814500026,17.788999999999998,0.0808972681862621,W2
QSO_209.2992335-26.8051747,58306.30865600001,17.944,0.2209415126226852,W2
QSO_209.2992335-26.8051747,58508.59983200004,17.746,0.0563960898506033,W2
QSO_209.2992335-26.8051747,58670.07006499999,17.7925,0.1588460339448238,W2
QSO_209.2992335-26.8051747,58875.47160879998,18.273,0.1210611969669832,W2
QSO_209.2992335-26.8051747,59037.231787,18.3,0.1074570053556304,W2
QSO_209.2992335-26.8051747,59240.392612000025,18.136,0.0919802716367503,W2
QSO_209.2992335-26.8051747,59401.83028699996,17.320999999999998,0.0,W2
QSO_209.2992335-26.8051747,59607.24162900003,18.2385,0.0637739997716545,W2
QSO_209.2992335-26.8051747,59765.595054000034,18.37,0.1096246687566264,W2
QSO_209.2992335-26.8051747,59970.97695875003,18.045,0.0760981639433932,W2
QSO_209.2992335-26.8051747,60132.48117325005,18.2255,0.0818385415009337,W2
QSO_209.2992335-26.8051747,60335.25074259998,18.2805,0.0948989594252754,W2
QSO_209.2992335-26.8051747,60497.30361100002,17.942999999999998,0.0,W2
QSO_209.0184413-26.6293736,55222.592924,17.958,0.0378155720928746,W1
QSO_209.0184413-26.6293736,55402.17719449997,17.794,0.0640327848126583,W1
QSO_209.0184413-26.6293736,55589.05418325001,18.012500000000003,0.0307591449816147,W1
QSO_209.0184413-26.6293736,56686.94939100002,17.634999999999998,0.052269095161844,W1
QSO_209.0184413-26.6293736,56864.24584150004,17.887,0.0571902354608723,W1
QSO_209.0184413-26.6293736,57049.368477672295,17.853,0.0181209271285988,W1
QSO_209.0184413-26.6293736,57222.93662353179,17.8975,0.0606609047935354,W1
QSO_209.0184413-26.6293736,57412.54853655257,17.813499999999998,0.1438962299714624,W1
QSO_209.0184413-26.6293736,57584.94819925623,18.273,0.1375960270744281,W1
QSO_209.0184413-26.6293736,57780.323581,17.791,0.037850249661223,W1
QSO_209.0184413-26.6293736,57945.60477899993,18.038,0.0967609005487235,W1
QSO_209.0184413-26.6293736,58144.35395849999,17.79,0.0609401649464762,W1
QSO_209.0184413-26.6293736,58305.58931400002,17.86,0.0699401660146544,W1
QSO_209.0184413-26.6293736,58508.33819999997,17.863999999999997,0.0878438848466772,W1
QSO_209.0184413-26.6293736,58669.71068599998,17.999000000000002,0.1059491953721219,W1
QSO_209.0184413-26.6293736,58875.34054420002,17.912,0.09127032376408,W1
QSO_209.0184413-26.6293736,59037.03513520004,17.878,0.0881173460033076,W1
QSO_209.0184413-26.6293736,59240.09858624994,17.887999999999998,0.0261778107903958,W1
QSO_209.0184413-26.6293736,59401.43845950002,17.802999999999997,0.0611052522444005,W1
QSO_209.0184413-26.6293736,59607.04573349999,17.709,0.0761967978329797,W1
QSO_209.0184413-26.6293736,59765.33424325,17.79,0.0098994949366124,W1
QSO_209.0184413-26.6293736,59970.81425999997,17.872,0.0613481200749845,W1
QSO_209.0184413-26.6293736,60132.15714450007,17.871499999999997,0.0511443581479947,W1
QSO_209.0184413-26.6293736,60334.6693333,17.948,0.0915273183262793,W1
QSO_209.0184413-26.6293736,60496.311641200016,18.1305,0.0152027957955105,W1
QSO_209.0184413-26.6293736,55222.592924,18.341,0.0620717162577585,W2
QSO_209.0184413-26.6293736,55402.17719449997,18.279,0.0587871471446791,W2
QSO_209.0184413-26.6293736,55589.05418325001,18.173,0.0919238815542517,W2
QSO_209.0184413-26.6293736,56686.94939100002,18.254,0.0634283875709782,W2
QSO_209.0184413-26.6293736,56864.24584150004,18.213,0.0790633211189342,W2
QSO_209.0184413-26.6293736,57049.368477672295,18.308,0.0851361262919566,W2
QSO_209.0184413-26.6293736,57222.93662353179,18.326,0.1210798060968236,W2
QSO_209.0184413-26.6293736,57412.54853655257,18.1965,0.0187383297014425,W2
QSO_209.0184413-26.6293736,57584.94819925623,18.014,0.0537738749731662,W2
QSO_209.0184413-26.6293736,57780.323581,18.267,0.0724258543144494,W2
QSO_209.0184413-26.6293736,57945.60477899993,18.4305,0.0482899769620982,W2
QSO_209.0184413-26.6293736,58144.35395849999,17.8175,0.1306221579524246,W2
QSO_209.0184413-26.6293736,58305.58931400002,18.158,0.1392803661976923,W2
QSO_209.0184413-26.6293736,58508.33819999997,18.091,0.1306060999830013,W2
QSO_209.0184413-26.6293736,58669.71068599998,18.03,0.1538364326159444,W2
QSO_209.0184413-26.6293736,58875.34054420002,18.029,0.0889473552164429,W2
QSO_209.0184413-26.6293736,59037.03513520004,17.844,0.0808212476646709,W2
QSO_209.0184413-26.6293736,59240.09858624994,18.2005,0.0656224117655388,W2
QSO_209.0184413-26.6293736,59401.43845950002,18.349,0.0757398080174396,W2
QSO_209.0184413-26.6293736,59607.04573349999,18.331,0.1568957870689966,W2
QSO_209.0184413-26.6293736,59765.33424325,18.2275,0.091570328163658,W2
QSO_209.0184413-26.6293736,59970.81425999997,17.939,0.1405317473443698,W2
QSO_209.0184413-26.6293736,60132.15714450007,18.0775,0.1311778725977033,W2
QSO_209.0184413-26.6293736,60334.6693333,18.2895,0.1588517390524887,W2
QSO_209.0184413-26.6293736,60496.311641200016,17.797,0.0982878425849296,W2
QSO_209.1249758-26.5650501,55222.658952500016,17.762,0.0461431243921497,W1
QSO_209.1249758-26.5650501,55402.24333249999,17.787,0.0283539261887219,W1
QSO_209.1249758-26.5650501,55589.05412849993,17.761000000000003,0.0453141810033015,W1
QSO_209.1249758-26.5650501,56686.98229575002,17.7135,0.0443444437049333,W1
QSO_209.1249758-26.5650501,56864.18017799998,17.685000000000002,0.0322523911555993,W1
QSO_209.1249758-26.5650501,57049.434141176425,17.716,0.0901895124066438,W1
QSO_209.1249758-26.5650501,57222.9694370338,17.749000000000002,0.028454876559212,W1
QSO_209.1249758-26.5650501,57412.71268756298,17.869500000000002,0.1021769298814553,W1
QSO_209.1249758-26.5650501,57585.34208848114,17.789,0.0414414285468057,W1
QSO_209.1249758-26.5650501,57780.25806349998,17.734,0.0755352137292237,W1
QSO_209.1249758-26.5650501,57945.70296399997,17.759,0.0687739183982705,W1
QSO_209.1249758-26.5650501,58144.55018250004,17.747,0.0285155576175371,W1
QSO_209.1249758-26.5650501,58306.04665899999,17.756999999999998,0.0619584644092583,W1
QSO_209.1249758-26.5650501,58508.53442400002,17.771,0.0491419079167936,W1
QSO_209.1249758-26.5650501,58669.84144724993,17.744,0.073274739849419,W1
QSO_209.1249758-26.5650501,58875.40613139996,17.7,0.0578649462109835,W1
QSO_209.1249758-26.5650501,59037.03528159999,17.892,0.0476889924406047,W1
QSO_209.1249758-26.5650501,59240.19664350001,17.637,0.0562949376054365,W1
QSO_209.1249758-26.5650501,59401.50381274995,17.8885,0.0371231060122951,W1
QSO_209.1249758-26.5650501,59607.07836449998,17.758000000000003,0.0488765984393351,W1
QSO_209.1249758-26.5650501,59765.39908550002,17.872,0.0529178258840664,W1
QSO_209.1249758-26.5650501,59970.81425999997,17.701,0.0567218161864276,W1
QSO_209.1249758-26.5650501,60132.18966599998,17.689,0.0304118397996572,W1
QSO_209.1249758-26.5650501,60335.12147139996,17.807000000000002,0.1097428813181068,W1
QSO_209.1249758-26.5650501,60496.53581620001,17.662,0.0,W1
QSO_209.1249758-26.5650501,55222.658952500016,18.317,0.0981584760464072,W2
QSO_209.1249758-26.5650501,55402.24333249999,18.242,0.1069127947395086,W2
QSO_209.1249758-26.5650501,55589.05412849993,18.318,0.0680036763712081,W2
QSO_209.1249758-26.5650501,56686.98229575002,18.272,0.0704859804322816,W2
QSO_209.1249758-26.5650501,56864.18017799998,18.137,0.0730134625014262,W2
QSO_209.1249758-26.5650501,57049.434141176425,18.178,0.0856914415105042,W2
QSO_209.1249758-26.5650501,57222.9694370338,18.445,0.1424002808985993,W2
QSO_209.1249758-26.5650501,57412.71268756298,18.4085,0.0371231060122926,W2
QSO_209.1249758-26.5650501,57585.34208848114,17.942,0.1355490759835717,W2
QSO_209.1249758-26.5650501,57780.25806349998,18.161,0.1111231817220645,W2
QSO_209.1249758-26.5650501,57945.70296399997,18.278,0.1490461027358338,W2
QSO_209.1249758-26.5650501,58144.55018250004,18.277,0.1528456223009338,W2
QSO_209.1249758-26.5650501,58306.04665899999,18.149,0.0740224534527216,W2
QSO_209.1249758-26.5650501,58508.53442400002,17.787,0.1388985828816503,W2
QSO_209.1249758-26.5650501,58669.84144724993,18.2005,0.121942865719976,W2
QSO_209.1249758-26.5650501,58875.40613139996,18.367,0.0602346079924155,W2
QSO_209.1249758-26.5650501,59037.03528159999,18.04,0.1095659071061799,W2
QSO_209.1249758-26.5650501,59240.19664350001,18.207,0.0718138705265217,W2
QSO_209.1249758-26.5650501,59401.50381274995,18.285,0.0544472221513641,W2
QSO_209.1249758-26.5650501,59607.07836449998,18.2685,0.1814264658201775,W2
QSO_209.1249758-26.5650501,59765.39908550002,18.267,0.1275881684982615,W2
QSO_209.1249758-26.5650501,59970.81425999997,18.265,0.1107111388624539,W2
QSO_209.1249758-26.5650501,60132.18966599998,18.408,0.1091782395901308,W2
QSO_209.1249758-26.5650501,60335.12147139996,18.364,0.1376573531454099,W2
QSO_209.1249758-26.5650501,60496.53581620001,18.396,0.0,W2
